10.2	6.791	6.781	6.769	1.118	1.118	1.118
15	3.678	3.672	3.668	1.359	1.359	1.359
16.7	3.047	3.043	3.04	1.403	1.403	1.402
20	2.178	2.175	2.173	1.46	1.46	1.459
21.2	1.942	1.94	1.938	1.475	1.475	1.474
25	1.38	1.378	1.377	1.507	1.507	1.506
26.8	1.184	1.183	1.182	1.517	1.517	1.516
30	0.9143	0.913	0.9127	1.528	1.528	1.527
35	0.6277	0.627	0.6269	1.534	1.534	1.534
40	0.4446	0.4442	0.4442	1.532	1.532	1.531
40.8	0.4218	0.4214	0.4215	1.531	1.531	1.53
45	0.3239	0.3235	0.3236	1.524	1.523	1.523
50	0.2418	0.2416	0.2416	1.512	1.511	1.511
55	0.1845	0.1844	0.1845	1.497	1.496	1.496
60	0.1436	0.1436	0.1437	1.48	1.479	1.479
65	0.1137	0.1138	0.1138	1.461	1.46	1.46
70	0.09151	0.09151	0.09154	1.441	1.44	1.44
75	0.07455	0.07459	0.07461	1.42	1.419	1.419
80	0.06145	0.06151	0.06153	1.398	1.398	1.398
85	0.05122	0.05126	0.05127	1.376	1.376	1.376
90	0.04303	0.0431	0.04311	1.353	1.353	1.353
95	0.03648	0.03655	0.03655	1.33	1.33	1.33
100	0.03118	0.03121	0.03121	1.308	1.308	1.308
105	0.0268	0.02684	0.02684	1.285	1.285	1.285
110	0.02318	0.02322	0.02322	1.263	1.263	1.263
115	0.02018	0.0202	0.0202	1.241	1.241	1.241
120	0.01764	0.01767	0.01766	1.219	1.219	1.219
125	0.01548	0.01553	0.01552	1.198	1.198	1.198
130	0.01368	0.01371	0.01371	1.178	1.178	1.178
132.3	0.01295	0.01297	0.01296	1.169	1.169	1.169
135	0.01215	0.01216	0.01216	1.158	1.158	1.158
140	0.01082	0.01083	0.01083	1.139	1.139	1.139
145	0.009676	0.009688	0.009679	1.121	1.121	1.121
150	0.0087	0.008696	0.008687	1.103	1.103	1.103
151.4	0.008449	0.008442	0.008434	1.098	1.098	1.098
155	0.007839	0.007833	0.007825	1.086	1.086	1.086
160	0.007074	0.007081	0.007073	1.07	1.07	1.07
165	0.006411	0.006422	0.006415	1.054	1.054	1.054
170	0.00584	0.005842	0.005835	1.039	1.039	1.039
175	0.005333	0.005331	0.005324	1.025	1.024	1.024
180	0.004878	0.004877	0.004871	1.011	1.01	1.01
185	0.004479	0.004474	0.004469	0.9977	0.997	0.9971
190	0.004129	0.004114	0.004109	0.9849	0.9841	0.9841
195	0.003811	0.003792	0.003788	0.9722	0.9716	0.9717
200	0.003515	0.003503	0.003499	0.9597	0.9596	0.9596
205	0.003246	0.003242	0.003239	0.9481	0.9479	0.948
210	0.003008	0.003007	0.003004	0.937	0.9366	0.9367
215	0.002797	0.002794	0.002791	0.9263	0.9256	0.9257
220	0.002604	0.0026	0.002597	0.9157	0.9149	0.9151
225	0.002427	0.002424	0.002421	0.9056	0.9045	0.9047
230	0.002269	0.002262	0.00226	0.896	0.8944	0.8945
235	0.002128	0.002115	0.002113	0.8864	0.8845	0.8847
240	0.001998	0.001979	0.001977	0.8761	0.8748	0.875
245	0.00187	0.001854	0.001853	0.8654	0.8653	0.8656
250	0.001748	0.001739	0.001739	0.8552	0.8561	0.8564
255	0.001636	0.001633	0.001633	0.846	0.847	0.8473
260	0.001535	0.001536	0.001535	0.8376	0.8382	0.8385
265	0.001445	0.001445	0.001445	0.8294	0.8295	0.8298
270	0.001361	0.001361	0.001361	0.8214	0.8211	0.8213
275	0.001284	0.001283	0.001283	0.8139	0.8127	0.813
280	0.001215	0.001211	0.001211	0.8067	0.8045	0.8048
285	0.001153	0.001144	0.001143	0.7991	0.7964	0.7968
290	0.001094	0.001081	0.001081	0.7901	0.7885	0.7889
295	0.001034	0.001022	0.001022	0.7797	0.7807	0.7812
300	0.000973	0.000967	0.0009674	0.7694	0.7732	0.7736
305	0.0009152	0.0009159	0.0009163	0.7608	0.7658	0.7662
320	0.0007777	0.0007816	0.0007818	0.7433	0.7444	0.7446
340	0.0006419	0.0006381	0.0006382	0.7193	0.7173	0.7176
360	0.0005233	0.0005256	0.0005259	0.6842	0.6922	0.6924
380	0.0004341	0.0004368	0.0004369	0.6677	0.6688	0.6688
400	0.0003657	0.0003658	0.0003658	0.6484	0.6469	0.6468
420	0.0003075	0.0003085	0.0003085	0.6202	0.6265	0.6264
440	0.0002602	0.0002621	0.000262	0.6076	0.6079	0.6076
460	0.0002229	0.000224	0.0002239	0.5922	0.5907	0.5904
480	0.0001938	0.0001927	0.0001926	0.5773	0.5749	0.5748
500	0.0001657	0.0001668	0.0001667	0.5596	0.5609	0.5606
520	0.000145	0.0001452	0.0001451	0.5493	0.5481	0.5479
540	0.0001273	0.0001271	0.000127	0.5451	0.5365	0.5364
560	0.0001124	0.0001117	0.0001117	0.5278	0.5257	0.5259
580	9.913e-05	9.873e-05	9.868e-05	0.5224	0.5158	0.5161
600	8.785e-05	8.759e-05	8.756e-05	0.5072	0.5064	0.5068
620	7.875e-05	7.8e-05	7.798e-05	0.5081	0.4972	0.4978
640	7.024e-05	6.967e-05	6.968e-05	0.4869	0.4881	0.4888
660	6.286e-05	6.242e-05	6.244e-05	0.4818	0.4791	0.4797
680	5.607e-05	5.607e-05	5.61e-05	0.4602	0.4699	0.4705
700	5.048e-05	5.05e-05	5.052e-05	0.4614	0.4607	0.461
720	4.564e-05	4.557e-05	4.559e-05	0.4434	0.4509	0.4513
740	4.11e-05	4.121e-05	4.122e-05	0.4395	0.4411	0.4412
760	3.743e-05	3.733e-05	3.734e-05	0.4235	0.4309	0.431
780	3.361e-05	3.388e-05	3.389e-05	0.4145	0.4208	0.4206
800	3.101e-05	3.08e-05	3.081e-05	0.408	0.4103	0.4101
850	2.433e-05	2.445e-05	2.445e-05	0.365	0.3851	0.384
900	1.928e-05	1.963e-05	1.961e-05	0.3388	0.3616	0.3593
950	1.576e-05	1.592e-05	1.589e-05	0.3395	0.34	0.3371
1000	1.328e-05	1.303e-05	1.301e-05	0.3327	0.32	0.3181
1041	1.124e-05	1.114e-05	1.112e-05	0.2973	0.3068	0.305
1050	1.07e-05	1.078e-05	1.076e-05	0.274	0.3044	0.3024
1100	8.768e-06	9.015e-06	8.988e-06	0.2711	0.2928	0.2898
1150	7.891e-06	7.607e-06	7.578e-06	0.3746	0.2809	0.2793
1200	7.227e-06	6.439e-06	6.439e-06	0.3316	0.2663	0.2699
1250	5.111e-06	5.503e-06	5.507e-06	0.1427	0.2593	0.2605
1253.6	5.037e-06	5.444e-06	5.446e-06	0.1466	0.2589	0.2598
1300	4.826e-06	4.742e-06	4.735e-06	0.3475	0.25	0.2503
1350	4.317e-06	4.085e-06	4.089e-06	0.3007	0.2349	0.2389
1400	3.552e-06	3.534e-06	3.544e-06	0.1859	0.2213	0.2265
1450	2.937e-06	3.074e-06	3.084e-06	0.1061	0.2096	0.2136
1486.6	2.722e-06	2.785e-06	2.791e-06	0.1814	0.2015	0.2039
1500	2.628e-06	2.687e-06	2.693e-06	0.168	0.1981	0.2004
