16.7	11.25	11.25	11.25	0.8037	0.8037	0.8047
20	10.1	10.1	10.1	1.017	1.017	1.017
21.2	9.664	9.664	9.664	1.071	1.071	1.071
25	8.339	8.338	8.339	1.199	1.199	1.198
26.8	7.758	7.758	7.759	1.243	1.243	1.242
30	6.81	6.809	6.81	1.305	1.305	1.304
35	5.534	5.533	5.534	1.374	1.374	1.373
40	4.485	4.484	4.485	1.42	1.42	1.42
40.8	4.336	4.335	4.336	1.426	1.426	1.426
45	3.634	3.633	3.634	1.453	1.453	1.452
50	2.951	2.95	2.951	1.476	1.476	1.475
55	2.407	2.406	2.407	1.493	1.492	1.492
60	1.975	1.975	1.975	1.504	1.503	1.503
65	1.633	1.632	1.633	1.511	1.51	1.51
70	1.36	1.36	1.36	1.514	1.514	1.513
75	1.142	1.142	1.142	1.515	1.515	1.515
80	0.9665	0.9666	0.967	1.514	1.514	1.514
85	0.8243	0.8244	0.8248	1.512	1.512	1.511
90	0.7081	0.7082	0.7085	1.508	1.507	1.507
95	0.6124	0.6125	0.6128	1.502	1.502	1.502
100	0.5329	0.533	0.5333	1.496	1.496	1.495
105	0.4664	0.4666	0.4668	1.488	1.488	1.488
110	0.4104	0.4105	0.4107	1.48	1.48	1.48
115	0.3629	0.363	0.3631	1.471	1.471	1.471
120	0.3223	0.3224	0.3225	1.462	1.462	1.462
125	0.2874	0.2875	0.2876	1.452	1.452	1.452
130	0.2572	0.2573	0.2574	1.442	1.442	1.442
132.3	0.2447	0.2448	0.2449	1.437	1.437	1.437
135	0.231	0.2311	0.2312	1.432	1.431	1.431
140	0.2082	0.2083	0.2083	1.421	1.421	1.421
145	0.1881	0.1882	0.1883	1.41	1.41	1.41
150	0.1705	0.1706	0.1706	1.399	1.399	1.399
151.4	0.1659	0.166	0.1661	1.396	1.396	1.396
155	0.1548	0.155	0.155	1.388	1.388	1.388
160	0.141	0.1412	0.1412	1.377	1.377	1.376
165	0.1287	0.1289	0.1289	1.365	1.365	1.365
170	0.1178	0.1179	0.1179	1.354	1.354	1.354
175	0.108	0.1081	0.1081	1.343	1.343	1.343
180	0.09925	0.09934	0.09933	1.332	1.332	1.332
185	0.09137	0.09144	0.09144	1.321	1.321	1.321
190	0.08428	0.08433	0.08432	1.31	1.31	1.31
195	0.07787	0.07792	0.07791	1.3	1.3	1.3
200	0.07208	0.07212	0.07211	1.289	1.289	1.289
205	0.06682	0.06686	0.06685	1.279	1.279	1.279
210	0.06206	0.06209	0.06208	1.268	1.269	1.268
215	0.05773	0.05775	0.05774	1.258	1.258	1.258
220	0.05378	0.0538	0.05379	1.248	1.248	1.248
225	0.05019	0.0502	0.05018	1.238	1.239	1.239
230	0.0469	0.0469	0.04688	1.229	1.229	1.229
235	0.04389	0.04388	0.04387	1.219	1.219	1.219
240	0.04113	0.04111	0.0411	1.21	1.21	1.21
245	0.03858	0.03857	0.03855	1.201	1.201	1.201
250	0.03624	0.03623	0.03621	1.192	1.192	1.192
255	0.03408	0.03407	0.03406	1.183	1.183	1.183
260	0.03208	0.03208	0.03207	1.174	1.174	1.174
265	0.03024	0.03024	0.03023	1.165	1.165	1.165
270	0.02853	0.02854	0.02853	1.156	1.156	1.156
275	0.02695	0.02696	0.02695	1.148	1.148	1.148
280	0.02549	0.02549	0.02548	1.14	1.14	1.14
285	0.02413	0.02413	0.02412	1.131	1.131	1.131
290	0.02287	0.02286	0.02285	1.123	1.123	1.123
295	0.02169	0.02168	0.02166	1.115	1.115	1.115
300	0.02059	0.02057	0.02056	1.107	1.107	1.107
305	0.01956	0.01954	0.01953	1.099	1.099	1.099
310	0.01859	0.01857	0.01856	1.091	1.091	1.091
320	0.01683	0.01682	0.01681	1.076	1.076	1.076
340	0.01391	0.0139	0.01389	1.047	1.046	1.046
360	0.01163	0.0116	0.01159	1.018	1.018	1.018
380	0.00978	0.009761	0.009758	0.9912	0.9913	0.9913
400	0.008281	0.008276	0.008274	0.9656	0.9656	0.9657
420	0.007076	0.007065	0.007063	0.9414	0.9413	0.9414
440	0.006079	0.006068	0.006067	0.918	0.9182	0.9183
460	0.005242	0.005243	0.005242	0.8958	0.8963	0.8963
480	0.004553	0.004555	0.004554	0.8753	0.8754	0.8754
500	0.00398	0.003977	0.003976	0.8554	0.8554	0.8555
520	0.003491	0.003488	0.003487	0.836	0.8364	0.8365
540	0.003072	0.003072	0.003072	0.8175	0.8182	0.8182
560	0.002716	0.002718	0.002717	0.8002	0.8008	0.8008
580	0.002412	0.002413	0.002413	0.7835	0.7841	0.7841
600	0.002149	0.00215	0.00215	0.7672	0.7681	0.7681
620	0.001919	0.001922	0.001922	0.7516	0.7529	0.7528
640	0.001719	0.001724	0.001724	0.7373	0.7383	0.7382
660	0.001547	0.001552	0.001551	0.7241	0.7244	0.7243
680	0.001398	0.0014	0.0014	0.7117	0.7112	0.7111
700	0.001266	0.001268	0.001267	0.6995	0.6987	0.6985
720	0.00115	0.00115	0.00115	0.6877	0.6868	0.6866
740	0.001047	0.001047	0.001046	0.6766	0.6755	0.6753
760	0.000956	0.0009549	0.0009542	0.6658	0.6648	0.6647
780	0.0008745	0.0008731	0.0008725	0.6552	0.6546	0.6544
800	0.0008011	0.0008002	0.0007996	0.6448	0.6448	0.6447
850	0.000648	0.0006493	0.0006488	0.6217	0.6223	0.6221
900	0.0005329	0.000533	0.0005325	0.6039	0.6015	0.6013
950	0.0004439	0.0004417	0.0004413	0.5857	0.5818	0.5818
1000	0.0003712	0.0003689	0.0003687	0.5635	0.563	0.5632
1041	0.0003203	0.0003201	0.0003199	0.5436	0.5483	0.5484
1050	0.0003102	0.0003105	0.0003103	0.5397	0.5452	0.5453
1100	0.000261	0.0002631	0.0002629	0.5232	0.5282	0.5281
1150	0.0002235	0.0002243	0.0002241	0.5155	0.5117	0.5116
1200	0.000194	0.0001922	0.0001921	0.5052	0.4957	0.4961
1250	0.0001674	0.0001656	0.0001655	0.4798	0.4806	0.4813
1253.6	0.0001655	0.0001638	0.0001638	0.4775	0.4795	0.4802
1300	0.0001422	0.0001434	0.0001434	0.4493	0.467	0.4675
1350	0.0001219	0.0001249	0.0001248	0.4418	0.4549	0.4547
1400	0.0001084	0.0001093	0.0001091	0.4598	0.443	0.4428
1450	9.887e-05	9.591e-05	9.586e-05	0.467	0.431	0.4319
1486.6	9.072e-05	8.739e-05	8.742e-05	0.4381	0.423	0.4246
1500	8.712e-05	8.451e-05	8.457e-05	0.421	0.4203	0.4219
