10	4.293	4.315	3.535	0.8676	0.8653	0.9527
15	28.87	28.81	28.18	1.548	1.547	1.516
16.71	20.18	20.14	19.66	1.67	1.669	1.635
20	10.22	10.25	9.962	1.813	1.814	1.783
21.22	8.057	8.097	7.85	1.844	1.845	1.817
25	4.144	4.143	3.985	1.88	1.88	1.865
26.86	3.089	3.075	2.946	1.867	1.867	1.858
30	1.955	1.941	1.848	1.802	1.802	1.805
35	1.024	1.029	0.9699	1.592	1.595	1.61
40	0.6014	0.6068	0.5657	1.274	1.274	1.293
40.81	0.5578	0.562	0.5231	1.215	1.214	1.232
45	0.3953	0.3933	0.3642	0.8882	0.8792	0.8904
50	0.2827	0.2792	0.2583	0.4814	0.4767	0.4749
55	0.2171	0.2162	0.2008	0.1359	0.1451	0.1328
60	0.1792	0.1805	0.1688	-0.07467	-0.0656	-0.08018
65	0.1578	0.1598	0.1507	-0.1526	-0.152	-0.1608
70	0.1462	0.1473	0.1401	-0.1412	-0.1414	-0.1413
75	0.1398	0.1393	0.1336	-0.07248	-0.06983	-0.06186
80	0.1353	0.1337	0.1292	0.03235	0.03251	0.04613
85	0.1308	0.1294	0.1258	0.1512	0.1455	0.1626
90	0.1257	0.1258	0.123	0.2651	0.2578	0.277
95	0.1211	0.1227	0.1204	0.3668	0.3644	0.3843
100	0.1178	0.1198	0.1179	0.4587	0.4632	0.4827
105	0.1162	0.117	0.1153	0.546	0.5537	0.572
110	0.1151	0.1142	0.1128	0.6307	0.6358	0.6527
115	0.1133	0.1114	0.1103	0.7106	0.7102	0.7257
120	0.1103	0.1087	0.1078	0.7824	0.7775	0.7918
125	0.1063	0.106	0.1054	0.8446	0.8388	0.8519
130	0.1022	0.1034	0.1029	0.898	0.8947	0.9066
132.3	0.1005	0.1023	0.1018	0.9203	0.9187	0.9302
135	0.09898	0.1009	0.1005	0.9454	0.9459	0.9566
140	0.09694	0.09852	0.09809	0.9897	0.9931	1.002
145	0.09575	0.09612	0.09573	1.032	1.036	1.044
150	0.09468	0.09372	0.09341	1.074	1.076	1.083
151.4	0.09427	0.09306	0.09277	1.085	1.087	1.093
155	0.09304	0.09135	0.09114	1.113	1.113	1.119
160	0.09051	0.08903	0.08892	1.148	1.147	1.152
165	0.08729	0.0868	0.08675	1.18	1.178	1.182
170	0.08395	0.08466	0.08464	1.208	1.207	1.21
175	0.08106	0.08261	0.08259	1.234	1.233	1.236
180	0.07898	0.08063	0.0806	1.258	1.258	1.26
185	0.0777	0.07872	0.07867	1.28	1.281	1.282
190	0.07688	0.07685	0.0768	1.302	1.302	1.303
195	0.07606	0.07501	0.075	1.322	1.322	1.322
200	0.07481	0.07322	0.07325	1.341	1.341	1.34
205	0.07298	0.07148	0.07157	1.358	1.358	1.357
210	0.07064	0.06982	0.06994	1.373	1.374	1.373
215	0.06811	0.06823	0.06836	1.388	1.389	1.388
220	0.06576	0.06671	0.06684	1.402	1.403	1.401
225	0.06387	0.06526	0.06536	1.416	1.416	1.414
230	0.06257	0.06385	0.06393	1.429	1.429	1.426
235	0.06176	0.06248	0.06255	1.442	1.441	1.438
240	0.06123	0.06113	0.0612	1.454	1.452	1.449
245	0.06067	0.05981	0.05989	1.464	1.462	1.459
250	0.05984	0.05851	0.05862	1.473	1.472	1.469
255	0.05859	0.05724	0.05737	1.482	1.482	1.478
260	0.05695	0.05601	0.05616	1.489	1.491	1.487
265	0.05508	0.05482	0.05498	1.496	1.499	1.495
270	0.05321	0.05367	0.05383	1.504	1.507	1.503
275	0.05155	0.05256	0.05271	1.512	1.515	1.51
280	0.05025	0.05148	0.05161	1.521	1.522	1.517
285	0.04934	0.05043	0.05054	1.529	1.529	1.524
290	0.04878	0.0494	0.04949	1.538	1.536	1.531
295	0.04839	0.04838	0.04847	1.545	1.542	1.537
300	0.04801	0.04738	0.04747	1.552	1.548	1.543
305	0.04745	0.0464	0.04651	1.557	1.553	1.548
320	0.04416	0.04359	0.04374	1.566	1.569	1.563
340	0.0392	0.04027	0.04038	1.583	1.586	1.58
360	0.03763	0.03729	0.03737	1.606	1.6	1.594
380	0.03523	0.03455	0.03467	1.611	1.612	1.606
400	0.03129	0.03212	0.03223	1.615	1.622	1.616
420	0.02968	0.02996	0.03002	1.634	1.63	1.624
440	0.02877	0.02794	0.02801	1.643	1.637	1.631
460	0.02601	0.0261	0.02619	1.637	1.643	1.637
480	0.02374	0.02447	0.02453	1.643	1.648	1.641
500	0.02324	0.02297	0.02302	1.659	1.652	1.646
520	0.02223	0.02157	0.02164	1.66	1.655	1.649
540	0.02	0.02031	0.02038	1.65	1.658	1.652
560	0.0186	0.01917	0.01922	1.654	1.66	1.654
580	0.01842	0.01811	0.01815	1.67	1.662	1.655
600	0.0177	0.0171	0.01715	1.671	1.663	1.657
620	0.01602	0.01617	0.01623	1.657	1.663	1.657
640	0.01482	0.01533	0.01537	1.655	1.664	1.658
660	0.01463	0.01453	0.01457	1.669	1.664	1.658
680	0.0143	0.01378	0.01382	1.675	1.664	1.658
700	0.01312	0.01307	0.01312	1.661	1.663	1.657
720	0.01193	0.01243	0.01247	1.648	1.662	1.657
740	0.01157	0.01184	0.01186	1.656	1.662	1.656
760	0.01161	0.01127	0.01129	1.671	1.66	1.655
780	0.01112	0.01073	0.01076	1.67	1.659	1.653
800	0.0101	0.01023	0.01026	1.652	1.657	1.652
850	0.009274	0.009125	0.009143	1.659	1.653	1.648
900	0.007952	0.008159	0.008184	1.64	1.648	1.644
950	0.0075	0.007349	0.00736	1.649	1.644	1.639
1000	0.006616	0.006622	0.006645	1.641	1.638	1.633
1041	0.0059	0.006115	0.006127	1.618	1.634	1.629
1050	0.005931	0.006011	0.006021	1.625	1.633	1.628
1100	0.005546	0.005456	0.005471	1.635	1.626	1.622
1150	0.004851	0.004977	0.004985	1.607	1.621	1.616
1200	0.004781	0.004542	0.004555	1.635	1.614	1.61
1250	0.003876	0.004164	0.004173	1.582	1.607	1.603
1253.6	0.003854	0.004139	0.004147	1.58	1.607	1.603
1300	0.004015	0.003828	0.003833	1.611	1.601	1.597
1350	0.003463	0.00352	0.003529	1.597	1.594	1.59
1400	0.003197	0.003253	0.003256	1.571	1.588	1.584
1450	0.003162	0.003004	0.003011	1.604	1.581	1.577
1486.6	0.002693	0.002841	0.002848	1.566	1.576	1.572
1500	0.002592	0.002786	0.00279	1.55	1.574	1.571
