40	6.821	6.829	6.297	1.399	1.399	1.416
40.81	8.801	8.811	8.278	1.153	1.153	1.16
45	34.21	34.2	33.47	0.3198	0.3193	0.351
50	67.54	67.53	66.47	0.2584	0.2579	0.2919
55	54.17	54.18	53.29	0.4257	0.4257	0.4479
60	38.7	38.7	38.02	0.6222	0.6224	0.6329
65	28.03	28.02	27.48	0.8115	0.8115	0.8125
70	20.44	20.42	20	0.9857	0.9856	0.9793
75	14.97	14.96	14.63	1.143	1.143	1.132
80	11.07	11.07	10.8	1.285	1.285	1.27
85	8.303	8.304	8.089	1.412	1.412	1.395
90	6.325	6.328	6.15	1.526	1.526	1.508
95	4.891	4.893	4.745	1.628	1.628	1.61
100	3.832	3.832	3.707	1.719	1.719	1.702
105	3.035	3.033	2.926	1.799	1.799	1.783
110	2.425	2.421	2.329	1.867	1.867	1.854
115	1.951	1.946	1.867	1.923	1.923	1.913
120	1.579	1.575	1.507	1.965	1.965	1.958
125	1.286	1.283	1.224	1.991	1.991	1.987
130	1.054	1.052	1	1.999	1.999	1.999
132.3	0.9636	0.9622	0.9138	1.997	1.997	1.997
135	0.8692	0.8686	0.8235	1.988	1.988	1.99
140	0.7225	0.723	0.6833	1.954	1.954	1.958
145	0.6057	0.607	0.572	1.896	1.896	1.901
150	0.5128	0.5143	0.4834	1.813	1.813	1.818
151.4	0.4903	0.4919	0.462	1.785	1.785	1.789
155	0.4387	0.4403	0.4128	1.704	1.705	1.706
160	0.3797	0.381	0.3566	1.57	1.571	1.568
165	0.3326	0.3335	0.3119	1.413	1.413	1.405
170	0.2951	0.2956	0.2763	1.237	1.236	1.22
175	0.2653	0.2653	0.2481	1.047	1.044	1.02
180	0.2415	0.2413	0.226	0.8481	0.8444	0.8119
185	0.2227	0.2222	0.2086	0.6479	0.643	0.6034
190	0.2079	0.2073	0.1952	0.4529	0.4473	0.4022
195	0.1964	0.1957	0.1849	0.2692	0.2637	0.2152
200	0.1874	0.1867	0.1771	0.1018	0.09718	0.04736
205	0.1806	0.1799	0.1714	-0.0458	-0.04898	-0.09794
210	0.1755	0.1749	0.1673	-0.1715	-0.173	-0.2194
215	0.1717	0.1713	0.1645	-0.2747	-0.2747	-0.3171
220	0.1691	0.1687	0.1628	-0.3561	-0.3549	-0.3925
225	0.1674	0.1671	0.1619	-0.4172	-0.4153	-0.4475
230	0.1664	0.1662	0.1616	-0.4601	-0.4579	-0.4845
235	0.1659	0.1659	0.1618	-0.4871	-0.485	-0.5061
240	0.166	0.166	0.1625	-0.5005	-0.4988	-0.5147
245	0.1663	0.1665	0.1634	-0.5026	-0.5015	-0.5126
250	0.1669	0.1672	0.1645	-0.4955	-0.4949	-0.5016
255	0.1678	0.1681	0.1659	-0.4811	-0.4808	-0.4836
260	0.1688	0.1692	0.1673	-0.4607	-0.4607	-0.4601
265	0.1699	0.1704	0.1688	-0.4359	-0.4359	-0.4324
270	0.1711	0.1716	0.1703	-0.4076	-0.4075	-0.4014
275	0.1724	0.1728	0.1718	-0.3766	-0.3763	-0.3682
280	0.1737	0.1741	0.1733	-0.3438	-0.3432	-0.3334
285	0.175	0.1753	0.1747	-0.3097	-0.3087	-0.2976
290	0.1762	0.1765	0.1761	-0.2747	-0.2735	-0.2613
295	0.1775	0.1776	0.1774	-0.2393	-0.2379	-0.2249
300	0.1786	0.1786	0.1786	-0.2037	-0.2022	-0.1886
305	0.1798	0.1796	0.1797	-0.1681	-0.1668	-0.1527
310	0.1808	0.1805	0.1807	-0.1329	-0.1317	-0.1173
315	0.1817	0.1813	0.1816	-0.09804	-0.09716	-0.08261
320	0.1825	0.182	0.1825	-0.06377	-0.06326	-0.04865
325	0.1832	0.1826	0.1832	-0.03016	-0.03004	-0.01545
340	0.1846	0.184	0.1849	0.066	0.06498	0.07915
360	0.1849	0.1848	0.186	0.1823	0.1808	0.1938
380	0.1842	0.1845	0.1859	0.2852	0.2846	0.2962
400	0.1829	0.1833	0.1848	0.3767	0.3772	0.3874
420	0.1812	0.1813	0.1828	0.4587	0.4596	0.4682
440	0.179	0.1786	0.1801	0.5322	0.5327	0.5399
460	0.176	0.1754	0.177	0.5981	0.5979	0.6038
480	0.1722	0.1719	0.1735	0.657	0.6563	0.6611
500	0.168	0.1681	0.1697	0.7098	0.7091	0.7128
520	0.1636	0.1642	0.1657	0.7574	0.757	0.7599
540	0.1595	0.1601	0.1616	0.8007	0.8007	0.8027
560	0.1556	0.156	0.1574	0.8403	0.8405	0.8417
580	0.1518	0.1518	0.1532	0.8767	0.8767	0.8773
600	0.148	0.1476	0.1489	0.9099	0.9098	0.9098
620	0.1438	0.1434	0.1448	0.9402	0.9402	0.9396
640	0.1395	0.1393	0.1406	0.968	0.9682	0.9671
660	0.1351	0.1353	0.1366	0.9938	0.9941	0.9926
680	0.1309	0.1314	0.1326	1.018	1.018	1.016
700	0.1269	0.1276	0.1287	1.04	1.04	1.038
720	0.1234	0.1238	0.1249	1.062	1.061	1.059
740	0.12	0.1202	0.1212	1.081	1.08	1.078
760	0.1168	0.1166	0.1176	1.099	1.098	1.095
780	0.1136	0.1132	0.1141	1.116	1.115	1.112
800	0.1102	0.1098	0.1108	1.131	1.131	1.127
850	0.1018	0.102	0.1028	1.164	1.165	1.161
900	0.09441	0.09472	0.09549	1.195	1.195	1.191
950	0.08832	0.08808	0.08877	1.222	1.221	1.216
1000	0.08233	0.08197	0.08262	1.243	1.243	1.238
1041	0.07735	0.07737	0.07797	1.257	1.258	1.254
1050	0.07629	0.0764	0.07699	1.26	1.262	1.257
1100	0.07104	0.0713	0.07182	1.278	1.278	1.273
1150	0.06676	0.06662	0.0671	1.294	1.292	1.288
1200	0.06269	0.06231	0.06276	1.306	1.305	1.3
1250	0.05844	0.05836	0.05878	1.314	1.316	1.311
1253.6	0.05814	0.05809	0.05851	1.315	1.316	1.312
1300	0.05447	0.05474	0.05511	1.323	1.325	1.32
1350	0.05124	0.05141	0.05174	1.334	1.334	1.329
1400	0.04854	0.04833	0.04864	1.344	1.341	1.336
1450	0.0458	0.04547	0.04576	1.349	1.347	1.342
1486.6	0.04369	0.04353	0.04381	1.351	1.351	1.346
1500	0.04291	0.04284	0.04312	1.351	1.352	1.348
