
ELEMENT:
                                      Mo

SOURCE:
                      Elastic peak electron spectroscopy
                                       
           IMFPs determined from the intensity of the elastic peak
       Multiple elastic scattering simulated by the Monte Carlo method

COMMENT:
               Gergely et al., Surface Sci. 331-333 (1995) 1203

ATOMIC WEIGHT:                95.94000

DENSITY:                      10.2000 g/cm**3

TABULATION:

______________________________________________________________________________

                    Energy                         IMFP
                      eV                        Angstroms
______________________________________________________________________________
                     500.0                         7.46
                     506.3                         7.53
                     512.5                         7.61
                     518.8                         7.68
                     525.0                         7.75
                     531.3                         7.82
                     537.5                         7.89
                     543.8                         7.96
                     550.0                         8.03
                     556.3                         8.10
                     562.5                         8.17
                     568.8                         8.24
                     575.0                         8.31
                     581.3                         8.38
                     587.5                         8.45
                     593.8                         8.51
                     600.0                         8.58
                     606.3                         8.65
                     612.5                         8.72
                     618.8                         8.79
                     625.0                         8.86
                     631.3                         8.92
                     637.5                         8.99
                     643.8                         9.06
                     650.0                         9.13
                     656.3                         9.19
                     662.5                         9.26
                     668.8                         9.33
                     675.0                         9.39
                     681.3                         9.46
                     687.5                         9.53
                     693.8                         9.59
                     700.0                         9.66
                     706.3                         9.73
                     712.5                         9.79
                     718.8                         9.86
                     725.0                         9.92
                     731.3                         9.99
                     737.5                        10.05
                     743.8                        10.12
                     750.0                        10.18
                     756.3                        10.25
                     762.5                        10.31
                     768.8                        10.38
                     775.0                        10.44
                     781.3                        10.51
                     787.5                        10.57
                     793.8                        10.64
                     800.0                        10.70
                     806.3                        10.77
                     812.5                        10.83
                     818.8                        10.89
                     825.0                        10.96
                     831.3                        11.02
                     837.5                        11.08
                     843.8                        11.15
                     850.0                        11.21
                     856.3                        11.27
                     862.5                        11.34
                     868.8                        11.40
                     875.0                        11.46
                     881.3                        11.53
                     887.5                        11.59
                     893.8                        11.65
                     900.0                        11.71
                     906.3                        11.78
                     912.5                        11.84
                     918.8                        11.90
                     925.0                        11.96
                     931.3                        12.02
                     937.5                        12.09
                     943.8                        12.15
                     950.0                        12.21
                     956.3                        12.27
                     962.5                        12.33
                     968.8                        12.39
                     975.0                        12.45
                     981.3                        12.52
                     987.5                        12.58
                     993.8                        12.64
                    1000.0                        12.70
                    1006.3                        12.76
                    1012.5                        12.82
                    1018.8                        12.88
                    1025.0                        12.94
                    1031.3                        13.00
                    1037.5                        13.06
                    1043.8                        13.12
                    1050.0                        13.18
                    1056.3                        13.24
                    1062.5                        13.30
                    1068.8                        13.36
                    1075.0                        13.42
                    1081.3                        13.48
                    1087.5                        13.54
                    1093.8                        13.60
                    1100.0                        13.66
                    1106.3                        13.72
                    1112.5                        13.78
                    1118.8                        13.84
                    1125.0                        13.90
                    1131.3                        13.96
                    1137.5                        14.02
                    1143.8                        14.08
                    1150.0                        14.14
                    1156.3                        14.19
                    1162.5                        14.25
                    1168.8                        14.31
                    1175.0                        14.37
                    1181.3                        14.43
                    1187.5                        14.49
                    1193.8                        14.55
                    1200.0                        14.61
                    1206.3                        14.66
                    1212.5                        14.72
                    1218.8                        14.78
                    1225.0                        14.84
                    1231.3                        14.90
                    1237.5                        14.95
                    1243.8                        15.01
                    1250.0                        15.07
                    1256.3                        15.13
                    1262.5                        15.19
                    1268.8                        15.24
                    1275.0                        15.30
                    1281.3                        15.36
                    1287.5                        15.42
                    1293.8                        15.47
                    1300.0                        15.53
                    1306.3                        15.59
                    1312.5                        15.64
                    1318.8                        15.70
                    1325.0                        15.76
                    1331.3                        15.82
                    1337.5                        15.87
                    1343.8                        15.93
                    1350.0                        15.99
                    1356.3                        16.04
                    1362.5                        16.10
                    1368.8                        16.16
                    1375.0                        16.21
                    1381.3                        16.27
                    1387.5                        16.33
                    1393.8                        16.38
                    1400.0                        16.44
                    1406.3                        16.49
                    1412.5                        16.55
                    1418.8                        16.61
                    1425.0                        16.66
                    1431.3                        16.72
                    1437.5                        16.77
                    1443.8                        16.83
                    1450.0                        16.89
                    1456.3                        16.94
                    1462.5                        17.00
                    1468.8                        17.05
                    1475.0                        17.11
                    1481.3                        17.17
                    1487.5                        17.22
                    1493.8                        17.28
                    1500.0                        17.33
                    1506.3                        17.39
                    1512.5                        17.44
                    1518.8                        17.50
                    1525.0                        17.55
                    1531.3                        17.61
                    1537.5                        17.66
                    1543.8                        17.72
                    1550.0                        17.77
                    1556.3                        17.83
                    1562.5                        17.88
                    1568.8                        17.94
                    1575.0                        17.99
                    1581.3                        18.05
                    1587.5                        18.10
                    1593.8                        18.16
                    1600.0                        18.21
                    1606.3                        18.27
                    1612.5                        18.32
                    1618.8                        18.37
                    1625.0                        18.43
                    1631.3                        18.48
                    1637.5                        18.54
                    1643.8                        18.59
                    1650.0                        18.65
                    1656.3                        18.70
                    1662.5                        18.75
                    1668.8                        18.81
                    1675.0                        18.86
                    1681.3                        18.92
                    1687.5                        18.97
                    1693.8                        19.02
                    1700.0                        19.08
                    1706.3                        19.13
                    1712.5                        19.19
                    1718.8                        19.24
                    1725.0                        19.29
                    1731.3                        19.35
                    1737.5                        19.40
                    1743.8                        19.45
                    1750.0                        19.51
                    1756.3                        19.56
                    1762.5                        19.61
                    1768.8                        19.67
                    1775.0                        19.72
                    1781.3                        19.77
                    1787.5                        19.83
                    1793.8                        19.88
                    1800.0                        19.93
                    1806.3                        19.99
                    1812.5                        20.04
                    1818.8                        20.09
                    1825.0                        20.14
                    1831.3                        20.20
                    1837.5                        20.25
                    1843.8                        20.30
                    1850.0                        20.36
                    1856.3                        20.41
                    1862.5                        20.46
                    1868.8                        20.51
                    1875.0                        20.57
                    1881.3                        20.62
                    1887.5                        20.67
                    1893.8                        20.72
                    1900.0                        20.78
                    1906.3                        20.83
                    1912.5                        20.88
                    1918.8                        20.93
                    1925.0                        20.99
                    1931.3                        21.04
                    1937.5                        21.09
                    1943.8                        21.14
                    1950.0                        21.19
                    1956.3                        21.25
                    1962.5                        21.30
                    1968.8                        21.35
                    1975.0                        21.40
                    1981.3                        21.45
                    1987.5                        21.51
                    1993.8                        21.56
                    2000.0                        21.61
                    2006.3                        21.66
                    2012.5                        21.71
                    2018.8                        21.77
                    2025.0                        21.82
                    2031.3                        21.87
                    2037.5                        21.92
                    2043.8                        21.97
                    2050.0                        22.02
                    2056.3                        22.08
                    2062.5                        22.13
                    2068.8                        22.18
                    2075.0                        22.23
                    2081.3                        22.28
                    2087.5                        22.33
                    2093.8                        22.38
                    2100.0                        22.43
                    2106.3                        22.49
                    2112.5                        22.54
                    2118.8                        22.59
                    2125.0                        22.64
                    2131.3                        22.69
                    2137.5                        22.74
                    2143.8                        22.79
                    2150.0                        22.84
                    2156.3                        22.89
                    2162.5                        22.94
                    2168.8                        23.00
                    2175.0                        23.05
                    2181.3                        23.10
                    2187.5                        23.15
                    2193.8                        23.20
                    2200.0                        23.25
                    2206.3                        23.30
                    2212.5                        23.35
                    2218.8                        23.40
                    2225.0                        23.45
                    2231.3                        23.50
                    2237.5                        23.55
                    2243.8                        23.60
                    2250.0                        23.65
                    2256.3                        23.70
                    2262.5                        23.75
                    2268.8                        23.80
                    2275.0                        23.85
                    2281.3                        23.91
                    2287.5                        23.96
                    2293.8                        24.01
                    2300.0                        24.06
                    2306.3                        24.11
                    2312.5                        24.16
                    2318.8                        24.21
                    2325.0                        24.26
                    2331.3                        24.31
                    2337.5                        24.36
                    2343.8                        24.41
                    2350.0                        24.46
                    2356.3                        24.51
                    2362.5                        24.56
                    2368.8                        24.61
                    2375.0                        24.66
                    2381.3                        24.70
                    2387.5                        24.75
                    2393.8                        24.80
                    2400.0                        24.85
                    2406.3                        24.90
                    2412.5                        24.95
                    2418.8                        25.00
                    2425.0                        25.05
                    2431.3                        25.10
                    2437.5                        25.15
                    2443.8                        25.20
                    2450.0                        25.25
                    2456.3                        25.30
                    2462.5                        25.35
                    2468.8                        25.40
                    2475.0                        25.45
                    2481.3                        25.50
                    2487.5                        25.55
                    2493.8                        25.60
                    2500.0                        25.64
                    2506.3                        25.69
                    2512.5                        25.74
                    2518.8                        25.79
                    2525.0                        25.84
                    2531.3                        25.89
                    2537.5                        25.94
                    2543.8                        25.99
                    2550.0                        26.04
                    2556.3                        26.09
                    2562.5                        26.13
                    2568.8                        26.18
                    2575.0                        26.23
                    2581.3                        26.28
                    2587.5                        26.33
                    2593.8                        26.38
                    2600.0                        26.43
                    2606.3                        26.48
                    2612.5                        26.53
                    2618.8                        26.57
                    2625.0                        26.62
                    2631.3                        26.67
                    2637.5                        26.72
                    2643.8                        26.77
                    2650.0                        26.82
                    2656.3                        26.87
                    2662.5                        26.91
                    2668.8                        26.96
                    2675.0                        27.01
                    2681.3                        27.06
                    2687.5                        27.11
                    2693.8                        27.16
                    2700.0                        27.20
                    2706.3                        27.25
                    2712.5                        27.30
                    2718.8                        27.35
                    2725.0                        27.40
                    2731.3                        27.44
                    2737.5                        27.49
                    2743.8                        27.54
                    2750.0                        27.59
                    2756.3                        27.64
                    2762.5                        27.69
                    2768.8                        27.73
                    2775.0                        27.78
                    2781.3                        27.83
                    2787.5                        27.88
                    2793.8                        27.93
                    2800.0                        27.97
                    2806.3                        28.02
                    2812.5                        28.07
                    2818.8                        28.12
                    2825.0                        28.16
                    2831.3                        28.21
                    2837.5                        28.26
                    2843.8                        28.31
                    2850.0                        28.36
                    2856.3                        28.40
                    2862.5                        28.45
                    2868.8                        28.50
                    2875.0                        28.55
                    2881.3                        28.59
                    2887.5                        28.64
                    2893.8                        28.69
                    2900.0                        28.74
                    2906.3                        28.78
                    2912.5                        28.83
                    2918.8                        28.88
                    2925.0                        28.93
                    2931.3                        28.97
                    2937.5                        29.02
                    2943.8                        29.07
                    2950.0                        29.12
                    2956.3                        29.16
                    2962.5                        29.21
                    2968.8                        29.26
                    2975.0                        29.30
                    2981.3                        29.35
                    2987.5                        29.40
                    2993.8                        29.45
                    3000.0                        29.49
