
ELEMENT:
                                      Te

SOURCE:
                                     Koch
         Thesis, Eberhard-Karls-Universitat, Tubingen, Germany (1996)
           IMFPs determined from the intensity of the elastic peak
       Multiple elastic scattering simulated by the Monte Carlo method

ATOMIC WEIGHT:               127.60000

DENSITY:                       6.2400 g/cm**3

TABULATION:

______________________________________________________________________________

                    Energy                         IMFP
                      eV                        Angstroms
______________________________________________________________________________
                     600.0                        13.80
                     604.0                        13.88
                     608.0                        13.95
                     612.0                        14.03
                     616.0                        14.10
                     620.0                        14.17
                     624.0                        14.24
                     628.0                        14.32
                     632.0                        14.39
                     636.0                        14.46
                     640.0                        14.54
                     644.0                        14.61
                     648.0                        14.68
                     652.0                        14.75
                     656.0                        14.83
                     660.0                        14.90
                     664.0                        14.97
                     668.0                        15.04
                     672.0                        15.11
                     676.0                        15.19
                     680.0                        15.26
                     684.0                        15.33
                     688.0                        15.40
                     692.0                        15.47
                     696.0                        15.55
                     700.0                        15.62
                     704.0                        15.69
                     708.0                        15.76
                     712.0                        15.83
                     716.0                        15.90
                     720.0                        15.97
                     724.0                        16.04
                     728.0                        16.11
                     732.0                        16.19
                     736.0                        16.26
                     740.0                        16.33
                     744.0                        16.40
                     748.0                        16.47
                     752.0                        16.54
                     756.0                        16.61
                     760.0                        16.68
                     764.0                        16.75
                     768.0                        16.82
                     772.0                        16.89
                     776.0                        16.96
                     780.0                        17.03
                     784.0                        17.10
                     788.0                        17.17
                     792.0                        17.24
                     796.0                        17.31
                     800.0                        17.38
                     804.0                        17.45
                     808.0                        17.52
                     812.0                        17.59
                     816.0                        17.65
                     820.0                        17.72
                     824.0                        17.79
                     828.0                        17.86
                     832.0                        17.93
                     836.0                        18.00
                     840.0                        18.07
                     844.0                        18.14
                     848.0                        18.21
                     852.0                        18.27
                     856.0                        18.34
                     860.0                        18.41
                     864.0                        18.48
                     868.0                        18.55
                     872.0                        18.62
                     876.0                        18.69
                     880.0                        18.75
                     884.0                        18.82
                     888.0                        18.89
                     892.0                        18.96
                     896.0                        19.03
                     900.0                        19.09
                     904.0                        19.16
                     908.0                        19.23
                     912.0                        19.30
                     916.0                        19.37
                     920.0                        19.43
                     924.0                        19.50
                     928.0                        19.57
                     932.0                        19.64
                     936.0                        19.70
                     940.0                        19.77
                     944.0                        19.84
                     948.0                        19.90
                     952.0                        19.97
                     956.0                        20.04
                     960.0                        20.11
                     964.0                        20.17
                     968.0                        20.24
                     972.0                        20.31
                     976.0                        20.37
                     980.0                        20.44
                     984.0                        20.51
                     988.0                        20.57
                     992.0                        20.64
                     996.0                        20.71
                    1000.0                        20.77
                    1004.0                        20.84
                    1008.0                        20.91
                    1012.0                        20.97
                    1016.0                        21.04
                    1020.0                        21.11
                    1024.0                        21.17
                    1028.0                        21.24
                    1032.0                        21.30
                    1036.0                        21.37
                    1040.0                        21.44
                    1044.0                        21.50
                    1048.0                        21.57
                    1052.0                        21.63
                    1056.0                        21.70
                    1060.0                        21.76
                    1064.0                        21.83
                    1068.0                        21.90
                    1072.0                        21.96
                    1076.0                        22.03
                    1080.0                        22.09
                    1084.0                        22.16
                    1088.0                        22.22
                    1092.0                        22.29
                    1096.0                        22.35
                    1100.0                        22.42
                    1104.0                        22.48
                    1108.0                        22.55
                    1112.0                        22.61
                    1116.0                        22.68
                    1120.0                        22.74
                    1124.0                        22.81
                    1128.0                        22.87
                    1132.0                        22.94
                    1136.0                        23.00
                    1140.0                        23.07
                    1144.0                        23.13
                    1148.0                        23.20
                    1152.0                        23.26
                    1156.0                        23.33
                    1160.0                        23.39
                    1164.0                        23.46
                    1168.0                        23.52
                    1172.0                        23.59
                    1176.0                        23.65
                    1180.0                        23.71
                    1184.0                        23.78
                    1188.0                        23.84
                    1192.0                        23.91
                    1196.0                        23.97
                    1200.0                        24.04
                    1204.0                        24.10
                    1208.0                        24.16
                    1212.0                        24.23
                    1216.0                        24.29
                    1220.0                        24.36
                    1224.0                        24.42
                    1228.0                        24.48
                    1232.0                        24.55
                    1236.0                        24.61
                    1240.0                        24.67
                    1244.0                        24.74
                    1248.0                        24.80
                    1252.0                        24.87
                    1256.0                        24.93
                    1260.0                        24.99
                    1264.0                        25.06
                    1268.0                        25.12
                    1272.0                        25.18
                    1276.0                        25.25
                    1280.0                        25.31
                    1284.0                        25.37
                    1288.0                        25.44
                    1292.0                        25.50
                    1296.0                        25.56
                    1300.0                        25.62
                    1304.0                        25.69
                    1308.0                        25.75
                    1312.0                        25.81
                    1316.0                        25.88
                    1320.0                        25.94
                    1324.0                        26.00
                    1328.0                        26.07
                    1332.0                        26.13
                    1336.0                        26.19
                    1340.0                        26.25
                    1344.0                        26.32
                    1348.0                        26.38
                    1352.0                        26.44
                    1356.0                        26.50
                    1360.0                        26.57
                    1364.0                        26.63
                    1368.0                        26.69
                    1372.0                        26.75
                    1376.0                        26.82
                    1380.0                        26.88
                    1384.0                        26.94
                    1388.0                        27.00
                    1392.0                        27.07
                    1396.0                        27.13
                    1400.0                        27.19
                    1404.0                        27.25
                    1408.0                        27.31
                    1412.0                        27.38
                    1416.0                        27.44
                    1420.0                        27.50
                    1424.0                        27.56
                    1428.0                        27.62
                    1432.0                        27.69
                    1436.0                        27.75
                    1440.0                        27.81
                    1444.0                        27.87
                    1448.0                        27.93
                    1452.0                        27.99
                    1456.0                        28.06
                    1460.0                        28.12
                    1464.0                        28.18
                    1468.0                        28.24
                    1472.0                        28.30
                    1476.0                        28.36
                    1480.0                        28.43
                    1484.0                        28.49
                    1488.0                        28.55
                    1492.0                        28.61
                    1496.0                        28.67
                    1500.0                        28.73
                    1504.0                        28.79
                    1508.0                        28.86
                    1512.0                        28.92
                    1516.0                        28.98
                    1520.0                        29.04
                    1524.0                        29.10
                    1528.0                        29.16
                    1532.0                        29.22
                    1536.0                        29.28
                    1540.0                        29.34
                    1544.0                        29.41
                    1548.0                        29.47
                    1552.0                        29.53
                    1556.0                        29.59
                    1560.0                        29.65
                    1564.0                        29.71
                    1568.0                        29.77
                    1572.0                        29.83
                    1576.0                        29.89
                    1580.0                        29.95
                    1584.0                        30.01
                    1588.0                        30.07
                    1592.0                        30.13
                    1596.0                        30.19
                    1600.0                        30.26
                    1604.0                        30.32
                    1608.0                        30.38
                    1612.0                        30.44
                    1616.0                        30.50
                    1620.0                        30.56
                    1624.0                        30.62
                    1628.0                        30.68
                    1632.0                        30.74
                    1636.0                        30.80
                    1640.0                        30.86
                    1644.0                        30.92
                    1648.0                        30.98
                    1652.0                        31.04
                    1656.0                        31.10
                    1660.0                        31.16
                    1664.0                        31.22
                    1668.0                        31.28
                    1672.0                        31.34
                    1676.0                        31.40
                    1680.0                        31.46
                    1684.0                        31.52
                    1688.0                        31.58
                    1692.0                        31.64
                    1696.0                        31.70
                    1700.0                        31.76
                    1704.0                        31.82
                    1708.0                        31.88
                    1712.0                        31.94
                    1716.0                        32.00
                    1720.0                        32.06
                    1724.0                        32.12
                    1728.0                        32.18
                    1732.0                        32.24
                    1736.0                        32.30
                    1740.0                        32.36
                    1744.0                        32.41
                    1748.0                        32.47
                    1752.0                        32.53
                    1756.0                        32.59
                    1760.0                        32.65
                    1764.0                        32.71
                    1768.0                        32.77
                    1772.0                        32.83
                    1776.0                        32.89
                    1780.0                        32.95
                    1784.0                        33.01
                    1788.0                        33.07
                    1792.0                        33.13
                    1796.0                        33.19
                    1800.0                        33.24
                    1804.0                        33.30
                    1808.0                        33.36
                    1812.0                        33.42
                    1816.0                        33.48
                    1820.0                        33.54
                    1824.0                        33.60
                    1828.0                        33.66
                    1832.0                        33.72
                    1836.0                        33.78
                    1840.0                        33.83
                    1844.0                        33.89
                    1848.0                        33.95
                    1852.0                        34.01
                    1856.0                        34.07
                    1860.0                        34.13
                    1864.0                        34.19
                    1868.0                        34.25
                    1872.0                        34.30
                    1876.0                        34.36
                    1880.0                        34.42
                    1884.0                        34.48
                    1888.0                        34.54
                    1892.0                        34.60
                    1896.0                        34.66
                    1900.0                        34.71
                    1904.0                        34.77
                    1908.0                        34.83
                    1912.0                        34.89
                    1916.0                        34.95
                    1920.0                        35.01
                    1924.0                        35.06
                    1928.0                        35.12
                    1932.0                        35.18
                    1936.0                        35.24
                    1940.0                        35.30
                    1944.0                        35.36
                    1948.0                        35.41
                    1952.0                        35.47
                    1956.0                        35.53
                    1960.0                        35.59
                    1964.0                        35.65
                    1968.0                        35.70
                    1972.0                        35.76
                    1976.0                        35.82
                    1980.0                        35.88
                    1984.0                        35.94
                    1988.0                        35.99
                    1992.0                        36.05
                    1996.0                        36.11
                    2000.0                        36.17
                    2004.0                        36.23
                    2008.0                        36.28
                    2012.0                        36.34
                    2016.0                        36.40
                    2020.0                        36.46
                    2024.0                        36.52
                    2028.0                        36.57
                    2032.0                        36.63
                    2036.0                        36.69
                    2040.0                        36.75
                    2044.0                        36.80
                    2048.0                        36.86
                    2052.0                        36.92
                    2056.0                        36.98
                    2060.0                        37.03
                    2064.0                        37.09
                    2068.0                        37.15
                    2072.0                        37.21
                    2076.0                        37.26
                    2080.0                        37.32
                    2084.0                        37.38
                    2088.0                        37.44
                    2092.0                        37.49
                    2096.0                        37.55
                    2100.0                        37.61
                    2104.0                        37.67
                    2108.0                        37.72
                    2112.0                        37.78
                    2116.0                        37.84
                    2120.0                        37.89
                    2124.0                        37.95
                    2128.0                        38.01
                    2132.0                        38.07
                    2136.0                        38.12
                    2140.0                        38.18
                    2144.0                        38.24
                    2148.0                        38.29
                    2152.0                        38.35
                    2156.0                        38.41
                    2160.0                        38.47
                    2164.0                        38.52
                    2168.0                        38.58
                    2172.0                        38.64
                    2176.0                        38.69
                    2180.0                        38.75
                    2184.0                        38.81
                    2188.0                        38.86
                    2192.0                        38.92
                    2196.0                        38.98
                    2200.0                        39.03
