
ELEMENT:
                                      Ba

SOURCE:
                           Tanuma, Powell and Penn
                    Surface Interface Anal. 21 (1994) 165.
                 IMFP values determined from TPP-2M equation
                                       

ATOMIC WEIGHT:               137.32700

DENSITY:                       3.6200 g/cm**3

TABULATION:

______________________________________________________________________________

                    Energy                         IMFP
                      eV                        Angstroms
______________________________________________________________________________
                      50.0                         6.42
                      54.9                         6.63
                      59.8                         6.84
                      64.6                         7.06
                      69.5                         7.27
                      74.4                         7.48
                      79.3                         7.70
                      84.1                         7.91
                      89.0                         8.13
                      93.9                         8.34
                      98.8                         8.56
                     103.6                         8.77
                     108.5                         8.98
                     113.4                         9.20
                     118.3                         9.41
                     123.1                         9.62
                     128.0                         9.83
                     132.9                        10.04
                     137.8                        10.25
                     142.6                        10.46
                     147.5                        10.67
                     152.4                        10.88
                     157.3                        11.09
                     162.1                        11.29
                     167.0                        11.50
                     171.9                        11.70
                     176.8                        11.91
                     181.6                        12.11
                     186.5                        12.32
                     191.4                        12.52
                     196.3                        12.72
                     201.1                        12.92
                     206.0                        13.12
                     210.9                        13.32
                     215.8                        13.52
                     220.6                        13.72
                     225.5                        13.91
                     230.4                        14.11
                     235.3                        14.31
                     240.1                        14.50
                     245.0                        14.70
                     249.9                        14.89
                     254.8                        15.09
                     259.6                        15.28
                     264.5                        15.47
                     269.4                        15.66
                     274.3                        15.86
                     279.1                        16.05
                     284.0                        16.24
                     288.9                        16.43
                     293.8                        16.62
                     298.6                        16.81
                     303.5                        17.00
                     308.4                        17.18
                     313.3                        17.37
                     318.1                        17.56
                     323.0                        17.75
                     327.9                        17.93
                     332.8                        18.12
                     337.6                        18.30
                     342.5                        18.49
                     347.4                        18.67
                     352.3                        18.86
                     357.1                        19.04
                     362.0                        19.23
                     366.9                        19.41
                     371.8                        19.59
                     376.6                        19.77
                     381.5                        19.96
                     386.4                        20.14
                     391.3                        20.32
                     396.1                        20.50
                     401.0                        20.68
                     405.9                        20.86
                     410.8                        21.04
                     415.6                        21.22
                     420.5                        21.40
                     425.4                        21.58
                     430.3                        21.76
                     435.1                        21.93
                     440.0                        22.11
                     444.9                        22.29
                     449.8                        22.47
                     454.6                        22.64
                     459.5                        22.82
                     464.4                        23.00
                     469.3                        23.17
                     474.1                        23.35
                     479.0                        23.52
                     483.9                        23.70
                     488.8                        23.87
                     493.6                        24.05
                     498.5                        24.22
                     503.4                        24.40
                     508.3                        24.57
                     513.1                        24.74
                     518.0                        24.92
                     522.9                        25.09
                     527.8                        25.26
                     532.6                        25.43
                     537.5                        25.61
                     542.4                        25.78
                     547.3                        25.95
                     552.1                        26.12
                     557.0                        26.29
                     561.9                        26.46
                     566.8                        26.63
                     571.6                        26.80
                     576.5                        26.97
                     581.4                        27.14
                     586.3                        27.31
                     591.1                        27.48
                     596.0                        27.65
                     600.9                        27.82
                     605.8                        27.99
                     610.6                        28.16
                     615.5                        28.33
                     620.4                        28.50
                     625.3                        28.67
                     630.1                        28.83
                     635.0                        29.00
                     639.9                        29.17
                     644.8                        29.34
                     649.6                        29.50
                     654.5                        29.67
                     659.4                        29.84
                     664.3                        30.00
                     669.1                        30.17
                     674.0                        30.33
                     678.9                        30.50
                     683.8                        30.67
                     688.6                        30.83
                     693.5                        31.00
                     698.4                        31.16
                     703.3                        31.33
                     708.1                        31.49
                     713.0                        31.66
                     717.9                        31.82
                     722.8                        31.98
                     727.6                        32.15
                     732.5                        32.31
                     737.4                        32.48
                     742.3                        32.64
                     747.1                        32.80
                     752.0                        32.97
                     756.9                        33.13
                     761.8                        33.29
                     766.6                        33.45
                     771.5                        33.62
                     776.4                        33.78
                     781.3                        33.94
                     786.1                        34.10
                     791.0                        34.27
                     795.9                        34.43
                     800.8                        34.59
                     805.6                        34.75
                     810.5                        34.91
                     815.4                        35.07
                     820.3                        35.23
                     825.1                        35.39
                     830.0                        35.55
                     834.9                        35.72
                     839.8                        35.88
                     844.6                        36.04
                     849.5                        36.20
                     854.4                        36.36
                     859.3                        36.52
                     864.1                        36.68
                     869.0                        36.83
                     873.9                        36.99
                     878.8                        37.15
                     883.6                        37.31
                     888.5                        37.47
                     893.4                        37.63
                     898.3                        37.79
                     903.1                        37.95
                     908.0                        38.11
                     912.9                        38.26
                     917.8                        38.42
                     922.6                        38.58
                     927.5                        38.74
                     932.4                        38.90
                     937.3                        39.05
                     942.1                        39.21
                     947.0                        39.37
                     951.9                        39.53
                     956.8                        39.68
                     961.6                        39.84
                     966.5                        40.00
                     971.4                        40.15
                     976.3                        40.31
                     981.1                        40.47
                     986.0                        40.62
                     990.9                        40.78
                     995.8                        40.93
                    1000.6                        41.09
                    1005.5                        41.25
                    1010.4                        41.40
                    1015.3                        41.56
                    1020.1                        41.71
                    1025.0                        41.87
                    1029.9                        42.02
                    1034.8                        42.18
                    1039.6                        42.33
                    1044.5                        42.49
                    1049.4                        42.64
                    1054.3                        42.80
                    1059.1                        42.95
                    1064.0                        43.11
                    1068.9                        43.26
                    1073.8                        43.42
                    1078.6                        43.57
                    1083.5                        43.73
                    1088.4                        43.88
                    1093.3                        44.03
                    1098.1                        44.19
                    1103.0                        44.34
                    1107.9                        44.49
                    1112.8                        44.65
                    1117.6                        44.80
                    1122.5                        44.96
                    1127.4                        45.11
                    1132.3                        45.26
                    1137.1                        45.41
                    1142.0                        45.57
                    1146.9                        45.72
                    1151.8                        45.87
                    1156.6                        46.03
                    1161.5                        46.18
                    1166.4                        46.33
                    1171.3                        46.48
                    1176.1                        46.63
                    1181.0                        46.79
                    1185.9                        46.94
                    1190.8                        47.09
                    1195.6                        47.24
                    1200.5                        47.39
                    1205.4                        47.55
                    1210.3                        47.70
                    1215.1                        47.85
                    1220.0                        48.00
                    1224.9                        48.15
                    1229.8                        48.30
                    1234.6                        48.45
                    1239.5                        48.60
                    1244.4                        48.76
                    1249.3                        48.91
                    1254.1                        49.06
                    1259.0                        49.21
                    1263.9                        49.36
                    1268.8                        49.51
                    1273.6                        49.66
                    1278.5                        49.81
                    1283.4                        49.96
                    1288.3                        50.11
                    1293.1                        50.26
                    1298.0                        50.41
                    1302.9                        50.56
                    1307.8                        50.71
                    1312.6                        50.86
                    1317.5                        51.01
                    1322.4                        51.16
                    1327.3                        51.31
                    1332.1                        51.46
                    1337.0                        51.61
                    1341.9                        51.76
                    1346.8                        51.90
                    1351.6                        52.05
                    1356.5                        52.20
                    1361.4                        52.35
                    1366.3                        52.50
                    1371.1                        52.65
                    1376.0                        52.80
                    1380.9                        52.95
                    1385.8                        53.09
                    1390.6                        53.24
                    1395.5                        53.39
                    1400.4                        53.54
                    1405.3                        53.69
                    1410.1                        53.84
                    1415.0                        53.98
                    1419.9                        54.13
                    1424.8                        54.28
                    1429.6                        54.43
                    1434.5                        54.58
                    1439.4                        54.72
                    1444.3                        54.87
                    1449.1                        55.02
                    1454.0                        55.17
                    1458.9                        55.31
                    1463.8                        55.46
                    1468.6                        55.61
                    1473.5                        55.75
                    1478.4                        55.90
                    1483.3                        56.05
                    1488.1                        56.20
                    1493.0                        56.34
                    1497.9                        56.49
                    1502.8                        56.64
                    1507.6                        56.78
                    1512.5                        56.93
                    1517.4                        57.08
                    1522.3                        57.22
                    1527.1                        57.37
                    1532.0                        57.51
                    1536.9                        57.66
                    1541.8                        57.81
                    1546.6                        57.95
                    1551.5                        58.10
                    1556.4                        58.24
                    1561.3                        58.39
                    1566.1                        58.54
                    1571.0                        58.68
                    1575.9                        58.83
                    1580.8                        58.97
                    1585.6                        59.12
                    1590.5                        59.26
                    1595.4                        59.41
                    1600.3                        59.55
                    1605.1                        59.70
                    1610.0                        59.85
                    1614.9                        59.99
                    1619.8                        60.14
                    1624.6                        60.28
                    1629.5                        60.43
                    1634.4                        60.57
                    1639.3                        60.72
                    1644.1                        60.86
                    1649.0                        61.00
                    1653.9                        61.15
                    1658.8                        61.29
                    1663.6                        61.44
                    1668.5                        61.58
                    1673.4                        61.73
                    1678.3                        61.87
                    1683.1                        62.02
                    1688.0                        62.16
                    1692.9                        62.30
                    1697.8                        62.45
                    1702.6                        62.59
                    1707.5                        62.74
                    1712.4                        62.88
                    1717.3                        63.02
                    1722.1                        63.17
                    1727.0                        63.31
                    1731.9                        63.45
                    1736.8                        63.60
                    1741.6                        63.74
                    1746.5                        63.89
                    1751.4                        64.03
                    1756.3                        64.17
                    1761.1                        64.32
                    1766.0                        64.46
                    1770.9                        64.60
                    1775.8                        64.74
                    1780.6                        64.89
                    1785.5                        65.03
                    1790.4                        65.17
                    1795.3                        65.32
                    1800.1                        65.46
                    1805.0                        65.60
                    1809.9                        65.75
                    1814.8                        65.89
                    1819.6                        66.03
                    1824.5                        66.17
                    1829.4                        66.32
                    1834.3                        66.46
                    1839.1                        66.60
                    1844.0                        66.74
                    1848.9                        66.89
                    1853.8                        67.03
                    1858.6                        67.17
                    1863.5                        67.31
                    1868.4                        67.45
                    1873.3                        67.60
                    1878.1                        67.74
                    1883.0                        67.88
                    1887.9                        68.02
                    1892.8                        68.16
                    1897.6                        68.31
                    1902.5                        68.45
                    1907.4                        68.59
                    1912.3                        68.73
                    1917.1                        68.87
                    1922.0                        69.01
                    1926.9                        69.15
                    1931.8                        69.30
                    1936.6                        69.44
                    1941.5                        69.58
                    1946.4                        69.72
                    1951.3                        69.86
                    1956.1                        70.00
                    1961.0                        70.14
                    1965.9                        70.28
                    1970.8                        70.43
                    1975.6                        70.57
                    1980.5                        70.71
                    1985.4                        70.85
                    1990.3                        70.99
                    1995.1                        71.13
                    2000.0                        71.27
