
ELEMENT:
                                      Pr

SOURCE:
                           Tanuma, Powell and Penn
                    Surface Interface Anal. 21 (1994) 165.
                 IMFP values determined from TPP-2M equation
                                       

ATOMIC WEIGHT:               140.90765

DENSITY:                       6.7700 g/cm**3

TABULATION:

______________________________________________________________________________

                    Energy                         IMFP
                      eV                        Angstroms
______________________________________________________________________________
                      50.0                         4.70
                      54.9                         4.70
                      59.8                         4.70
                      64.6                         4.71
                      69.5                         4.73
                      74.4                         4.76
                      79.3                         4.80
                      84.1                         4.85
                      89.0                         4.91
                      93.9                         4.97
                      98.8                         5.03
                     103.6                         5.10
                     108.5                         5.17
                     113.4                         5.24
                     118.3                         5.32
                     123.1                         5.39
                     128.0                         5.47
                     132.9                         5.55
                     137.8                         5.63
                     142.6                         5.72
                     147.5                         5.80
                     152.4                         5.88
                     157.3                         5.97
                     162.1                         6.05
                     167.0                         6.14
                     171.9                         6.22
                     176.8                         6.31
                     181.6                         6.40
                     186.5                         6.48
                     191.4                         6.57
                     196.3                         6.66
                     201.1                         6.74
                     206.0                         6.83
                     210.9                         6.92
                     215.8                         7.00
                     220.6                         7.09
                     225.5                         7.18
                     230.4                         7.26
                     235.3                         7.35
                     240.1                         7.44
                     245.0                         7.52
                     249.9                         7.61
                     254.8                         7.70
                     259.6                         7.78
                     264.5                         7.87
                     269.4                         7.95
                     274.3                         8.04
                     279.1                         8.13
                     284.0                         8.21
                     288.9                         8.30
                     293.8                         8.38
                     298.6                         8.47
                     303.5                         8.55
                     308.4                         8.64
                     313.3                         8.72
                     318.1                         8.81
                     323.0                         8.89
                     327.9                         8.98
                     332.8                         9.06
                     337.6                         9.15
                     342.5                         9.23
                     347.4                         9.31
                     352.3                         9.40
                     357.1                         9.48
                     362.0                         9.56
                     366.9                         9.65
                     371.8                         9.73
                     376.6                         9.82
                     381.5                         9.90
                     386.4                         9.98
                     391.3                        10.06
                     396.1                        10.15
                     401.0                        10.23
                     405.9                        10.31
                     410.8                        10.39
                     415.6                        10.48
                     420.5                        10.56
                     425.4                        10.64
                     430.3                        10.72
                     435.1                        10.80
                     440.0                        10.89
                     444.9                        10.97
                     449.8                        11.05
                     454.6                        11.13
                     459.5                        11.21
                     464.4                        11.29
                     469.3                        11.37
                     474.1                        11.45
                     479.0                        11.53
                     483.9                        11.61
                     488.8                        11.69
                     493.6                        11.78
                     498.5                        11.86
                     503.4                        11.94
                     508.3                        12.02
                     513.1                        12.10
                     518.0                        12.17
                     522.9                        12.25
                     527.8                        12.33
                     532.6                        12.41
                     537.5                        12.49
                     542.4                        12.57
                     547.3                        12.65
                     552.1                        12.73
                     557.0                        12.81
                     561.9                        12.89
                     566.8                        12.97
                     571.6                        13.05
                     576.5                        13.12
                     581.4                        13.20
                     586.3                        13.28
                     591.1                        13.36
                     596.0                        13.44
                     600.9                        13.52
                     605.8                        13.59
                     610.6                        13.67
                     615.5                        13.75
                     620.4                        13.83
                     625.3                        13.90
                     630.1                        13.98
                     635.0                        14.06
                     639.9                        14.14
                     644.8                        14.21
                     649.6                        14.29
                     654.5                        14.37
                     659.4                        14.44
                     664.3                        14.52
                     669.1                        14.60
                     674.0                        14.68
                     678.9                        14.75
                     683.8                        14.83
                     688.6                        14.90
                     693.5                        14.98
                     698.4                        15.06
                     703.3                        15.13
                     708.1                        15.21
                     713.0                        15.29
                     717.9                        15.36
                     722.8                        15.44
                     727.6                        15.51
                     732.5                        15.59
                     737.4                        15.67
                     742.3                        15.74
                     747.1                        15.82
                     752.0                        15.89
                     756.9                        15.97
                     761.8                        16.04
                     766.6                        16.12
                     771.5                        16.19
                     776.4                        16.27
                     781.3                        16.34
                     786.1                        16.42
                     791.0                        16.49
                     795.9                        16.57
                     800.8                        16.64
                     805.6                        16.72
                     810.5                        16.79
                     815.4                        16.87
                     820.3                        16.94
                     825.1                        17.02
                     830.0                        17.09
                     834.9                        17.16
                     839.8                        17.24
                     844.6                        17.31
                     849.5                        17.39
                     854.4                        17.46
                     859.3                        17.53
                     864.1                        17.61
                     869.0                        17.68
                     873.9                        17.76
                     878.8                        17.83
                     883.6                        17.90
                     888.5                        17.98
                     893.4                        18.05
                     898.3                        18.12
                     903.1                        18.20
                     908.0                        18.27
                     912.9                        18.34
                     917.8                        18.42
                     922.6                        18.49
                     927.5                        18.56
                     932.4                        18.64
                     937.3                        18.71
                     942.1                        18.78
                     947.0                        18.85
                     951.9                        18.93
                     956.8                        19.00
                     961.6                        19.07
                     966.5                        19.15
                     971.4                        19.22
                     976.3                        19.29
                     981.1                        19.36
                     986.0                        19.44
                     990.9                        19.51
                     995.8                        19.58
                    1000.6                        19.65
                    1005.5                        19.72
                    1010.4                        19.80
                    1015.3                        19.87
                    1020.1                        19.94
                    1025.0                        20.01
                    1029.9                        20.08
                    1034.8                        20.16
                    1039.6                        20.23
                    1044.5                        20.30
                    1049.4                        20.37
                    1054.3                        20.44
                    1059.1                        20.52
                    1064.0                        20.59
                    1068.9                        20.66
                    1073.8                        20.73
                    1078.6                        20.80
                    1083.5                        20.87
                    1088.4                        20.94
                    1093.3                        21.02
                    1098.1                        21.09
                    1103.0                        21.16
                    1107.9                        21.23
                    1112.8                        21.30
                    1117.6                        21.37
                    1122.5                        21.44
                    1127.4                        21.51
                    1132.3                        21.58
                    1137.1                        21.65
                    1142.0                        21.73
                    1146.9                        21.80
                    1151.8                        21.87
                    1156.6                        21.94
                    1161.5                        22.01
                    1166.4                        22.08
                    1171.3                        22.15
                    1176.1                        22.22
                    1181.0                        22.29
                    1185.9                        22.36
                    1190.8                        22.43
                    1195.6                        22.50
                    1200.5                        22.57
                    1205.4                        22.64
                    1210.3                        22.71
                    1215.1                        22.78
                    1220.0                        22.85
                    1224.9                        22.92
                    1229.8                        22.99
                    1234.6                        23.06
                    1239.5                        23.13
                    1244.4                        23.20
                    1249.3                        23.27
                    1254.1                        23.34
                    1259.0                        23.41
                    1263.9                        23.48
                    1268.8                        23.55
                    1273.6                        23.62
                    1278.5                        23.69
                    1283.4                        23.76
                    1288.3                        23.83
                    1293.1                        23.90
                    1298.0                        23.97
                    1302.9                        24.04
                    1307.8                        24.11
                    1312.6                        24.18
                    1317.5                        24.25
                    1322.4                        24.31
                    1327.3                        24.38
                    1332.1                        24.45
                    1337.0                        24.52
                    1341.9                        24.59
                    1346.8                        24.66
                    1351.6                        24.73
                    1356.5                        24.80
                    1361.4                        24.87
                    1366.3                        24.94
                    1371.1                        25.01
                    1376.0                        25.07
                    1380.9                        25.14
                    1385.8                        25.21
                    1390.6                        25.28
                    1395.5                        25.35
                    1400.4                        25.42
                    1405.3                        25.49
                    1410.1                        25.55
                    1415.0                        25.62
                    1419.9                        25.69
                    1424.8                        25.76
                    1429.6                        25.83
                    1434.5                        25.90
                    1439.4                        25.97
                    1444.3                        26.03
                    1449.1                        26.10
                    1454.0                        26.17
                    1458.9                        26.24
                    1463.8                        26.31
                    1468.6                        26.37
                    1473.5                        26.44
                    1478.4                        26.51
                    1483.3                        26.58
                    1488.1                        26.65
                    1493.0                        26.71
                    1497.9                        26.78
                    1502.8                        26.85
                    1507.6                        26.92
                    1512.5                        26.99
                    1517.4                        27.05
                    1522.3                        27.12
                    1527.1                        27.19
                    1532.0                        27.26
                    1536.9                        27.33
                    1541.8                        27.39
                    1546.6                        27.46
                    1551.5                        27.53
                    1556.4                        27.60
                    1561.3                        27.66
                    1566.1                        27.73
                    1571.0                        27.80
                    1575.9                        27.87
                    1580.8                        27.93
                    1585.6                        28.00
                    1590.5                        28.07
                    1595.4                        28.14
                    1600.3                        28.20
                    1605.1                        28.27
                    1610.0                        28.34
                    1614.9                        28.40
                    1619.8                        28.47
                    1624.6                        28.54
                    1629.5                        28.61
                    1634.4                        28.67
                    1639.3                        28.74
                    1644.1                        28.81
                    1649.0                        28.87
                    1653.9                        28.94
                    1658.8                        29.01
                    1663.6                        29.07
                    1668.5                        29.14
                    1673.4                        29.21
                    1678.3                        29.27
                    1683.1                        29.34
                    1688.0                        29.41
                    1692.9                        29.47
                    1697.8                        29.54
                    1702.6                        29.61
                    1707.5                        29.67
                    1712.4                        29.74
                    1717.3                        29.81
                    1722.1                        29.87
                    1727.0                        29.94
                    1731.9                        30.01
                    1736.8                        30.07
                    1741.6                        30.14
                    1746.5                        30.21
                    1751.4                        30.27
                    1756.3                        30.34
                    1761.1                        30.41
                    1766.0                        30.47
                    1770.9                        30.54
                    1775.8                        30.60
                    1780.6                        30.67
                    1785.5                        30.74
                    1790.4                        30.80
                    1795.3                        30.87
                    1800.1                        30.94
                    1805.0                        31.00
                    1809.9                        31.07
                    1814.8                        31.13
                    1819.6                        31.20
                    1824.5                        31.27
                    1829.4                        31.33
                    1834.3                        31.40
                    1839.1                        31.46
                    1844.0                        31.53
                    1848.9                        31.60
                    1853.8                        31.66
                    1858.6                        31.73
                    1863.5                        31.79
                    1868.4                        31.86
                    1873.3                        31.92
                    1878.1                        31.99
                    1883.0                        32.06
                    1887.9                        32.12
                    1892.8                        32.19
                    1897.6                        32.25
                    1902.5                        32.32
                    1907.4                        32.38
                    1912.3                        32.45
                    1917.1                        32.51
                    1922.0                        32.58
                    1926.9                        32.65
                    1931.8                        32.71
                    1936.6                        32.78
                    1941.5                        32.84
                    1946.4                        32.91
                    1951.3                        32.97
                    1956.1                        33.04
                    1961.0                        33.10
                    1965.9                        33.17
                    1970.8                        33.23
                    1975.6                        33.30
                    1980.5                        33.36
                    1985.4                        33.43
                    1990.3                        33.49
                    1995.1                        33.56
                    2000.0                        33.62
