
ELEMENT:
                                      Sm

SOURCE:
                           Tanuma, Powell and Penn
                    Surface Interface Anal. 21 (1994) 165.
                 IMFP values determined from TPP-2M equation
                                       

ATOMIC WEIGHT:               150.36000

DENSITY:                       7.5200 g/cm**3

TABULATION:

______________________________________________________________________________

                    Energy                         IMFP
                      eV                        Angstroms
______________________________________________________________________________
                      50.0                         4.79
                      54.9                         4.77
                      59.8                         4.75
                      64.6                         4.75
                      69.5                         4.76
                      74.4                         4.78
                      79.3                         4.81
                      84.1                         4.84
                      89.0                         4.89
                      93.9                         4.94
                      98.8                         5.00
                     103.6                         5.06
                     108.5                         5.13
                     113.4                         5.20
                     118.3                         5.27
                     123.1                         5.34
                     128.0                         5.42
                     132.9                         5.49
                     137.8                         5.57
                     142.6                         5.65
                     147.5                         5.73
                     152.4                         5.81
                     157.3                         5.89
                     162.1                         5.97
                     167.0                         6.05
                     171.9                         6.14
                     176.8                         6.22
                     181.6                         6.30
                     186.5                         6.39
                     191.4                         6.47
                     196.3                         6.55
                     201.1                         6.64
                     206.0                         6.72
                     210.9                         6.81
                     215.8                         6.89
                     220.6                         6.97
                     225.5                         7.06
                     230.4                         7.14
                     235.3                         7.23
                     240.1                         7.31
                     245.0                         7.39
                     249.9                         7.48
                     254.8                         7.56
                     259.6                         7.64
                     264.5                         7.73
                     269.4                         7.81
                     274.3                         7.89
                     279.1                         7.98
                     284.0                         8.06
                     288.9                         8.14
                     293.8                         8.23
                     298.6                         8.31
                     303.5                         8.39
                     308.4                         8.48
                     313.3                         8.56
                     318.1                         8.64
                     323.0                         8.72
                     327.9                         8.80
                     332.8                         8.89
                     337.6                         8.97
                     342.5                         9.05
                     347.4                         9.13
                     352.3                         9.21
                     357.1                         9.30
                     362.0                         9.38
                     366.9                         9.46
                     371.8                         9.54
                     376.6                         9.62
                     381.5                         9.70
                     386.4                         9.78
                     391.3                         9.86
                     396.1                         9.94
                     401.0                        10.02
                     405.9                        10.10
                     410.8                        10.18
                     415.6                        10.26
                     420.5                        10.34
                     425.4                        10.42
                     430.3                        10.50
                     435.1                        10.58
                     440.0                        10.66
                     444.9                        10.74
                     449.8                        10.82
                     454.6                        10.90
                     459.5                        10.98
                     464.4                        11.05
                     469.3                        11.13
                     474.1                        11.21
                     479.0                        11.29
                     483.9                        11.37
                     488.8                        11.45
                     493.6                        11.52
                     498.5                        11.60
                     503.4                        11.68
                     508.3                        11.76
                     513.1                        11.84
                     518.0                        11.91
                     522.9                        11.99
                     527.8                        12.07
                     532.6                        12.15
                     537.5                        12.22
                     542.4                        12.30
                     547.3                        12.38
                     552.1                        12.45
                     557.0                        12.53
                     561.9                        12.61
                     566.8                        12.68
                     571.6                        12.76
                     576.5                        12.84
                     581.4                        12.91
                     586.3                        12.99
                     591.1                        13.07
                     596.0                        13.14
                     600.9                        13.22
                     605.8                        13.29
                     610.6                        13.37
                     615.5                        13.44
                     620.4                        13.52
                     625.3                        13.60
                     630.1                        13.67
                     635.0                        13.75
                     639.9                        13.82
                     644.8                        13.90
                     649.6                        13.97
                     654.5                        14.05
                     659.4                        14.12
                     664.3                        14.20
                     669.1                        14.27
                     674.0                        14.35
                     678.9                        14.42
                     683.8                        14.49
                     688.6                        14.57
                     693.5                        14.64
                     698.4                        14.72
                     703.3                        14.79
                     708.1                        14.87
                     713.0                        14.94
                     717.9                        15.01
                     722.8                        15.09
                     727.6                        15.16
                     732.5                        15.23
                     737.4                        15.31
                     742.3                        15.38
                     747.1                        15.45
                     752.0                        15.53
                     756.9                        15.60
                     761.8                        15.67
                     766.6                        15.75
                     771.5                        15.82
                     776.4                        15.89
                     781.3                        15.97
                     786.1                        16.04
                     791.0                        16.11
                     795.9                        16.19
                     800.8                        16.26
                     805.6                        16.33
                     810.5                        16.40
                     815.4                        16.48
                     820.3                        16.55
                     825.1                        16.62
                     830.0                        16.69
                     834.9                        16.77
                     839.8                        16.84
                     844.6                        16.91
                     849.5                        16.98
                     854.4                        17.05
                     859.3                        17.13
                     864.1                        17.20
                     869.0                        17.27
                     873.9                        17.34
                     878.8                        17.41
                     883.6                        17.48
                     888.5                        17.56
                     893.4                        17.63
                     898.3                        17.70
                     903.1                        17.77
                     908.0                        17.84
                     912.9                        17.91
                     917.8                        17.98
                     922.6                        18.05
                     927.5                        18.13
                     932.4                        18.20
                     937.3                        18.27
                     942.1                        18.34
                     947.0                        18.41
                     951.9                        18.48
                     956.8                        18.55
                     961.6                        18.62
                     966.5                        18.69
                     971.4                        18.76
                     976.3                        18.83
                     981.1                        18.90
                     986.0                        18.97
                     990.9                        19.04
                     995.8                        19.12
                    1000.6                        19.19
                    1005.5                        19.26
                    1010.4                        19.33
                    1015.3                        19.40
                    1020.1                        19.47
                    1025.0                        19.54
                    1029.9                        19.61
                    1034.8                        19.68
                    1039.6                        19.75
                    1044.5                        19.82
                    1049.4                        19.89
                    1054.3                        19.95
                    1059.1                        20.02
                    1064.0                        20.09
                    1068.9                        20.16
                    1073.8                        20.23
                    1078.6                        20.30
                    1083.5                        20.37
                    1088.4                        20.44
                    1093.3                        20.51
                    1098.1                        20.58
                    1103.0                        20.65
                    1107.9                        20.72
                    1112.8                        20.79
                    1117.6                        20.86
                    1122.5                        20.93
                    1127.4                        20.99
                    1132.3                        21.06
                    1137.1                        21.13
                    1142.0                        21.20
                    1146.9                        21.27
                    1151.8                        21.34
                    1156.6                        21.41
                    1161.5                        21.48
                    1166.4                        21.54
                    1171.3                        21.61
                    1176.1                        21.68
                    1181.0                        21.75
                    1185.9                        21.82
                    1190.8                        21.89
                    1195.6                        21.96
                    1200.5                        22.02
                    1205.4                        22.09
                    1210.3                        22.16
                    1215.1                        22.23
                    1220.0                        22.30
                    1224.9                        22.36
                    1229.8                        22.43
                    1234.6                        22.50
                    1239.5                        22.57
                    1244.4                        22.64
                    1249.3                        22.70
                    1254.1                        22.77
                    1259.0                        22.84
                    1263.9                        22.91
                    1268.8                        22.98
                    1273.6                        23.04
                    1278.5                        23.11
                    1283.4                        23.18
                    1288.3                        23.25
                    1293.1                        23.31
                    1298.0                        23.38
                    1302.9                        23.45
                    1307.8                        23.52
                    1312.6                        23.58
                    1317.5                        23.65
                    1322.4                        23.72
                    1327.3                        23.79
                    1332.1                        23.85
                    1337.0                        23.92
                    1341.9                        23.99
                    1346.8                        24.05
                    1351.6                        24.12
                    1356.5                        24.19
                    1361.4                        24.26
                    1366.3                        24.32
                    1371.1                        24.39
                    1376.0                        24.46
                    1380.9                        24.52
                    1385.8                        24.59
                    1390.6                        24.66
                    1395.5                        24.72
                    1400.4                        24.79
                    1405.3                        24.86
                    1410.1                        24.92
                    1415.0                        24.99
                    1419.9                        25.06
                    1424.8                        25.12
                    1429.6                        25.19
                    1434.5                        25.26
                    1439.4                        25.32
                    1444.3                        25.39
                    1449.1                        25.46
                    1454.0                        25.52
                    1458.9                        25.59
                    1463.8                        25.65
                    1468.6                        25.72
                    1473.5                        25.79
                    1478.4                        25.85
                    1483.3                        25.92
                    1488.1                        25.99
                    1493.0                        26.05
                    1497.9                        26.12
                    1502.8                        26.18
                    1507.6                        26.25
                    1512.5                        26.32
                    1517.4                        26.38
                    1522.3                        26.45
                    1527.1                        26.51
                    1532.0                        26.58
                    1536.9                        26.64
                    1541.8                        26.71
                    1546.6                        26.78
                    1551.5                        26.84
                    1556.4                        26.91
                    1561.3                        26.97
                    1566.1                        27.04
                    1571.0                        27.10
                    1575.9                        27.17
                    1580.8                        27.24
                    1585.6                        27.30
                    1590.5                        27.37
                    1595.4                        27.43
                    1600.3                        27.50
                    1605.1                        27.56
                    1610.0                        27.63
                    1614.9                        27.69
                    1619.8                        27.76
                    1624.6                        27.82
                    1629.5                        27.89
                    1634.4                        27.95
                    1639.3                        28.02
                    1644.1                        28.08
                    1649.0                        28.15
                    1653.9                        28.21
                    1658.8                        28.28
                    1663.6                        28.34
                    1668.5                        28.41
                    1673.4                        28.47
                    1678.3                        28.54
                    1683.1                        28.60
                    1688.0                        28.67
                    1692.9                        28.73
                    1697.8                        28.80
                    1702.6                        28.86
                    1707.5                        28.93
                    1712.4                        28.99
                    1717.3                        29.06
                    1722.1                        29.12
                    1727.0                        29.19
                    1731.9                        29.25
                    1736.8                        29.32
                    1741.6                        29.38
                    1746.5                        29.45
                    1751.4                        29.51
                    1756.3                        29.57
                    1761.1                        29.64
                    1766.0                        29.70
                    1770.9                        29.77
                    1775.8                        29.83
                    1780.6                        29.90
                    1785.5                        29.96
                    1790.4                        30.03
                    1795.3                        30.09
                    1800.1                        30.15
                    1805.0                        30.22
                    1809.9                        30.28
                    1814.8                        30.35
                    1819.6                        30.41
                    1824.5                        30.48
                    1829.4                        30.54
                    1834.3                        30.60
                    1839.1                        30.67
                    1844.0                        30.73
                    1848.9                        30.80
                    1853.8                        30.86
                    1858.6                        30.92
                    1863.5                        30.99
                    1868.4                        31.05
                    1873.3                        31.11
                    1878.1                        31.18
                    1883.0                        31.24
                    1887.9                        31.31
                    1892.8                        31.37
                    1897.6                        31.43
                    1902.5                        31.50
                    1907.4                        31.56
                    1912.3                        31.63
                    1917.1                        31.69
                    1922.0                        31.75
                    1926.9                        31.82
                    1931.8                        31.88
                    1936.6                        31.94
                    1941.5                        32.01
                    1946.4                        32.07
                    1951.3                        32.13
                    1956.1                        32.20
                    1961.0                        32.26
                    1965.9                        32.32
                    1970.8                        32.39
                    1975.6                        32.45
                    1980.5                        32.51
                    1985.4                        32.58
                    1990.3                        32.64
                    1995.1                        32.70
                    2000.0                        32.77
