
ELEMENT:
                                      Tl

SOURCE:
                                     Koch
         Thesis, Eberhard-Karls-Universitat, Tubingen, Germany (1996)
           IMFPs determined from the intensity of the elastic peak
       Multiple elastic scattering simulated by the Monte Carlo method

ATOMIC WEIGHT:               204.38330

DENSITY:                      11.8000 g/cm**3

TABULATION:

______________________________________________________________________________

                    Energy                         IMFP
                      eV                        Angstroms
______________________________________________________________________________
                     600.0                         9.45
                     603.5                         9.50
                     607.0                         9.54
                     610.5                         9.59
                     614.0                         9.63
                     617.5                         9.68
                     621.0                         9.72
                     624.5                         9.77
                     628.0                         9.81
                     631.5                         9.86
                     635.0                         9.90
                     638.5                         9.95
                     642.0                         9.99
                     645.5                        10.04
                     649.0                        10.08
                     652.5                        10.12
                     656.0                        10.17
                     659.5                        10.21
                     663.0                        10.26
                     666.5                        10.30
                     670.0                        10.35
                     673.5                        10.39
                     677.0                        10.43
                     680.5                        10.48
                     684.0                        10.52
                     687.5                        10.57
                     691.0                        10.61
                     694.5                        10.65
                     698.0                        10.70
                     701.5                        10.74
                     705.0                        10.79
                     708.5                        10.83
                     712.0                        10.87
                     715.5                        10.92
                     719.0                        10.96
                     722.5                        11.00
                     726.0                        11.05
                     729.5                        11.09
                     733.0                        11.13
                     736.5                        11.18
                     740.0                        11.22
                     743.5                        11.26
                     747.0                        11.31
                     750.5                        11.35
                     754.0                        11.39
                     757.5                        11.44
                     761.0                        11.48
                     764.5                        11.52
                     768.0                        11.57
                     771.5                        11.61
                     775.0                        11.65
                     778.5                        11.70
                     782.0                        11.74
                     785.5                        11.78
                     789.0                        11.82
                     792.5                        11.87
                     796.0                        11.91
                     799.5                        11.95
                     803.0                        12.00
                     806.5                        12.04
                     810.0                        12.08
                     813.5                        12.12
                     817.0                        12.17
                     820.5                        12.21
                     824.0                        12.25
                     827.5                        12.29
                     831.0                        12.34
                     834.5                        12.38
                     838.0                        12.42
                     841.5                        12.46
                     845.0                        12.51
                     848.5                        12.55
                     852.0                        12.59
                     855.5                        12.63
                     859.0                        12.67
                     862.5                        12.72
                     866.0                        12.76
                     869.5                        12.80
                     873.0                        12.84
                     876.5                        12.89
                     880.0                        12.93
                     883.5                        12.97
                     887.0                        13.01
                     890.5                        13.05
                     894.0                        13.10
                     897.5                        13.14
                     901.0                        13.18
                     904.5                        13.22
                     908.0                        13.26
                     911.5                        13.30
                     915.0                        13.35
                     918.5                        13.39
                     922.0                        13.43
                     925.5                        13.47
                     929.0                        13.51
                     932.5                        13.55
                     936.0                        13.60
                     939.5                        13.64
                     943.0                        13.68
                     946.5                        13.72
                     950.0                        13.76
                     953.5                        13.80
                     957.0                        13.84
                     960.5                        13.89
                     964.0                        13.93
                     967.5                        13.97
                     971.0                        14.01
                     974.5                        14.05
                     978.0                        14.09
                     981.5                        14.13
                     985.0                        14.17
                     988.5                        14.22
                     992.0                        14.26
                     995.5                        14.30
                     999.0                        14.34
                    1002.5                        14.38
                    1006.0                        14.42
                    1009.5                        14.46
                    1013.0                        14.50
                    1016.5                        14.54
                    1020.0                        14.58
                    1023.5                        14.63
                    1027.0                        14.67
                    1030.5                        14.71
                    1034.0                        14.75
                    1037.5                        14.79
                    1041.0                        14.83
                    1044.5                        14.87
                    1048.0                        14.91
                    1051.5                        14.95
                    1055.0                        14.99
                    1058.5                        15.03
                    1062.0                        15.07
                    1065.5                        15.11
                    1069.0                        15.15
                    1072.5                        15.19
                    1076.0                        15.24
                    1079.5                        15.28
                    1083.0                        15.32
                    1086.5                        15.36
                    1090.0                        15.40
                    1093.5                        15.44
                    1097.0                        15.48
                    1100.5                        15.52
                    1104.0                        15.56
                    1107.5                        15.60
                    1111.0                        15.64
                    1114.5                        15.68
                    1118.0                        15.72
                    1121.5                        15.76
                    1125.0                        15.80
                    1128.5                        15.84
                    1132.0                        15.88
                    1135.5                        15.92
                    1139.0                        15.96
                    1142.5                        16.00
                    1146.0                        16.04
                    1149.5                        16.08
                    1153.0                        16.12
                    1156.5                        16.16
                    1160.0                        16.20
                    1163.5                        16.24
                    1167.0                        16.28
                    1170.5                        16.32
                    1174.0                        16.36
                    1177.5                        16.40
                    1181.0                        16.44
                    1184.5                        16.48
                    1188.0                        16.52
                    1191.5                        16.56
                    1195.0                        16.60
                    1198.5                        16.64
                    1202.0                        16.68
                    1205.5                        16.72
                    1209.0                        16.76
                    1212.5                        16.80
                    1216.0                        16.84
                    1219.5                        16.88
                    1223.0                        16.92
                    1226.5                        16.96
                    1230.0                        16.99
                    1233.5                        17.03
                    1237.0                        17.07
                    1240.5                        17.11
                    1244.0                        17.15
                    1247.5                        17.19
                    1251.0                        17.23
                    1254.5                        17.27
                    1258.0                        17.31
                    1261.5                        17.35
                    1265.0                        17.39
                    1268.5                        17.43
                    1272.0                        17.47
                    1275.5                        17.51
                    1279.0                        17.55
                    1282.5                        17.59
                    1286.0                        17.62
                    1289.5                        17.66
                    1293.0                        17.70
                    1296.5                        17.74
                    1300.0                        17.78
                    1303.5                        17.82
                    1307.0                        17.86
                    1310.5                        17.90
                    1314.0                        17.94
                    1317.5                        17.98
                    1321.0                        18.02
                    1324.5                        18.05
                    1328.0                        18.09
                    1331.5                        18.13
                    1335.0                        18.17
                    1338.5                        18.21
                    1342.0                        18.25
                    1345.5                        18.29
                    1349.0                        18.33
                    1352.5                        18.37
                    1356.0                        18.40
                    1359.5                        18.44
                    1363.0                        18.48
                    1366.5                        18.52
                    1370.0                        18.56
                    1373.5                        18.60
                    1377.0                        18.64
                    1380.5                        18.68
                    1384.0                        18.71
                    1387.5                        18.75
                    1391.0                        18.79
                    1394.5                        18.83
                    1398.0                        18.87
                    1401.5                        18.91
                    1405.0                        18.95
                    1408.5                        18.98
                    1412.0                        19.02
                    1415.5                        19.06
                    1419.0                        19.10
                    1422.5                        19.14
                    1426.0                        19.18
                    1429.5                        19.22
                    1433.0                        19.25
                    1436.5                        19.29
                    1440.0                        19.33
                    1443.5                        19.37
                    1447.0                        19.41
                    1450.5                        19.45
                    1454.0                        19.48
                    1457.5                        19.52
                    1461.0                        19.56
                    1464.5                        19.60
                    1468.0                        19.64
                    1471.5                        19.68
                    1475.0                        19.71
                    1478.5                        19.75
                    1482.0                        19.79
                    1485.5                        19.83
                    1489.0                        19.87
                    1492.5                        19.90
                    1496.0                        19.94
                    1499.5                        19.98
                    1503.0                        20.02
                    1506.5                        20.06
                    1510.0                        20.09
                    1513.5                        20.13
                    1517.0                        20.17
                    1520.5                        20.21
                    1524.0                        20.25
                    1527.5                        20.29
                    1531.0                        20.32
                    1534.5                        20.36
                    1538.0                        20.40
                    1541.5                        20.44
                    1545.0                        20.47
                    1548.5                        20.51
                    1552.0                        20.55
                    1555.5                        20.59
                    1559.0                        20.63
                    1562.5                        20.66
                    1566.0                        20.70
                    1569.5                        20.74
                    1573.0                        20.78
                    1576.5                        20.82
                    1580.0                        20.85
                    1583.5                        20.89
                    1587.0                        20.93
                    1590.5                        20.97
                    1594.0                        21.00
                    1597.5                        21.04
                    1601.0                        21.08
                    1604.5                        21.12
                    1608.0                        21.15
                    1611.5                        21.19
                    1615.0                        21.23
                    1618.5                        21.27
                    1622.0                        21.30
                    1625.5                        21.34
                    1629.0                        21.38
                    1632.5                        21.42
                    1636.0                        21.45
                    1639.5                        21.49
                    1643.0                        21.53
                    1646.5                        21.57
                    1650.0                        21.60
                    1653.5                        21.64
                    1657.0                        21.68
                    1660.5                        21.72
                    1664.0                        21.75
                    1667.5                        21.79
                    1671.0                        21.83
                    1674.5                        21.87
                    1678.0                        21.90
                    1681.5                        21.94
                    1685.0                        21.98
                    1688.5                        22.02
                    1692.0                        22.05
                    1695.5                        22.09
                    1699.0                        22.13
                    1702.5                        22.16
                    1706.0                        22.20
                    1709.5                        22.24
                    1713.0                        22.28
                    1716.5                        22.31
                    1720.0                        22.35
                    1723.5                        22.39
                    1727.0                        22.42
                    1730.5                        22.46
                    1734.0                        22.50
                    1737.5                        22.54
                    1741.0                        22.57
                    1744.5                        22.61
                    1748.0                        22.65
                    1751.5                        22.68
                    1755.0                        22.72
                    1758.5                        22.76
                    1762.0                        22.80
                    1765.5                        22.83
                    1769.0                        22.87
                    1772.5                        22.91
                    1776.0                        22.94
                    1779.5                        22.98
                    1783.0                        23.02
                    1786.5                        23.05
                    1790.0                        23.09
                    1793.5                        23.13
                    1797.0                        23.16
                    1800.5                        23.20
                    1804.0                        23.24
                    1807.5                        23.28
                    1811.0                        23.31
                    1814.5                        23.35
                    1818.0                        23.39
                    1821.5                        23.42
                    1825.0                        23.46
                    1828.5                        23.50
                    1832.0                        23.53
                    1835.5                        23.57
                    1839.0                        23.61
                    1842.5                        23.64
                    1846.0                        23.68
                    1849.5                        23.72
                    1853.0                        23.75
                    1856.5                        23.79
                    1860.0                        23.83
                    1863.5                        23.86
                    1867.0                        23.90
                    1870.5                        23.94
                    1874.0                        23.97
                    1877.5                        24.01
                    1881.0                        24.05
                    1884.5                        24.08
                    1888.0                        24.12
                    1891.5                        24.16
                    1895.0                        24.19
                    1898.5                        24.23
                    1902.0                        24.26
                    1905.5                        24.30
                    1909.0                        24.34
                    1912.5                        24.37
                    1916.0                        24.41
                    1919.5                        24.45
                    1923.0                        24.48
                    1926.5                        24.52
                    1930.0                        24.56
                    1933.5                        24.59
                    1937.0                        24.63
                    1940.5                        24.67
                    1944.0                        24.70
                    1947.5                        24.74
                    1951.0                        24.77
                    1954.5                        24.81
                    1958.0                        24.85
                    1961.5                        24.88
                    1965.0                        24.92
                    1968.5                        24.96
                    1972.0                        24.99
                    1975.5                        25.03
                    1979.0                        25.06
                    1982.5                        25.10
                    1986.0                        25.14
                    1989.5                        25.17
                    1993.0                        25.21
                    1996.5                        25.25
                    2000.0                        25.28
