60	3.289	3.295	3.29	-0.2697	-0.263	-0.2577
65	5.154	5.142	5.137	0.1565	0.1576	0.1612
70	6.243	6.223	6.221	0.4836	0.4825	0.4848
75	6.703	6.691	6.692	0.7051	0.7038	0.7052
80	6.796	6.798	6.8	0.8607	0.8599	0.8607
85	6.695	6.709	6.711	0.9753	0.975	0.9753
90	6.492	6.511	6.513	1.063	1.063	1.063
95	6.228	6.246	6.247	1.133	1.133	1.133
100	5.925	5.938	5.938	1.189	1.189	1.189
105	5.598	5.603	5.603	1.236	1.236	1.235
110	5.258	5.256	5.256	1.275	1.274	1.274
115	4.917	4.908	4.908	1.308	1.307	1.306
120	4.583	4.57	4.571	1.336	1.335	1.334
125	4.262	4.248	4.249	1.359	1.358	1.357
130	3.96	3.946	3.948	1.379	1.378	1.377
132.3	3.827	3.815	3.817	1.388	1.387	1.386
135	3.678	3.667	3.669	1.396	1.396	1.395
140	3.417	3.41	3.412	1.411	1.41	1.409
145	3.178	3.175	3.177	1.423	1.423	1.422
150	2.96	2.96	2.962	1.434	1.434	1.433
151.4	2.902	2.904	2.906	1.436	1.437	1.436
155	2.76	2.764	2.766	1.443	1.444	1.443
160	2.577	2.584	2.586	1.451	1.452	1.451
165	2.411	2.419	2.42	1.457	1.459	1.458
170	2.258	2.267	2.268	1.463	1.465	1.464
175	2.118	2.127	2.128	1.468	1.471	1.469
180	1.99	1.998	1.998	1.473	1.475	1.474
185	1.872	1.878	1.879	1.477	1.479	1.478
190	1.763	1.767	1.768	1.48	1.482	1.481
195	1.662	1.665	1.665	1.483	1.484	1.483
200	1.568	1.569	1.569	1.486	1.487	1.485
205	1.482	1.48	1.48	1.488	1.488	1.487
210	1.401	1.398	1.398	1.49	1.489	1.488
215	1.325	1.321	1.321	1.491	1.49	1.489
220	1.254	1.25	1.25	1.492	1.49	1.489
225	1.188	1.183	1.183	1.493	1.491	1.49
230	1.126	1.121	1.121	1.493	1.49	1.489
235	1.068	1.063	1.063	1.492	1.49	1.489
240	1.014	1.009	1.009	1.492	1.489	1.488
245	0.9625	0.9584	0.9589	1.491	1.488	1.488
250	0.9143	0.9112	0.9117	1.49	1.487	1.486
255	0.8691	0.8669	0.8675	1.488	1.486	1.485
260	0.8265	0.8254	0.826	1.486	1.484	1.484
265	0.7866	0.7865	0.7871	1.484	1.483	1.482
270	0.7491	0.7499	0.7505	1.482	1.481	1.481
275	0.7138	0.7156	0.7161	1.48	1.479	1.479
280	0.6808	0.6832	0.6836	1.477	1.477	1.477
285	0.6497	0.6527	0.6531	1.475	1.475	1.475
290	0.6206	0.6239	0.6242	1.472	1.473	1.473
295	0.5932	0.5967	0.597	1.469	1.471	1.47
300	0.5675	0.5711	0.5712	1.466	1.469	1.468
305	0.5434	0.5468	0.5469	1.464	1.466	1.466
310	0.5207	0.5238	0.5239	1.461	1.464	1.463
315	0.4993	0.5021	0.5021	1.458	1.461	1.461
320	0.4792	0.4815	0.4814	1.455	1.459	1.458
325	0.4602	0.4619	0.4618	1.453	1.456	1.455
330	0.4422	0.4434	0.4433	1.45	1.453	1.452
335	0.4252	0.4258	0.4257	1.448	1.451	1.45
340	0.4091	0.4091	0.409	1.445	1.448	1.447
345	0.3938	0.3932	0.3931	1.443	1.445	1.444
350	0.3792	0.3781	0.378	1.44	1.442	1.441
355	0.3652	0.3638	0.3637	1.438	1.439	1.438
360	0.3519	0.3501	0.35	1.436	1.436	1.435
380	0.3041	0.3016	0.3017	1.425	1.424	1.423
400	0.2633	0.2615	0.2616	1.414	1.411	1.41
420	0.2286	0.228	0.2282	1.401	1.398	1.397
440	0.1992	0.1999	0.2001	1.387	1.384	1.384
460	0.1747	0.1762	0.1763	1.371	1.371	1.371
480	0.1544	0.156	0.156	1.356	1.358	1.358
500	0.1376	0.1387	0.1386	1.342	1.345	1.345
520	0.1234	0.1237	0.1237	1.329	1.332	1.332
540	0.1113	0.1108	0.1107	1.317	1.319	1.319
560	0.1005	0.09952	0.09948	1.305	1.307	1.306
580	0.0908	0.08966	0.08966	1.295	1.294	1.293
600	0.08193	0.08102	0.08105	1.283	1.281	1.281
620	0.07388	0.07342	0.07347	1.272	1.268	1.268
640	0.06667	0.06673	0.06678	1.259	1.256	1.256
660	0.06032	0.06081	0.06085	1.246	1.244	1.244
680	0.05482	0.05556	0.05558	1.233	1.232	1.232
700	0.05011	0.05088	0.05088	1.219	1.22	1.22
720	0.0461	0.0467	0.04667	1.206	1.208	1.208
740	0.04264	0.04294	0.04291	1.194	1.197	1.197
760	0.03959	0.03956	0.03952	1.183	1.186	1.185
780	0.03683	0.03649	0.03646	1.172	1.174	1.174
800	0.03425	0.03372	0.0337	1.162	1.163	1.163
850	0.02833	0.02787	0.02788	1.137	1.137	1.136
900	0.02319	0.02326	0.02328	1.112	1.111	1.111
950	0.01918	0.01961	0.01961	1.086	1.086	1.086
1000	0.01637	0.01666	0.01665	1.062	1.062	1.062
1041	0.01467	0.01465	0.01463	1.044	1.043	1.043
1050	0.01433	0.01425	0.01423	1.04	1.039	1.039
1100	0.01256	0.01225	0.01224	1.018	1.017	1.017
1150	0.01081	0.01058	0.01059	0.9945	0.996	0.9962
1200	0.009177	0.009204	0.009213	0.9717	0.9757	0.9758
1250	0.007834	0.008053	0.008056	0.9529	0.9562	0.9561
1253.6	0.007752	0.007977	0.007979	0.9517	0.9548	0.9547
1300	0.006872	0.007082	0.007076	0.9387	0.9374	0.9373
1350	0.006208	0.006255	0.006244	0.9257	0.9192	0.9192
1400	0.005668	0.005539	0.005531	0.9091	0.9014	0.9016
1450	0.005111	0.00492	0.004918	0.8871	0.8843	0.8848
1486.6	0.004669	0.004522	0.004524	0.8688	0.8724	0.8728
1500	0.004503	0.004386	0.00439	0.862	0.8681	0.8686
