910	0.1517	0.1514	0.1524	2	2	2
915	0.1439	0.1436	0.1445	2	2	2
920	0.1391	0.1389	0.1397	2	2	2
925	0.1364	0.1361	0.137	2	2	2
930	0.1349	0.1346	0.1354	2	2	2
935	0.1341	0.1338	0.1346	2	2	2
940	0.1336	0.1334	0.1342	2	2	2
945	0.1334	0.1331	0.1339	2	2	2
950	0.1331	0.1329	0.1337	2	2	2
955	0.1327	0.1325	0.1333	2	2	2
960	0.1322	0.132	0.1328	2	2	2
965	0.1316	0.1314	0.1322	2	2	2
970	0.1308	0.1307	0.1314	2	2	2
975	0.13	0.1298	0.1306	2	2	2
980	0.129	0.1289	0.1296	2	2	2
985	0.128	0.1279	0.1287	2	2	2
990	0.127	0.1269	0.1277	2	2	2
995	0.126	0.1259	0.1266	2	2	2
1000	0.125	0.1249	0.1256	2	2	2
1005	0.124	0.1239	0.1247	2	2	2
1010	0.1231	0.123	0.1237	2	2	2
1015	0.1222	0.1221	0.1228	2	2	2
1020	0.1213	0.1212	0.1219	2	2	2
1025	0.1204	0.1204	0.1211	2	2	2
1030	0.1196	0.1196	0.1203	2	2	2
1035	0.1188	0.1188	0.1195	2	2	2
1040	0.118	0.118	0.1187	2	2	2
1041	0.1178	0.1178	0.1185	2	2	2
1045	0.1172	0.1172	0.1179	2	2	2
1050	0.1164	0.1164	0.1171	2	2	2
1055	0.1156	0.1156	0.1163	2	2	2
1060	0.1149	0.1149	0.1156	2	2	2
1065	0.1141	0.1141	0.1148	2	2	2
1070	0.1133	0.1133	0.114	2	2	2
1075	0.1125	0.1125	0.1132	2	2	2
1080	0.1117	0.1118	0.1124	2	2	2
1085	0.1109	0.111	0.1116	2	2	2
1090	0.1101	0.1102	0.1108	2	2	2
1095	0.1094	0.1094	0.1101	2	2	2
1100	0.1086	0.1086	0.1093	2	2	2
1105	0.1078	0.1079	0.1085	2	2	2
1110	0.107	0.1071	0.1078	2	2	2
1115	0.1063	0.1064	0.107	2	2	2
1120	0.1055	0.1056	0.1063	2	2	2
1125	0.1048	0.1049	0.1055	2	2	2
1130	0.1041	0.1042	0.1048	2	2	2
1135	0.1034	0.1035	0.1041	2	2	2
1140	0.1027	0.1028	0.1034	2	2	2
1145	0.102	0.1021	0.1027	2	2	2
1150	0.1013	0.1014	0.102	2	2	2
1155	0.1006	0.1007	0.1013	2	2	2
1160	0.09998	0.1001	0.1007	2	2	2
1165	0.09933	0.09943	0.1	2	2	2
1170	0.09868	0.09878	0.09935	2	2	2
1175	0.09804	0.09814	0.0987	2	2	2
1180	0.0974	0.09751	0.09807	2	2	2
1185	0.09678	0.09688	0.09743	2	2	2
1190	0.09615	0.09625	0.0968	2	2	2
1195	0.09553	0.09563	0.09618	2	2	2
1200	0.09492	0.09502	0.09556	2	2	2
1205	0.09431	0.0944	0.09494	2	2	2
1250	0.089	0.08907	0.08957	2	2	2
1253.6	0.08859	0.08866	0.08915	2	2	2
1300	0.08357	0.08361	0.08407	2	2	2
1350	0.07866	0.07866	0.07908	2	2	2
1400	0.07413	0.07409	0.07449	2	2	2
1450	0.06992	0.06985	0.07022	2	2	2
1486.6	0.06704	0.06697	0.06732	2	2	2
1500	0.06603	0.06595	0.0663	2	2	2
