10.2	15.23	15.23	14.29	-0.05381	-0.05388	-0.01147
15	20.63	20.63	20.19	-0.3082	-0.3083	-0.2548
16.7	22.16	22.16	21.8	-0.2629	-0.263	-0.2137
20	24.95	24.95	24.69	-0.1433	-0.1435	-0.1035
21.2	25.94	25.94	25.71	-0.09638	-0.09658	-0.05981
25	29.02	29.02	28.85	0.05315	0.05305	0.0806
26.8	30.41	30.41	30.25	0.1226	0.1226	0.1464
30	32.58	32.58	32.45	0.2425	0.2425	0.2605
35	34.39	34.39	34.28	0.4196	0.4197	0.4307
40	33.04	33.03	32.94	0.5854	0.5854	0.5912
40.8	32.49	32.48	32.39	0.611	0.611	0.616
45	28.4	28.39	28.32	0.7421	0.7421	0.7438
50	22.1	22.09	22.03	0.8924	0.8923	0.8909
55	16.01	16.01	15.95	1.039	1.039	1.035
60	11.09	11.09	11.04	1.185	1.185	1.179
65	7.471	7.468	7.433	1.332	1.332	1.325
70	4.933	4.932	4.903	1.482	1.482	1.474
75	3.203	3.202	3.179	1.634	1.634	1.626
80	2.048	2.047	2.029	1.783	1.783	1.777
85	1.292	1.291	1.277	1.915	1.915	1.91
90	0.8092	0.8089	0.7969	1.991	1.991	1.99
95	0.5116	0.5115	0.5019	1.941	1.941	1.943
100	0.3378	0.3378	0.3301	1.653	1.653	1.656
105	0.2455	0.2454	0.2394	1.061	1.061	1.057
110	0.2058	0.2057	0.201	0.3066	0.3064	0.2921
115	0.1993	0.1992	0.1955	-0.3081	-0.3082	-0.3245
120	0.213	0.2129	0.2101	-0.6263	-0.6263	-0.6365
125	0.2383	0.2382	0.2361	-0.7045	-0.7045	-0.7073
130	0.2697	0.2696	0.2681	-0.6526	-0.6526	-0.65
132.3	0.2851	0.2851	0.2838	-0.6073	-0.6074	-0.6031
135	0.3035	0.3035	0.3025	-0.5459	-0.5461	-0.5405
140	0.3375	0.3374	0.3369	-0.4236	-0.4238	-0.4167
145	0.3702	0.3701	0.3699	-0.3025	-0.3028	-0.2952
150	0.4007	0.4007	0.4008	-0.1895	-0.1898	-0.1822
151.4	0.4088	0.4088	0.4089	-0.1596	-0.1599	-0.1523
155	0.4286	0.4286	0.4289	-0.08637	-0.08663	-0.07937
160	0.4536	0.4536	0.4542	0.00675	0.006562	0.01334
165	0.4757	0.4758	0.4765	0.09072	0.09058	0.09682
170	0.4949	0.495	0.4959	0.1664	0.1663	0.172
175	0.5113	0.5114	0.5124	0.235	0.2349	0.24
180	0.525	0.5251	0.5262	0.2972	0.2971	0.3017
185	0.5362	0.5363	0.5375	0.3539	0.3538	0.3579
190	0.5452	0.5452	0.5465	0.4056	0.4055	0.4092
195	0.552	0.5521	0.5534	0.4531	0.453	0.4563
200	0.5569	0.557	0.5583	0.4968	0.4967	0.4996
205	0.5601	0.5602	0.5616	0.5371	0.5371	0.5396
210	0.5618	0.5619	0.5633	0.5744	0.5745	0.5767
215	0.5622	0.5623	0.5637	0.6091	0.6092	0.6111
220	0.5615	0.5615	0.5628	0.6415	0.6415	0.6431
225	0.5597	0.5596	0.561	0.6717	0.6717	0.6731
230	0.5569	0.5568	0.5582	0.7	0.6999	0.7011
235	0.5534	0.5533	0.5547	0.7264	0.7264	0.7274
240	0.5491	0.549	0.5504	0.7514	0.7513	0.7521
245	0.5443	0.5442	0.5456	0.7749	0.7748	0.7754
250	0.5389	0.5389	0.5403	0.797	0.797	0.7974
255	0.5331	0.5332	0.5346	0.8179	0.8179	0.8182
260	0.5271	0.5271	0.5285	0.8378	0.8378	0.8379
265	0.5207	0.5207	0.522	0.8566	0.8566	0.8566
270	0.5141	0.5141	0.5154	0.8745	0.8745	0.8744
275	0.5073	0.5072	0.5085	0.8916	0.8916	0.8913
280	0.5002	0.5002	0.5014	0.9078	0.9078	0.9075
285	0.493	0.4929	0.4941	0.9233	0.9234	0.9229
290	0.4856	0.4856	0.4868	0.9381	0.9382	0.9376
295	0.4781	0.4782	0.4793	0.9523	0.9523	0.9517
300	0.4705	0.4706	0.4718	0.9658	0.9659	0.9651
305	0.4629	0.4631	0.4642	0.9788	0.9789	0.978
320	0.4401	0.4402	0.4412	1.015	1.015	1.014
340	0.41	0.4099	0.4109	1.056	1.056	1.055
360	0.3805	0.3806	0.3815	1.091	1.092	1.09
380	0.3528	0.3529	0.3536	1.122	1.122	1.12
400	0.3269	0.3269	0.3276	1.148	1.148	1.146
420	0.3028	0.3028	0.3035	1.17	1.171	1.169
440	0.2806	0.2807	0.2812	1.19	1.19	1.189
460	0.2603	0.2603	0.2608	1.207	1.207	1.206
480	0.2415	0.2415	0.242	1.222	1.222	1.221
500	0.2243	0.2243	0.2247	1.235	1.235	1.234
520	0.2085	0.2084	0.2088	1.247	1.247	1.245
540	0.194	0.1939	0.1942	1.257	1.257	1.255
560	0.1806	0.1805	0.1808	1.266	1.266	1.264
580	0.1684	0.1683	0.1686	1.274	1.274	1.272
600	0.1571	0.1571	0.1573	1.28	1.28	1.279
620	0.1468	0.1468	0.147	1.286	1.286	1.285
640	0.1374	0.1373	0.1376	1.292	1.291	1.29
660	0.1287	0.1287	0.1289	1.296	1.296	1.294
680	0.1207	0.1206	0.1208	1.3	1.299	1.298
700	0.1133	0.1133	0.1134	1.303	1.303	1.301
720	0.1065	0.1064	0.1066	1.306	1.305	1.304
740	0.1002	0.1001	0.1002	1.308	1.307	1.306
760	0.09429	0.09422	0.09435	1.309	1.309	1.307
780	0.08882	0.08878	0.0889	1.31	1.31	1.309
800	0.08374	0.08373	0.08384	1.311	1.311	1.309
850	0.07261	0.07261	0.0727	1.311	1.311	1.31
900	0.06337	0.06332	0.06339	1.311	1.31	1.309
950	0.05555	0.0555	0.05556	1.309	1.308	1.307
1000	0.04884	0.04887	0.04892	1.304	1.304	1.303
1041	0.0441	0.04418	0.04422	1.3	1.301	1.3
1050	0.04314	0.04323	0.04327	1.299	1.3	1.299
1100	0.03837	0.0384	0.03843	1.294	1.295	1.294
1150	0.03428	0.03424	0.03426	1.29	1.29	1.289
1200	0.03063	0.03064	0.03066	1.284	1.284	1.283
1250	0.02741	0.02752	0.02753	1.275	1.277	1.277
1253.6	0.0272	0.02731	0.02732	1.274	1.277	1.276
1300	0.02473	0.02479	0.0248	1.268	1.271	1.27
1350	0.02249	0.0224	0.0224	1.266	1.264	1.263
1400	0.02033	0.02028	0.02029	1.259	1.257	1.257
1450	0.01838	0.01842	0.01842	1.249	1.25	1.249
1486.6	0.01716	0.0172	0.01719	1.243	1.245	1.244
1500	0.01675	0.01677	0.01677	1.241	1.243	1.242
