30	3.136	3.13	1.533	0.06503	0.06502	0.09022
35	9.899	9.912	8.314	1.945	1.946	1.835
40	5.802	5.806	4.713	1.966	1.966	1.91
40.81	5.353	5.355	4.322	1.955	1.956	1.91
45	3.613	3.605	2.82	1.861	1.861	1.872
50	2.371	2.363	1.779	1.683	1.682	1.751
55	1.636	1.633	1.186	1.457	1.457	1.561
60	1.184	1.184	0.8347	1.205	1.206	1.316
65	0.8951	0.8975	0.6186	0.9445	0.946	1.037
70	0.7054	0.7076	0.4815	0.6936	0.6936	0.7475
75	0.5771	0.5783	0.3923	0.4662	0.4638	0.4765
80	0.4879	0.488	0.3331	0.273	0.2689	0.2473
85	0.4244	0.4236	0.2932	0.1204	0.1163	0.07392
90	0.3779	0.3766	0.2657	0.0102	0.007508	-0.04087
95	0.3429	0.3415	0.2464	-0.05991	-0.06084	-0.1034
100	0.3158	0.3145	0.2323	-0.09523	-0.095	-0.1241
105	0.2942	0.2932	0.2217	-0.1026	-0.1021	-0.1141
110	0.2765	0.276	0.2134	-0.08872	-0.08866	-0.08276
115	0.2617	0.2618	0.2067	-0.05978	-0.06026	-0.03746
120	0.2491	0.2497	0.201	-0.02052	-0.02122	0.01653
125	0.2384	0.2394	0.1961	0.02549	0.02511	0.07542
130	0.2291	0.2303	0.1916	0.07577	0.07618	0.1366
132.3	0.2253	0.2265	0.1897	0.09984	0.1007	0.165
135	0.2211	0.2222	0.1876	0.1286	0.13	0.1982
140	0.2141	0.215	0.1838	0.1828	0.185	0.2589
145	0.2079	0.2084	0.1803	0.2374	0.2401	0.3179
150	0.2023	0.2023	0.1768	0.2917	0.2943	0.3745
151.4	0.2008	0.2006	0.1759	0.3067	0.3092	0.3899
155	0.197	0.1966	0.1735	0.345	0.3471	0.4286
160	0.1921	0.1913	0.1703	0.3969	0.398	0.4798
165	0.1873	0.1863	0.1672	0.4469	0.4469	0.5283
170	0.1826	0.1816	0.1641	0.4947	0.4937	0.574
175	0.1779	0.1771	0.1611	0.5401	0.5384	0.6172
180	0.1734	0.1728	0.1581	0.5831	0.5809	0.658
185	0.169	0.1687	0.1552	0.6238	0.6215	0.6966
190	0.1647	0.1648	0.1524	0.6622	0.6603	0.7331
195	0.1606	0.1611	0.1496	0.6985	0.6973	0.7678
200	0.1568	0.1575	0.1469	0.7331	0.7327	0.8007
205	0.1533	0.1541	0.1442	0.766	0.7665	0.8319
210	0.15	0.1508	0.1416	0.7976	0.7988	0.8616
215	0.1469	0.1476	0.1391	0.8279	0.8297	0.8899
220	0.144	0.1445	0.1366	0.8571	0.8592	0.9168
225	0.1413	0.1415	0.1341	0.8852	0.8873	0.9424
230	0.1388	0.1386	0.1317	0.9124	0.9142	0.9668
235	0.1362	0.1358	0.1294	0.9384	0.9399	0.99
240	0.1338	0.1331	0.1271	0.9635	0.9643	1.012
245	0.1313	0.1304	0.1248	0.9874	0.9877	1.033
250	0.1288	0.1279	0.1226	1.01	1.01	1.053
255	0.1263	0.1254	0.1205	1.032	1.031	1.072
260	0.1237	0.123	0.1184	1.053	1.052	1.091
265	0.1212	0.1206	0.1164	1.073	1.071	1.108
270	0.1187	0.1184	0.1144	1.091	1.09	1.125
275	0.1162	0.1162	0.1125	1.109	1.108	1.141
280	0.1139	0.1141	0.1106	1.126	1.125	1.157
285	0.1116	0.1121	0.1087	1.143	1.142	1.172
290	0.1095	0.1101	0.1069	1.158	1.158	1.186
295	0.1074	0.1081	0.1052	1.173	1.173	1.2
300	0.1056	0.1063	0.1034	1.188	1.188	1.213
305	0.1038	0.1044	0.1018	1.202	1.203	1.226
310	0.1021	0.1026	0.1001	1.215	1.216	1.238
315	0.1006	0.1009	0.09851	1.229	1.23	1.25
320	0.09911	0.09921	0.09694	1.242	1.243	1.262
325	0.09768	0.09755	0.09541	1.254	1.255	1.273
340	0.09351	0.09282	0.09101	1.289	1.29	1.304
360	0.08773	0.08702	0.0856	1.331	1.331	1.341
380	0.08182	0.0818	0.08067	1.367	1.367	1.373
400	0.0765	0.07707	0.07615	1.399	1.399	1.401
420	0.07225	0.07277	0.072	1.427	1.427	1.427
440	0.06885	0.06882	0.06817	1.453	1.453	1.45
460	0.06564	0.06516	0.06465	1.475	1.475	1.471
480	0.06222	0.06179	0.06139	1.496	1.496	1.489
500	0.05868	0.05869	0.05838	1.514	1.514	1.506
520	0.05541	0.05585	0.0556	1.531	1.531	1.521
540	0.05273	0.05321	0.053	1.546	1.546	1.535
560	0.05059	0.05076	0.05058	1.561	1.56	1.548
580	0.04871	0.04847	0.04833	1.574	1.573	1.56
600	0.04675	0.04632	0.04622	1.585	1.585	1.571
620	0.0446	0.04431	0.04426	1.595	1.596	1.581
640	0.04237	0.04244	0.04241	1.604	1.606	1.59
660	0.04033	0.0407	0.04068	1.614	1.615	1.598
680	0.03864	0.03907	0.03906	1.623	1.623	1.606
700	0.03731	0.03753	0.03753	1.632	1.631	1.613
720	0.03618	0.03608	0.03609	1.64	1.638	1.62
740	0.03506	0.0347	0.03473	1.646	1.645	1.626
760	0.03379	0.0334	0.03344	1.651	1.651	1.632
780	0.03238	0.03217	0.03223	1.656	1.657	1.638
800	0.03095	0.03102	0.03108	1.661	1.662	1.643
850	0.02811	0.0284	0.02846	1.674	1.674	1.654
900	0.02631	0.0261	0.02616	1.686	1.684	1.664
950	0.0242	0.02404	0.02412	1.692	1.692	1.672
1000	0.02202	0.02223	0.02232	1.698	1.699	1.678
1041	0.02081	0.0209	0.02098	1.705	1.704	1.683
1050	0.02061	0.02062	0.0207	1.707	1.705	1.684
1100	0.01944	0.01917	0.01925	1.712	1.71	1.689
1150	0.01788	0.01786	0.01794	1.713	1.714	1.693
1200	0.01646	0.01668	0.01676	1.716	1.718	1.697
1250	0.01564	0.01562	0.01569	1.723	1.721	1.7
1253.6	0.0156	0.01555	0.01562	1.723	1.721	1.7
1300	0.01493	0.01464	0.01472	1.726	1.723	1.702
1350	0.01384	0.01375	0.01383	1.724	1.725	1.704
1400	0.01273	0.01294	0.01302	1.722	1.726	1.705
1450	0.01207	0.01221	0.01227	1.726	1.727	1.707
1486.6	0.01177	0.01171	0.01176	1.73	1.728	1.707
1500	0.01165	0.01153	0.01159	1.731	1.728	1.707
