180	0.6247	0.622	0.592	-0.5398	-0.5389	-0.5505
185	0.7756	0.7721	0.742	-0.9402	-0.9397	-0.9442
190	0.9124	0.9085	0.8775	-0.6391	-0.6395	-0.6362
195	0.9213	0.9181	0.8874	-0.08995	-0.09059	-0.086
200	0.8424	0.8405	0.8113	0.3766	0.376	0.3803
205	0.7405	0.7399	0.7126	0.7234	0.7228	0.7273
210	0.6401	0.6405	0.6152	0.9586	0.9581	0.9628
215	0.5503	0.5514	0.5283	1.083	1.082	1.087
220	0.4756	0.4769	0.4559	1.093	1.094	1.096
225	0.417	0.4184	0.3994	0.9939	0.9952	0.992
230	0.3735	0.3748	0.3577	0.7999	0.8021	0.7916
235	0.3432	0.3444	0.3289	0.5379	0.5408	0.5215
240	0.324	0.325	0.3111	0.2412	0.2441	0.217
245	0.3139	0.3147	0.3022	-0.05657	-0.0541	-0.08634
250	0.3111	0.3118	0.3005	-0.3274	-0.3259	-0.3596
255	0.3142	0.3148	0.3047	-0.5533	-0.5528	-0.5845
260	0.3219	0.3225	0.3135	-0.7267	-0.7269	-0.7539
265	0.3332	0.3337	0.3257	-0.8483	-0.849	-0.8698
270	0.3472	0.3477	0.3406	-0.9239	-0.9248	-0.939
275	0.3631	0.3637	0.3574	-0.9618	-0.9624	-0.9703
280	0.3805	0.3811	0.3756	-0.97	-0.9703	-0.9725
285	0.3989	0.3995	0.3947	-0.9559	-0.9557	-0.9531
290	0.4179	0.4186	0.4144	-0.9255	-0.9248	-0.9183
295	0.4373	0.438	0.4344	-0.8836	-0.8824	-0.8728
300	0.4569	0.4575	0.4544	-0.8338	-0.8323	-0.8203
305	0.4764	0.4769	0.4744	-0.779	-0.7772	-0.7635
310	0.4956	0.4961	0.494	-0.7213	-0.7193	-0.7043
315	0.5145	0.5148	0.5131	-0.6622	-0.6601	-0.6443
320	0.5327	0.533	0.5317	-0.6029	-0.6007	-0.5845
325	0.5504	0.5505	0.5495	-0.5441	-0.542	-0.5255
330	0.5673	0.5672	0.5666	-0.4866	-0.4846	-0.468
335	0.5834	0.5832	0.5828	-0.4305	-0.4286	-0.4122
340	0.5987	0.5983	0.5982	-0.3761	-0.3745	-0.3583
345	0.6132	0.6126	0.6128	-0.3236	-0.3222	-0.3063
350	0.6269	0.6261	0.6265	-0.273	-0.2718	-0.2563
355	0.6397	0.6389	0.6395	-0.2242	-0.2233	-0.2083
360	0.6518	0.6508	0.6516	-0.1774	-0.1767	-0.1621
365	0.6631	0.6619	0.663	-0.1323	-0.1319	-0.1178
370	0.6736	0.6724	0.6736	-0.08909	-0.08889	-0.07526
375	0.6834	0.6821	0.6834	-0.04754	-0.04755	-0.03442
380	0.6924	0.691	0.6926	-0.00765	-0.007842	0.004774
385	0.7007	0.6993	0.701	0.03064	0.03028	0.0424
390	0.7082	0.7069	0.7087	0.06739	0.06688	0.07851
395	0.7151	0.7138	0.7157	0.1026	0.102	0.1132
400	0.7213	0.72	0.7221	0.1365	0.1358	0.1464
405	0.7268	0.7256	0.7278	0.1689	0.1682	0.1784
410	0.7317	0.7306	0.7329	0.2001	0.1993	0.209
415	0.7361	0.7351	0.7374	0.23	0.2292	0.2385
420	0.7398	0.7389	0.7413	0.2588	0.2579	0.2668
425	0.743	0.7423	0.7448	0.2864	0.2855	0.294
430	0.7457	0.7451	0.7477	0.313	0.3121	0.3202
435	0.7479	0.7475	0.7501	0.3386	0.3378	0.3454
440	0.7497	0.7495	0.7521	0.3633	0.3625	0.3698
445	0.7511	0.751	0.7537	0.387	0.3863	0.3932
450	0.7521	0.7522	0.7549	0.41	0.4093	0.4159
455	0.7528	0.753	0.7558	0.4321	0.4315	0.4378
460	0.7531	0.7534	0.7562	0.4536	0.453	0.4589
465	0.753	0.7535	0.7563	0.4743	0.4738	0.4794
470	0.7527	0.7533	0.7561	0.4943	0.4939	0.4992
475	0.752	0.7527	0.7556	0.5137	0.5133	0.5183
480	0.7511	0.7519	0.7548	0.5325	0.5322	0.5369
500	0.7449	0.7459	0.7488	0.6019	0.6018	0.6054
520	0.7354	0.7364	0.7392	0.6632	0.6633	0.666
540	0.7235	0.7241	0.727	0.7178	0.718	0.7199
560	0.7097	0.7099	0.7127	0.7667	0.7668	0.768
580	0.6945	0.6942	0.6969	0.8107	0.8108	0.8114
600	0.6781	0.6774	0.68	0.8506	0.8506	0.8506
620	0.6608	0.6597	0.6623	0.8867	0.8867	0.8862
640	0.6428	0.6416	0.6442	0.9195	0.9194	0.9186
660	0.6245	0.6233	0.6258	0.9493	0.9493	0.9481
680	0.606	0.6049	0.6074	0.9766	0.9766	0.9751
700	0.5874	0.5866	0.589	1.002	1.002	1
720	0.569	0.5685	0.5709	1.025	1.025	1.023
740	0.5508	0.5507	0.553	1.046	1.046	1.044
760	0.533	0.5332	0.5354	1.065	1.066	1.064
780	0.5156	0.5161	0.5182	1.084	1.084	1.082
800	0.4988	0.4995	0.5015	1.101	1.101	1.098
850	0.4592	0.4601	0.4618	1.138	1.138	1.135
900	0.4232	0.4235	0.4251	1.17	1.169	1.166
950	0.3902	0.39	0.3914	1.196	1.196	1.192
1000	0.36	0.3593	0.3606	1.219	1.218	1.214
1041	0.3369	0.3361	0.3374	1.234	1.233	1.23
1050	0.332	0.3313	0.3325	1.237	1.236	1.233
1100	0.3063	0.3058	0.3069	1.253	1.252	1.249
1150	0.2827	0.2826	0.2836	1.265	1.266	1.262
1200	0.2612	0.2615	0.2624	1.277	1.278	1.274
1250	0.2417	0.2422	0.2431	1.286	1.288	1.284
1253.6	0.2404	0.2409	0.2418	1.287	1.288	1.285
1300	0.2243	0.2247	0.2255	1.295	1.296	1.292
1350	0.2085	0.2088	0.2094	1.303	1.303	1.299
1400	0.1942	0.1941	0.1947	1.309	1.309	1.305
1450	0.1811	0.1807	0.1813	1.315	1.314	1.31
1486.6	0.1721	0.1717	0.1722	1.318	1.317	1.313
1500	0.169	0.1685	0.169	1.319	1.318	1.314
