30	10.62	10.61	6.226	1.796	1.796	1.426
35	6.708	6.717	3.705	1.985	1.985	1.653
40	4.246	4.243	2.101	1.827	1.826	1.73
40.81	3.958	3.953	1.92	1.792	1.792	1.735
45	2.814	2.807	1.228	1.596	1.596	1.724
50	1.965	1.962	0.7634	1.344	1.344	1.624
55	1.441	1.442	0.5089	1.093	1.094	1.428
60	1.102	1.105	0.3642	0.8559	0.8574	1.153
65	0.8751	0.8778	0.2791	0.6399	0.6399	0.8345
70	0.7181	0.7195	0.228	0.4499	0.4478	0.5218
75	0.6061	0.6063	0.1971	0.2898	0.2866	0.2583
80	0.5239	0.5232	0.1782	0.1617	0.1587	0.06779
85	0.4618	0.4607	0.1666	0.06546	0.06367	-0.04892
90	0.4134	0.4123	0.1593	-0.001428	-0.001814	-0.1048
95	0.3747	0.3739	0.1546	-0.04285	-0.04238	-0.1166
100	0.343	0.3428	0.1512	-0.06336	-0.06273	-0.09912
105	0.3167	0.3169	0.1487	-0.06737	-0.06702	-0.06309
110	0.2945	0.2952	0.1466	-0.05869	-0.05864	-0.01587
115	0.2757	0.2766	0.1447	-0.04032	-0.04033	0.03765
120	0.2597	0.2605	0.1429	-0.01458	-0.01433	0.09421
125	0.2458	0.2465	0.1412	0.01675	0.01743	0.1516
130	0.2338	0.2341	0.1394	0.05228	0.05331	0.2083
132.3	0.2288	0.2289	0.1386	0.0697	0.0708	0.2338
135	0.2232	0.2231	0.1376	0.09081	0.0919	0.2632
140	0.2136	0.2133	0.1358	0.1313	0.132	0.3159
145	0.2049	0.2044	0.1339	0.1727	0.1728	0.3658
150	0.1968	0.1962	0.132	0.2144	0.2137	0.413
151.4	0.1947	0.1941	0.1314	0.226	0.225	0.4258
155	0.1893	0.1888	0.13	0.2555	0.2541	0.4576
160	0.1822	0.1819	0.128	0.2958	0.2938	0.4995
165	0.1755	0.1755	0.126	0.3348	0.3328	0.5392
170	0.1692	0.1696	0.124	0.3725	0.3708	0.5767
175	0.1634	0.1641	0.1219	0.4089	0.408	0.6123
180	0.158	0.1589	0.1199	0.4442	0.4443	0.6462
185	0.153	0.1541	0.1179	0.4785	0.4796	0.6784
190	0.1485	0.1495	0.1159	0.5119	0.514	0.7092
195	0.1443	0.1452	0.1139	0.5446	0.5474	0.7386
200	0.1405	0.1411	0.1119	0.5766	0.5797	0.7666
205	0.1369	0.1372	0.11	0.6078	0.6109	0.7932
210	0.1335	0.1335	0.108	0.6384	0.641	0.8186
215	0.1302	0.13	0.1062	0.668	0.67	0.8428
220	0.1271	0.1266	0.1043	0.6967	0.6978	0.8659
225	0.124	0.1234	0.1025	0.7244	0.7246	0.8878
230	0.1209	0.1204	0.1007	0.7508	0.7503	0.9087
235	0.1179	0.1175	0.09895	0.7761	0.7751	0.9287
240	0.115	0.1147	0.09724	0.8003	0.7989	0.9479
245	0.1122	0.112	0.09557	0.8233	0.8219	0.9662
250	0.1094	0.1095	0.09394	0.8452	0.8441	0.9838
255	0.1068	0.107	0.09234	0.8663	0.8655	1.001
260	0.1043	0.1047	0.09078	0.8865	0.8863	1.017
265	0.102	0.1024	0.08925	0.906	0.9064	1.033
270	0.09978	0.1002	0.08775	0.9249	0.9259	1.048
275	0.09774	0.09815	0.08629	0.9433	0.9448	1.063
280	0.09582	0.09612	0.08486	0.9613	0.9631	1.077
285	0.09402	0.09417	0.08346	0.9789	0.9809	1.091
290	0.0923	0.09227	0.08209	0.9962	0.9981	1.104
295	0.09065	0.09044	0.08076	1.013	1.015	1.117
300	0.08903	0.08867	0.07945	1.03	1.031	1.129
305	0.08744	0.08695	0.07817	1.046	1.046	1.141
310	0.08586	0.08528	0.07692	1.061	1.061	1.153
315	0.08428	0.08367	0.0757	1.076	1.076	1.164
320	0.08269	0.08211	0.0745	1.091	1.09	1.175
325	0.08111	0.0806	0.07334	1.105	1.104	1.185
340	0.07644	0.07635	0.07001	1.143	1.142	1.215
360	0.07088	0.07127	0.06591	1.188	1.188	1.251
380	0.06646	0.06672	0.06215	1.229	1.23	1.283
400	0.06285	0.06262	0.05871	1.267	1.268	1.312
420	0.05941	0.05889	0.05554	1.302	1.301	1.338
440	0.05582	0.05551	0.05263	1.333	1.332	1.362
460	0.05233	0.05245	0.04995	1.36	1.36	1.383
480	0.04933	0.04967	0.04747	1.385	1.385	1.403
500	0.04694	0.04711	0.04517	1.408	1.408	1.421
520	0.04488	0.04475	0.04304	1.43	1.43	1.438
540	0.04283	0.04256	0.04106	1.45	1.45	1.454
560	0.04064	0.04054	0.03921	1.468	1.468	1.468
580	0.03846	0.03867	0.03749	1.485	1.485	1.482
600	0.03653	0.03695	0.03588	1.5	1.5	1.494
620	0.03497	0.03534	0.03438	1.515	1.515	1.506
640	0.03372	0.03384	0.03297	1.528	1.528	1.517
660	0.03257	0.03242	0.03164	1.541	1.541	1.527
680	0.03133	0.0311	0.03039	1.553	1.553	1.537
700	0.02997	0.02985	0.02922	1.564	1.564	1.546
720	0.0286	0.02869	0.02812	1.574	1.574	1.554
740	0.02737	0.0276	0.02708	1.584	1.584	1.562
760	0.02635	0.02657	0.02609	1.593	1.593	1.57
780	0.02554	0.0256	0.02516	1.602	1.601	1.577
800	0.02481	0.02468	0.02428	1.61	1.609	1.584
850	0.02272	0.02258	0.02227	1.627	1.628	1.599
900	0.02055	0.02075	0.0205	1.643	1.644	1.613
950	0.0192	0.01915	0.01894	1.659	1.658	1.624
1000	0.01796	0.01771	0.01755	1.67	1.67	1.635
1041	0.01667	0.01665	0.01652	1.678	1.679	1.643
1050	0.01639	0.01643	0.01631	1.679	1.68	1.644
1100	0.01518	0.01529	0.01519	1.69	1.69	1.653
1150	0.01438	0.01427	0.01419	1.699	1.698	1.66
1200	0.01339	0.01334	0.01328	1.705	1.706	1.667
1250	0.01235	0.01251	0.01246	1.711	1.713	1.673
1253.6	0.01229	0.01245	0.0124	1.712	1.713	1.673
1300	0.0117	0.01176	0.01171	1.72	1.719	1.678
1350	0.01124	0.01106	0.01102	1.726	1.724	1.683
1400	0.01053	0.01042	0.0104	1.728	1.728	1.687
1450	0.009738	0.009843	0.009826	1.73	1.733	1.691
1486.6	0.009329	0.009453	0.009436	1.735	1.736	1.694
1500	0.009223	0.009316	0.009299	1.737	1.736	1.695
