
ELEMENT:
                                      B 

SOURCE:
                           Tanuma, Powell and Penn
                    Surface Interface Anal. 21 (1994) 165.
                 IMFP values determined from TPP-2M equation
                                       

ATOMIC WEIGHT:                10.81100

DENSITY:                       2.3400 g/cm**3

TABULATION:

______________________________________________________________________________

                    Energy                         IMFP
                      eV                        Angstroms
______________________________________________________________________________
                      50.0                         5.36
                      54.9                         5.50
                      59.8                         5.59
                      64.6                         5.66
                      69.5                         5.72
                      74.4                         5.78
                      79.3                         5.84
                      84.1                         5.91
                      89.0                         5.99
                      93.9                         6.07
                      98.8                         6.15
                     103.6                         6.23
                     108.5                         6.32
                     113.4                         6.41
                     118.3                         6.51
                     123.1                         6.60
                     128.0                         6.70
                     132.9                         6.80
                     137.8                         6.90
                     142.6                         7.00
                     147.5                         7.11
                     152.4                         7.21
                     157.3                         7.32
                     162.1                         7.42
                     167.0                         7.53
                     171.9                         7.64
                     176.8                         7.74
                     181.6                         7.85
                     186.5                         7.96
                     191.4                         8.07
                     196.3                         8.18
                     201.1                         8.28
                     206.0                         8.39
                     210.9                         8.50
                     215.8                         8.61
                     220.6                         8.72
                     225.5                         8.83
                     230.4                         8.94
                     235.3                         9.05
                     240.1                         9.16
                     245.0                         9.26
                     249.9                         9.37
                     254.8                         9.48
                     259.6                         9.59
                     264.5                         9.70
                     269.4                         9.81
                     274.3                         9.92
                     279.1                        10.03
                     284.0                        10.13
                     288.9                        10.24
                     293.8                        10.35
                     298.6                        10.46
                     303.5                        10.57
                     308.4                        10.67
                     313.3                        10.78
                     318.1                        10.89
                     323.0                        11.00
                     327.9                        11.10
                     332.8                        11.21
                     337.6                        11.32
                     342.5                        11.42
                     347.4                        11.53
                     352.3                        11.64
                     357.1                        11.74
                     362.0                        11.85
                     366.9                        11.95
                     371.8                        12.06
                     376.6                        12.17
                     381.5                        12.27
                     386.4                        12.38
                     391.3                        12.48
                     396.1                        12.59
                     401.0                        12.69
                     405.9                        12.80
                     410.8                        12.90
                     415.6                        13.01
                     420.5                        13.11
                     425.4                        13.22
                     430.3                        13.32
                     435.1                        13.42
                     440.0                        13.53
                     444.9                        13.63
                     449.8                        13.74
                     454.6                        13.84
                     459.5                        13.94
                     464.4                        14.05
                     469.3                        14.15
                     474.1                        14.25
                     479.0                        14.36
                     483.9                        14.46
                     488.8                        14.56
                     493.6                        14.66
                     498.5                        14.77
                     503.4                        14.87
                     508.3                        14.97
                     513.1                        15.07
                     518.0                        15.17
                     522.9                        15.28
                     527.8                        15.38
                     532.6                        15.48
                     537.5                        15.58
                     542.4                        15.68
                     547.3                        15.78
                     552.1                        15.88
                     557.0                        15.99
                     561.9                        16.09
                     566.8                        16.19
                     571.6                        16.29
                     576.5                        16.39
                     581.4                        16.49
                     586.3                        16.59
                     591.1                        16.69
                     596.0                        16.79
                     600.9                        16.89
                     605.8                        16.99
                     610.6                        17.09
                     615.5                        17.19
                     620.4                        17.29
                     625.3                        17.39
                     630.1                        17.49
                     635.0                        17.59
                     639.9                        17.69
                     644.8                        17.78
                     649.6                        17.88
                     654.5                        17.98
                     659.4                        18.08
                     664.3                        18.18
                     669.1                        18.28
                     674.0                        18.38
                     678.9                        18.48
                     683.8                        18.57
                     688.6                        18.67
                     693.5                        18.77
                     698.4                        18.87
                     703.3                        18.97
                     708.1                        19.06
                     713.0                        19.16
                     717.9                        19.26
                     722.8                        19.36
                     727.6                        19.45
                     732.5                        19.55
                     737.4                        19.65
                     742.3                        19.75
                     747.1                        19.84
                     752.0                        19.94
                     756.9                        20.04
                     761.8                        20.13
                     766.6                        20.23
                     771.5                        20.33
                     776.4                        20.42
                     781.3                        20.52
                     786.1                        20.62
                     791.0                        20.71
                     795.9                        20.81
                     800.8                        20.91
                     805.6                        21.00
                     810.5                        21.10
                     815.4                        21.19
                     820.3                        21.29
                     825.1                        21.38
                     830.0                        21.48
                     834.9                        21.58
                     839.8                        21.67
                     844.6                        21.77
                     849.5                        21.86
                     854.4                        21.96
                     859.3                        22.05
                     864.1                        22.15
                     869.0                        22.24
                     873.9                        22.34
                     878.8                        22.43
                     883.6                        22.53
                     888.5                        22.62
                     893.4                        22.72
                     898.3                        22.81
                     903.1                        22.91
                     908.0                        23.00
                     912.9                        23.10
                     917.8                        23.19
                     922.6                        23.28
                     927.5                        23.38
                     932.4                        23.47
                     937.3                        23.57
                     942.1                        23.66
                     947.0                        23.75
                     951.9                        23.85
                     956.8                        23.94
                     961.6                        24.04
                     966.5                        24.13
                     971.4                        24.22
                     976.3                        24.32
                     981.1                        24.41
                     986.0                        24.50
                     990.9                        24.60
                     995.8                        24.69
                    1000.6                        24.78
                    1005.5                        24.88
                    1010.4                        24.97
                    1015.3                        25.06
                    1020.1                        25.16
                    1025.0                        25.25
                    1029.9                        25.34
                    1034.8                        25.43
                    1039.6                        25.53
                    1044.5                        25.62
                    1049.4                        25.71
                    1054.3                        25.81
                    1059.1                        25.90
                    1064.0                        25.99
                    1068.9                        26.08
                    1073.8                        26.18
                    1078.6                        26.27
                    1083.5                        26.36
                    1088.4                        26.45
                    1093.3                        26.54
                    1098.1                        26.64
                    1103.0                        26.73
                    1107.9                        26.82
                    1112.8                        26.91
                    1117.6                        27.00
                    1122.5                        27.09
                    1127.4                        27.19
                    1132.3                        27.28
                    1137.1                        27.37
                    1142.0                        27.46
                    1146.9                        27.55
                    1151.8                        27.64
                    1156.6                        27.74
                    1161.5                        27.83
                    1166.4                        27.92
                    1171.3                        28.01
                    1176.1                        28.10
                    1181.0                        28.19
                    1185.9                        28.28
                    1190.8                        28.37
                    1195.6                        28.46
                    1200.5                        28.56
                    1205.4                        28.65
                    1210.3                        28.74
                    1215.1                        28.83
                    1220.0                        28.92
                    1224.9                        29.01
                    1229.8                        29.10
                    1234.6                        29.19
                    1239.5                        29.28
                    1244.4                        29.37
                    1249.3                        29.46
                    1254.1                        29.55
                    1259.0                        29.64
                    1263.9                        29.73
                    1268.8                        29.82
                    1273.6                        29.91
                    1278.5                        30.00
                    1283.4                        30.09
                    1288.3                        30.18
                    1293.1                        30.27
                    1298.0                        30.36
                    1302.9                        30.45
                    1307.8                        30.54
                    1312.6                        30.63
                    1317.5                        30.72
                    1322.4                        30.81
                    1327.3                        30.90
                    1332.1                        30.99
                    1337.0                        31.08
                    1341.9                        31.17
                    1346.8                        31.26
                    1351.6                        31.35
                    1356.5                        31.44
                    1361.4                        31.53
                    1366.3                        31.62
                    1371.1                        31.71
                    1376.0                        31.79
                    1380.9                        31.88
                    1385.8                        31.97
                    1390.6                        32.06
                    1395.5                        32.15
                    1400.4                        32.24
                    1405.3                        32.33
                    1410.1                        32.42
                    1415.0                        32.51
                    1419.9                        32.60
                    1424.8                        32.68
                    1429.6                        32.77
                    1434.5                        32.86
                    1439.4                        32.95
                    1444.3                        33.04
                    1449.1                        33.13
                    1454.0                        33.22
                    1458.9                        33.30
                    1463.8                        33.39
                    1468.6                        33.48
                    1473.5                        33.57
                    1478.4                        33.66
                    1483.3                        33.75
                    1488.1                        33.83
                    1493.0                        33.92
                    1497.9                        34.01
                    1502.8                        34.10
                    1507.6                        34.19
                    1512.5                        34.27
                    1517.4                        34.36
                    1522.3                        34.45
                    1527.1                        34.54
                    1532.0                        34.63
                    1536.9                        34.71
                    1541.8                        34.80
                    1546.6                        34.89
                    1551.5                        34.98
                    1556.4                        35.06
                    1561.3                        35.15
                    1566.1                        35.24
                    1571.0                        35.33
                    1575.9                        35.41
                    1580.8                        35.50
                    1585.6                        35.59
                    1590.5                        35.68
                    1595.4                        35.76
                    1600.3                        35.85
                    1605.1                        35.94
                    1610.0                        36.03
                    1614.9                        36.11
                    1619.8                        36.20
                    1624.6                        36.29
                    1629.5                        36.37
                    1634.4                        36.46
                    1639.3                        36.55
                    1644.1                        36.64
                    1649.0                        36.72
                    1653.9                        36.81
                    1658.8                        36.90
                    1663.6                        36.98
                    1668.5                        37.07
                    1673.4                        37.16
                    1678.3                        37.24
                    1683.1                        37.33
                    1688.0                        37.42
                    1692.9                        37.50
                    1697.8                        37.59
                    1702.6                        37.68
                    1707.5                        37.76
                    1712.4                        37.85
                    1717.3                        37.94
                    1722.1                        38.02
                    1727.0                        38.11
                    1731.9                        38.20
                    1736.8                        38.28
                    1741.6                        38.37
                    1746.5                        38.45
                    1751.4                        38.54
                    1756.3                        38.63
                    1761.1                        38.71
                    1766.0                        38.80
                    1770.9                        38.89
                    1775.8                        38.97
                    1780.6                        39.06
                    1785.5                        39.14
                    1790.4                        39.23
                    1795.3                        39.32
                    1800.1                        39.40
                    1805.0                        39.49
                    1809.9                        39.57
                    1814.8                        39.66
                    1819.6                        39.74
                    1824.5                        39.83
                    1829.4                        39.92
                    1834.3                        40.00
                    1839.1                        40.09
                    1844.0                        40.17
                    1848.9                        40.26
                    1853.8                        40.34
                    1858.6                        40.43
                    1863.5                        40.52
                    1868.4                        40.60
                    1873.3                        40.69
                    1878.1                        40.77
                    1883.0                        40.86
                    1887.9                        40.94
                    1892.8                        41.03
                    1897.6                        41.11
                    1902.5                        41.20
                    1907.4                        41.28
                    1912.3                        41.37
                    1917.1                        41.45
                    1922.0                        41.54
                    1926.9                        41.62
                    1931.8                        41.71
                    1936.6                        41.79
                    1941.5                        41.88
                    1946.4                        41.96
                    1951.3                        42.05
                    1956.1                        42.13
                    1961.0                        42.22
                    1965.9                        42.30
                    1970.8                        42.39
                    1975.6                        42.47
                    1980.5                        42.56
                    1985.4                        42.64
                    1990.3                        42.73
                    1995.1                        42.81
                    2000.0                        42.90
