
ELEMENT:
                                      C 

SOURCE:
                           Tanuma, Powell and Penn
                    Surface Interface Anal. 17 (1991) 911.
       IMFP values determined from optical data and a theoretical model
                                       

ATOMIC WEIGHT:                12.01070

DENSITY:                       1.8000 g/cm**3

TABULATION:

______________________________________________________________________________

                    Energy                         IMFP
                      eV                        Angstroms
______________________________________________________________________________
                      50.0                         5.80
                      54.9                         5.75
                      59.8                         5.74
                      64.6                         5.76
                      69.5                         5.80
                      74.4                         5.85
                      79.3                         5.92
                      84.1                         6.00
                      89.0                         6.09
                      93.9                         6.18
                      98.8                         6.28
                     103.6                         6.38
                     108.5                         6.49
                     113.4                         6.60
                     118.3                         6.71
                     123.1                         6.82
                     128.0                         6.94
                     132.9                         7.06
                     137.8                         7.18
                     142.6                         7.30
                     147.5                         7.42
                     152.4                         7.54
                     157.3                         7.66
                     162.1                         7.78
                     167.0                         7.90
                     171.9                         8.02
                     176.8                         8.15
                     181.6                         8.27
                     186.5                         8.39
                     191.4                         8.51
                     196.3                         8.64
                     201.1                         8.76
                     206.0                         8.88
                     210.9                         9.00
                     215.8                         9.13
                     220.6                         9.25
                     225.5                         9.37
                     230.4                         9.49
                     235.3                         9.62
                     240.1                         9.74
                     245.0                         9.86
                     249.9                         9.98
                     254.8                        10.10
                     259.6                        10.22
                     264.5                        10.35
                     269.4                        10.47
                     274.3                        10.59
                     279.1                        10.71
                     284.0                        10.83
                     288.9                        10.95
                     293.8                        11.07
                     298.6                        11.19
                     303.5                        11.31
                     308.4                        11.43
                     313.3                        11.55
                     318.1                        11.66
                     323.0                        11.78
                     327.9                        11.90
                     332.8                        12.02
                     337.6                        12.14
                     342.5                        12.26
                     347.4                        12.37
                     352.3                        12.49
                     357.1                        12.61
                     362.0                        12.73
                     366.9                        12.84
                     371.8                        12.96
                     376.6                        13.08
                     381.5                        13.19
                     386.4                        13.31
                     391.3                        13.42
                     396.1                        13.54
                     401.0                        13.66
                     405.9                        13.77
                     410.8                        13.89
                     415.6                        14.00
                     420.5                        14.12
                     425.4                        14.23
                     430.3                        14.35
                     435.1                        14.46
                     440.0                        14.58
                     444.9                        14.69
                     449.8                        14.80
                     454.6                        14.92
                     459.5                        15.03
                     464.4                        15.14
                     469.3                        15.26
                     474.1                        15.37
                     479.0                        15.48
                     483.9                        15.60
                     488.8                        15.71
                     493.6                        15.82
                     498.5                        15.93
                     503.4                        16.05
                     508.3                        16.16
                     513.1                        16.27
                     518.0                        16.38
                     522.9                        16.49
                     527.8                        16.61
                     532.6                        16.72
                     537.5                        16.83
                     542.4                        16.94
                     547.3                        17.05
                     552.1                        17.16
                     557.0                        17.27
                     561.9                        17.38
                     566.8                        17.49
                     571.6                        17.60
                     576.5                        17.71
                     581.4                        17.82
                     586.3                        17.93
                     591.1                        18.04
                     596.0                        18.15
                     600.9                        18.26
                     605.8                        18.37
                     610.6                        18.48
                     615.5                        18.59
                     620.4                        18.70
                     625.3                        18.81
                     630.1                        18.92
                     635.0                        19.02
                     639.9                        19.13
                     644.8                        19.24
                     649.6                        19.35
                     654.5                        19.46
                     659.4                        19.57
                     664.3                        19.67
                     669.1                        19.78
                     674.0                        19.89
                     678.9                        20.00
                     683.8                        20.10
                     688.6                        20.21
                     693.5                        20.32
                     698.4                        20.43
                     703.3                        20.53
                     708.1                        20.64
                     713.0                        20.75
                     717.9                        20.85
                     722.8                        20.96
                     727.6                        21.07
                     732.5                        21.17
                     737.4                        21.28
                     742.3                        21.39
                     747.1                        21.49
                     752.0                        21.60
                     756.9                        21.70
                     761.8                        21.81
                     766.6                        21.92
                     771.5                        22.02
                     776.4                        22.13
                     781.3                        22.23
                     786.1                        22.34
                     791.0                        22.44
                     795.9                        22.55
                     800.8                        22.65
                     805.6                        22.76
                     810.5                        22.86
                     815.4                        22.97
                     820.3                        23.07
                     825.1                        23.18
                     830.0                        23.28
                     834.9                        23.39
                     839.8                        23.49
                     844.6                        23.59
                     849.5                        23.70
                     854.4                        23.80
                     859.3                        23.91
                     864.1                        24.01
                     869.0                        24.11
                     873.9                        24.22
                     878.8                        24.32
                     883.6                        24.42
                     888.5                        24.53
                     893.4                        24.63
                     898.3                        24.73
                     903.1                        24.84
                     908.0                        24.94
                     912.9                        25.04
                     917.8                        25.15
                     922.6                        25.25
                     927.5                        25.35
                     932.4                        25.46
                     937.3                        25.56
                     942.1                        25.66
                     947.0                        25.76
                     951.9                        25.87
                     956.8                        25.97
                     961.6                        26.07
                     966.5                        26.17
                     971.4                        26.27
                     976.3                        26.38
                     981.1                        26.48
                     986.0                        26.58
                     990.9                        26.68
                     995.8                        26.78
                    1000.6                        26.89
                    1005.5                        26.99
                    1010.4                        27.09
                    1015.3                        27.19
                    1020.1                        27.29
                    1025.0                        27.39
                    1029.9                        27.49
                    1034.8                        27.59
                    1039.6                        27.70
                    1044.5                        27.80
                    1049.4                        27.90
                    1054.3                        28.00
                    1059.1                        28.10
                    1064.0                        28.20
                    1068.9                        28.30
                    1073.8                        28.40
                    1078.6                        28.50
                    1083.5                        28.60
                    1088.4                        28.70
                    1093.3                        28.80
                    1098.1                        28.90
                    1103.0                        29.00
                    1107.9                        29.10
                    1112.8                        29.20
                    1117.6                        29.30
                    1122.5                        29.40
                    1127.4                        29.50
                    1132.3                        29.60
                    1137.1                        29.70
                    1142.0                        29.80
                    1146.9                        29.90
                    1151.8                        30.00
                    1156.6                        30.10
                    1161.5                        30.20
                    1166.4                        30.30
                    1171.3                        30.40
                    1176.1                        30.50
                    1181.0                        30.60
                    1185.9                        30.70
                    1190.8                        30.80
                    1195.6                        30.90
                    1200.5                        31.00
                    1205.4                        31.10
                    1210.3                        31.19
                    1215.1                        31.29
                    1220.0                        31.39
                    1224.9                        31.49
                    1229.8                        31.59
                    1234.6                        31.69
                    1239.5                        31.79
                    1244.4                        31.88
                    1249.3                        31.98
                    1254.1                        32.08
                    1259.0                        32.18
                    1263.9                        32.28
                    1268.8                        32.38
                    1273.6                        32.47
                    1278.5                        32.57
                    1283.4                        32.67
                    1288.3                        32.77
                    1293.1                        32.87
                    1298.0                        32.96
                    1302.9                        33.06
                    1307.8                        33.16
                    1312.6                        33.26
                    1317.5                        33.36
                    1322.4                        33.45
                    1327.3                        33.55
                    1332.1                        33.65
                    1337.0                        33.75
                    1341.9                        33.84
                    1346.8                        33.94
                    1351.6                        34.04
                    1356.5                        34.14
                    1361.4                        34.23
                    1366.3                        34.33
                    1371.1                        34.43
                    1376.0                        34.52
                    1380.9                        34.62
                    1385.8                        34.72
                    1390.6                        34.82
                    1395.5                        34.91
                    1400.4                        35.01
                    1405.3                        35.11
                    1410.1                        35.20
                    1415.0                        35.30
                    1419.9                        35.40
                    1424.8                        35.49
                    1429.6                        35.59
                    1434.5                        35.69
                    1439.4                        35.78
                    1444.3                        35.88
                    1449.1                        35.98
                    1454.0                        36.07
                    1458.9                        36.17
                    1463.8                        36.26
                    1468.6                        36.36
                    1473.5                        36.46
                    1478.4                        36.55
                    1483.3                        36.65
                    1488.1                        36.74
                    1493.0                        36.84
                    1497.9                        36.94
                    1502.8                        37.03
                    1507.6                        37.13
                    1512.5                        37.22
                    1517.4                        37.32
                    1522.3                        37.42
                    1527.1                        37.51
                    1532.0                        37.61
                    1536.9                        37.70
                    1541.8                        37.80
                    1546.6                        37.89
                    1551.5                        37.99
                    1556.4                        38.08
                    1561.3                        38.18
                    1566.1                        38.28
                    1571.0                        38.37
                    1575.9                        38.47
                    1580.8                        38.56
                    1585.6                        38.66
                    1590.5                        38.75
                    1595.4                        38.85
                    1600.3                        38.94
                    1605.1                        39.04
                    1610.0                        39.13
                    1614.9                        39.23
                    1619.8                        39.32
                    1624.6                        39.42
                    1629.5                        39.51
                    1634.4                        39.61
                    1639.3                        39.70
                    1644.1                        39.79
                    1649.0                        39.89
                    1653.9                        39.98
                    1658.8                        40.08
                    1663.6                        40.17
                    1668.5                        40.27
                    1673.4                        40.36
                    1678.3                        40.46
                    1683.1                        40.55
                    1688.0                        40.65
                    1692.9                        40.74
                    1697.8                        40.83
                    1702.6                        40.93
                    1707.5                        41.02
                    1712.4                        41.12
                    1717.3                        41.21
                    1722.1                        41.30
                    1727.0                        41.40
                    1731.9                        41.49
                    1736.8                        41.59
                    1741.6                        41.68
                    1746.5                        41.77
                    1751.4                        41.87
                    1756.3                        41.96
                    1761.1                        42.06
                    1766.0                        42.15
                    1770.9                        42.24
                    1775.8                        42.34
                    1780.6                        42.43
                    1785.5                        42.52
                    1790.4                        42.62
                    1795.3                        42.71
                    1800.1                        42.80
                    1805.0                        42.90
                    1809.9                        42.99
                    1814.8                        43.08
                    1819.6                        43.18
                    1824.5                        43.27
                    1829.4                        43.36
                    1834.3                        43.46
                    1839.1                        43.55
                    1844.0                        43.64
                    1848.9                        43.74
                    1853.8                        43.83
                    1858.6                        43.92
                    1863.5                        44.02
                    1868.4                        44.11
                    1873.3                        44.20
                    1878.1                        44.29
                    1883.0                        44.39
                    1887.9                        44.48
                    1892.8                        44.57
                    1897.6                        44.67
                    1902.5                        44.76
                    1907.4                        44.85
                    1912.3                        44.94
                    1917.1                        45.04
                    1922.0                        45.13
                    1926.9                        45.22
                    1931.8                        45.31
                    1936.6                        45.41
                    1941.5                        45.50
                    1946.4                        45.59
                    1951.3                        45.68
                    1956.1                        45.78
                    1961.0                        45.87
                    1965.9                        45.96
                    1970.8                        46.05
                    1975.6                        46.15
                    1980.5                        46.24
                    1985.4                        46.33
                    1990.3                        46.42
                    1995.1                        46.51
                    2000.0                        46.61
