
ELEMENT:
                                      Na

SOURCE:
                           Tanuma, Powell and Penn
                               Unpublished data
       IMFP values determined from optical data and a theoretical model
                                       

ATOMIC WEIGHT:                22.98977

DENSITY:                       0.9700 g/cm**3

TABULATION:

______________________________________________________________________________

                    Energy                         IMFP
                      eV                        Angstroms
______________________________________________________________________________
                      50.0                         4.95
                      54.9                         5.27
                      59.8                         5.56
                      64.6                         5.83
                      69.5                         6.09
                      74.4                         6.34
                      79.3                         6.58
                      84.1                         6.81
                      89.0                         7.05
                      93.9                         7.27
                      98.8                         7.50
                     103.6                         7.72
                     108.5                         7.94
                     113.4                         8.16
                     118.3                         8.37
                     123.1                         8.59
                     128.0                         8.80
                     132.9                         9.01
                     137.8                         9.22
                     142.6                         9.43
                     147.5                         9.64
                     152.4                         9.85
                     157.3                        10.05
                     162.1                        10.26
                     167.0                        10.46
                     171.9                        10.66
                     176.8                        10.87
                     181.6                        11.07
                     186.5                        11.27
                     191.4                        11.47
                     196.3                        11.67
                     201.1                        11.87
                     206.0                        12.06
                     210.9                        12.26
                     215.8                        12.46
                     220.6                        12.65
                     225.5                        12.85
                     230.4                        13.04
                     235.3                        13.24
                     240.1                        13.43
                     245.0                        13.63
                     249.9                        13.82
                     254.8                        14.01
                     259.6                        14.20
                     264.5                        14.39
                     269.4                        14.58
                     274.3                        14.77
                     279.1                        14.96
                     284.0                        15.15
                     288.9                        15.34
                     293.8                        15.53
                     298.6                        15.72
                     303.5                        15.90
                     308.4                        16.09
                     313.3                        16.28
                     318.1                        16.46
                     323.0                        16.65
                     327.9                        16.83
                     332.8                        17.02
                     337.6                        17.20
                     342.5                        17.39
                     347.4                        17.57
                     352.3                        17.75
                     357.1                        17.94
                     362.0                        18.12
                     366.9                        18.30
                     371.8                        18.48
                     376.6                        18.66
                     381.5                        18.85
                     386.4                        19.03
                     391.3                        19.21
                     396.1                        19.39
                     401.0                        19.57
                     405.9                        19.75
                     410.8                        19.93
                     415.6                        20.11
                     420.5                        20.28
                     425.4                        20.46
                     430.3                        20.64
                     435.1                        20.82
                     440.0                        21.00
                     444.9                        21.17
                     449.8                        21.35
                     454.6                        21.53
                     459.5                        21.70
                     464.4                        21.88
                     469.3                        22.05
                     474.1                        22.23
                     479.0                        22.41
                     483.9                        22.58
                     488.8                        22.76
                     493.6                        22.93
                     498.5                        23.10
                     503.4                        23.28
                     508.3                        23.45
                     513.1                        23.63
                     518.0                        23.80
                     522.9                        23.97
                     527.8                        24.15
                     532.6                        24.32
                     537.5                        24.49
                     542.4                        24.66
                     547.3                        24.84
                     552.1                        25.01
                     557.0                        25.18
                     561.9                        25.35
                     566.8                        25.52
                     571.6                        25.69
                     576.5                        25.86
                     581.4                        26.03
                     586.3                        26.20
                     591.1                        26.37
                     596.0                        26.54
                     600.9                        26.71
                     605.8                        26.88
                     610.6                        27.05
                     615.5                        27.22
                     620.4                        27.39
                     625.3                        27.56
                     630.1                        27.73
                     635.0                        27.90
                     639.9                        28.06
                     644.8                        28.23
                     649.6                        28.40
                     654.5                        28.57
                     659.4                        28.74
                     664.3                        28.90
                     669.1                        29.07
                     674.0                        29.24
                     678.9                        29.40
                     683.8                        29.57
                     688.6                        29.74
                     693.5                        29.90
                     698.4                        30.07
                     703.3                        30.24
                     708.1                        30.40
                     713.0                        30.57
                     717.9                        30.73
                     722.8                        30.90
                     727.6                        31.06
                     732.5                        31.23
                     737.4                        31.39
                     742.3                        31.56
                     747.1                        31.72
                     752.0                        31.89
                     756.9                        32.05
                     761.8                        32.22
                     766.6                        32.38
                     771.5                        32.54
                     776.4                        32.71
                     781.3                        32.87
                     786.1                        33.03
                     791.0                        33.20
                     795.9                        33.36
                     800.8                        33.52
                     805.6                        33.69
                     810.5                        33.85
                     815.4                        34.01
                     820.3                        34.17
                     825.1                        34.34
                     830.0                        34.50
                     834.9                        34.66
                     839.8                        34.82
                     844.6                        34.99
                     849.5                        35.15
                     854.4                        35.31
                     859.3                        35.47
                     864.1                        35.63
                     869.0                        35.79
                     873.9                        35.95
                     878.8                        36.11
                     883.6                        36.27
                     888.5                        36.44
                     893.4                        36.60
                     898.3                        36.76
                     903.1                        36.92
                     908.0                        37.08
                     912.9                        37.24
                     917.8                        37.40
                     922.6                        37.56
                     927.5                        37.72
                     932.4                        37.88
                     937.3                        38.04
                     942.1                        38.20
                     947.0                        38.35
                     951.9                        38.51
                     956.8                        38.67
                     961.6                        38.83
                     966.5                        38.99
                     971.4                        39.15
                     976.3                        39.31
                     981.1                        39.47
                     986.0                        39.62
                     990.9                        39.78
                     995.8                        39.94
                    1000.6                        40.10
                    1005.5                        40.26
                    1010.4                        40.41
                    1015.3                        40.57
                    1020.1                        40.73
                    1025.0                        40.89
                    1029.9                        41.05
                    1034.8                        41.20
                    1039.6                        41.36
                    1044.5                        41.52
                    1049.4                        41.67
                    1054.3                        41.83
                    1059.1                        41.99
                    1064.0                        42.14
                    1068.9                        42.30
                    1073.8                        42.46
                    1078.6                        42.61
                    1083.5                        42.77
                    1088.4                        42.93
                    1093.3                        43.08
                    1098.1                        43.24
                    1103.0                        43.39
                    1107.9                        43.55
                    1112.8                        43.71
                    1117.6                        43.86
                    1122.5                        44.02
                    1127.4                        44.17
                    1132.3                        44.33
                    1137.1                        44.48
                    1142.0                        44.64
                    1146.9                        44.79
                    1151.8                        44.95
                    1156.6                        45.10
                    1161.5                        45.26
                    1166.4                        45.41
                    1171.3                        45.57
                    1176.1                        45.72
                    1181.0                        45.88
                    1185.9                        46.03
                    1190.8                        46.19
                    1195.6                        46.34
                    1200.5                        46.49
                    1205.4                        46.65
                    1210.3                        46.80
                    1215.1                        46.96
                    1220.0                        47.11
                    1224.9                        47.26
                    1229.8                        47.42
                    1234.6                        47.57
                    1239.5                        47.73
                    1244.4                        47.88
                    1249.3                        48.03
                    1254.1                        48.19
                    1259.0                        48.34
                    1263.9                        48.49
                    1268.8                        48.64
                    1273.6                        48.80
                    1278.5                        48.95
                    1283.4                        49.10
                    1288.3                        49.26
                    1293.1                        49.41
                    1298.0                        49.56
                    1302.9                        49.71
                    1307.8                        49.87
                    1312.6                        50.02
                    1317.5                        50.17
                    1322.4                        50.32
                    1327.3                        50.47
                    1332.1                        50.63
                    1337.0                        50.78
                    1341.9                        50.93
                    1346.8                        51.08
                    1351.6                        51.23
                    1356.5                        51.39
                    1361.4                        51.54
                    1366.3                        51.69
                    1371.1                        51.84
                    1376.0                        51.99
                    1380.9                        52.14
                    1385.8                        52.29
                    1390.6                        52.45
                    1395.5                        52.60
                    1400.4                        52.75
                    1405.3                        52.90
                    1410.1                        53.05
                    1415.0                        53.20
                    1419.9                        53.35
                    1424.8                        53.50
                    1429.6                        53.65
                    1434.5                        53.80
                    1439.4                        53.95
                    1444.3                        54.10
                    1449.1                        54.25
                    1454.0                        54.40
                    1458.9                        54.55
                    1463.8                        54.70
                    1468.6                        54.85
                    1473.5                        55.00
                    1478.4                        55.15
                    1483.3                        55.30
                    1488.1                        55.45
                    1493.0                        55.60
                    1497.9                        55.75
                    1502.8                        55.90
                    1507.6                        56.05
                    1512.5                        56.20
                    1517.4                        56.35
                    1522.3                        56.50
                    1527.1                        56.65
                    1532.0                        56.80
                    1536.9                        56.95
                    1541.8                        57.10
                    1546.6                        57.25
                    1551.5                        57.40
                    1556.4                        57.54
                    1561.3                        57.69
                    1566.1                        57.84
                    1571.0                        57.99
                    1575.9                        58.14
                    1580.8                        58.29
                    1585.6                        58.44
                    1590.5                        58.59
                    1595.4                        58.73
                    1600.3                        58.88
                    1605.1                        59.03
                    1610.0                        59.18
                    1614.9                        59.33
                    1619.8                        59.48
                    1624.6                        59.62
                    1629.5                        59.77
                    1634.4                        59.92
                    1639.3                        60.07
                    1644.1                        60.21
                    1649.0                        60.36
                    1653.9                        60.51
                    1658.8                        60.66
                    1663.6                        60.81
                    1668.5                        60.95
                    1673.4                        61.10
                    1678.3                        61.25
                    1683.1                        61.40
                    1688.0                        61.54
                    1692.9                        61.69
                    1697.8                        61.84
                    1702.6                        61.98
                    1707.5                        62.13
                    1712.4                        62.28
                    1717.3                        62.43
                    1722.1                        62.57
                    1727.0                        62.72
                    1731.9                        62.87
                    1736.8                        63.01
                    1741.6                        63.16
                    1746.5                        63.31
                    1751.4                        63.45
                    1756.3                        63.60
                    1761.1                        63.75
                    1766.0                        63.89
                    1770.9                        64.04
                    1775.8                        64.19
                    1780.6                        64.33
                    1785.5                        64.48
                    1790.4                        64.62
                    1795.3                        64.77
                    1800.1                        64.92
                    1805.0                        65.06
                    1809.9                        65.21
                    1814.8                        65.35
                    1819.6                        65.50
                    1824.5                        65.65
                    1829.4                        65.79
                    1834.3                        65.94
                    1839.1                        66.08
                    1844.0                        66.23
                    1848.9                        66.37
                    1853.8                        66.52
                    1858.6                        66.67
                    1863.5                        66.81
                    1868.4                        66.96
                    1873.3                        67.10
                    1878.1                        67.25
                    1883.0                        67.39
                    1887.9                        67.54
                    1892.8                        67.68
                    1897.6                        67.83
                    1902.5                        67.97
                    1907.4                        68.12
                    1912.3                        68.26
                    1917.1                        68.41
                    1922.0                        68.55
                    1926.9                        68.70
                    1931.8                        68.84
                    1936.6                        68.99
                    1941.5                        69.13
                    1946.4                        69.28
                    1951.3                        69.42
                    1956.1                        69.57
                    1961.0                        69.71
                    1965.9                        69.85
                    1970.8                        70.00
                    1975.6                        70.14
                    1980.5                        70.29
                    1985.4                        70.43
                    1990.3                        70.58
                    1995.1                        70.72
                    2000.0                        70.86
