
ELEMENT:
                                      Si

SOURCE:
                                 Tung et al.
               US Air Force Report RADC-TR-76-125 (April 1976)
       IMFP values determined from optical data and a theoretical model
                                       

ATOMIC WEIGHT:                28.08550

DENSITY:                       2.3290 g/cm**3

TABULATION:

______________________________________________________________________________

                    Energy                         IMFP
                      eV                        Angstroms
______________________________________________________________________________
                      40.0                         1.38
                      64.9                         2.08
                      89.8                         2.73
                     114.7                         3.35
                     139.6                         3.95
                     164.5                         4.53
                     189.4                         5.10
                     214.3                         5.65
                     239.2                         6.20
                     264.1                         6.74
                     289.0                         7.27
                     313.9                         7.79
                     338.8                         8.30
                     363.7                         8.81
                     388.6                         9.31
                     413.5                         9.81
                     438.4                        10.30
                     463.3                        10.79
                     488.2                        11.27
                     513.1                        11.75
                     538.0                        12.23
                     562.9                        12.70
                     587.8                        13.17
                     612.7                        13.64
                     637.6                        14.10
                     662.5                        14.56
                     687.4                        15.02
                     712.3                        15.47
                     737.2                        15.93
                     762.1                        16.38
                     787.0                        16.82
                     811.9                        17.27
                     836.8                        17.71
                     861.7                        18.15
                     886.6                        18.59
                     911.5                        19.03
                     936.4                        19.46
                     961.3                        19.90
                     986.2                        20.33
                    1011.1                        20.76
                    1036.0                        21.18
                    1060.9                        21.61
                    1085.8                        22.03
                    1110.7                        22.46
                    1135.6                        22.88
                    1160.5                        23.30
                    1185.4                        23.72
                    1210.3                        24.13
                    1235.2                        24.55
                    1260.1                        24.96
                    1285.0                        25.37
                    1309.9                        25.79
                    1334.8                        26.20
                    1359.7                        26.61
                    1384.6                        27.01
                    1409.5                        27.42
                    1434.4                        27.82
                    1459.3                        28.23
                    1484.2                        28.63
                    1509.1                        29.03
                    1534.0                        29.44
                    1558.9                        29.84
                    1583.8                        30.23
                    1608.7                        30.63
                    1633.6                        31.03
                    1658.5                        31.43
                    1683.4                        31.82
                    1708.3                        32.21
                    1733.2                        32.61
                    1758.1                        33.00
                    1783.0                        33.39
                    1807.9                        33.78
                    1832.8                        34.17
                    1857.7                        34.56
                    1882.6                        34.95
                    1907.5                        35.33
                    1932.4                        35.72
                    1957.3                        36.11
                    1982.2                        36.49
                    2007.1                        36.87
                    2032.0                        37.26
                    2056.9                        37.64
                    2081.8                        38.02
                    2106.7                        38.40
                    2131.6                        38.78
                    2156.5                        39.16
                    2181.4                        39.54
                    2206.3                        39.92
                    2231.2                        40.30
                    2256.1                        40.67
                    2281.0                        41.05
                    2305.9                        41.42
                    2330.8                        41.80
                    2355.7                        42.17
                    2380.6                        42.55
                    2405.5                        42.92
                    2430.4                        43.29
                    2455.3                        43.66
                    2480.2                        44.03
                    2505.1                        44.40
                    2530.0                        44.77
                    2554.9                        45.14
                    2579.8                        45.51
                    2604.7                        45.88
                    2629.6                        46.24
                    2654.5                        46.61
                    2679.4                        46.98
                    2704.3                        47.34
                    2729.2                        47.71
                    2754.1                        48.07
                    2779.0                        48.44
                    2803.9                        48.80
                    2828.8                        49.16
                    2853.7                        49.53
                    2878.6                        49.89
                    2903.5                        50.25
                    2928.4                        50.61
                    2953.3                        50.97
                    2978.2                        51.33
                    3003.1                        51.69
                    3028.0                        52.05
                    3052.9                        52.41
                    3077.8                        52.77
                    3102.7                        53.12
                    3127.6                        53.48
                    3152.5                        53.84
                    3177.4                        54.19
                    3202.3                        54.55
                    3227.2                        54.90
                    3252.1                        55.26
                    3277.0                        55.61
                    3301.9                        55.97
                    3326.8                        56.32
                    3351.7                        56.67
                    3376.6                        57.03
                    3401.5                        57.38
                    3426.4                        57.73
                    3451.3                        58.08
                    3476.2                        58.43
                    3501.1                        58.78
                    3526.0                        59.13
                    3550.9                        59.48
                    3575.8                        59.83
                    3600.7                        60.18
                    3625.6                        60.53
                    3650.5                        60.88
                    3675.4                        61.23
                    3700.3                        61.58
                    3725.2                        61.92
                    3750.1                        62.27
                    3775.0                        62.62
                    3799.9                        62.96
                    3824.8                        63.31
                    3849.7                        63.65
                    3874.6                        64.00
                    3899.5                        64.34
                    3924.4                        64.69
                    3949.3                        65.03
                    3974.2                        65.37
                    3999.1                        65.72
                    4024.0                        66.06
                    4048.9                        66.40
                    4073.8                        66.74
                    4098.7                        67.09
                    4123.6                        67.43
                    4148.5                        67.77
                    4173.4                        68.11
                    4198.3                        68.45
                    4223.2                        68.79
                    4248.1                        69.13
                    4273.0                        69.47
                    4297.9                        69.81
                    4322.8                        70.15
                    4347.7                        70.49
                    4372.6                        70.82
                    4397.5                        71.16
                    4422.4                        71.50
                    4447.3                        71.84
                    4472.2                        72.17
                    4497.1                        72.51
                    4522.0                        72.85
                    4546.9                        73.18
                    4571.8                        73.52
                    4596.7                        73.85
                    4621.6                        74.19
                    4646.5                        74.52
                    4671.4                        74.86
                    4696.3                        75.19
                    4721.2                        75.53
                    4746.1                        75.86
                    4771.0                        76.19
                    4795.9                        76.53
                    4820.8                        76.86
                    4845.7                        77.19
                    4870.6                        77.53
                    4895.5                        77.86
                    4920.4                        78.19
                    4945.3                        78.52
                    4970.2                        78.85
                    4995.1                        79.18
                    5020.0                        79.51
                    5044.9                        79.84
                    5069.8                        80.17
                    5094.7                        80.50
                    5119.6                        80.83
                    5144.5                        81.16
                    5169.4                        81.49
                    5194.3                        81.82
                    5219.2                        82.15
                    5244.1                        82.48
                    5269.0                        82.81
                    5293.9                        83.13
                    5318.8                        83.46
                    5343.7                        83.79
                    5368.6                        84.12
                    5393.5                        84.44
                    5418.4                        84.77
                    5443.3                        85.10
                    5468.2                        85.42
                    5493.1                        85.75
                    5518.0                        86.07
                    5542.9                        86.40
                    5567.8                        86.73
                    5592.7                        87.05
                    5617.6                        87.37
                    5642.5                        87.70
                    5667.4                        88.02
                    5692.3                        88.35
                    5717.2                        88.67
                    5742.1                        89.00
                    5767.0                        89.32
                    5791.9                        89.64
                    5816.8                        89.96
                    5841.7                        90.29
                    5866.6                        90.61
                    5891.5                        90.93
                    5916.4                        91.25
                    5941.3                        91.58
                    5966.2                        91.90
                    5991.1                        92.22
                    6016.0                        92.54
                    6040.9                        92.86
                    6065.8                        93.18
                    6090.7                        93.50
                    6115.6                        93.82
                    6140.5                        94.14
                    6165.4                        94.46
                    6190.3                        94.78
                    6215.2                        95.10
                    6240.1                        95.42
                    6265.0                        95.74
                    6289.9                        96.06
                    6314.8                        96.38
                    6339.7                        96.70
                    6364.6                        97.01
                    6389.5                        97.33
                    6414.4                        97.65
                    6439.3                        97.97
                    6464.2                        98.28
                    6489.1                        98.60
                    6514.0                        98.92
                    6538.9                        99.24
                    6563.8                        99.55
                    6588.7                        99.87
                    6613.6                       100.19
                    6638.5                       100.50
                    6663.4                       100.82
                    6688.3                       101.13
                    6713.2                       101.45
                    6738.1                       101.76
                    6763.0                       102.08
                    6787.9                       102.39
                    6812.8                       102.71
                    6837.7                       103.02
                    6862.6                       103.34
                    6887.5                       103.65
                    6912.4                       103.97
                    6937.3                       104.28
                    6962.2                       104.59
                    6987.1                       104.91
                    7012.0                       105.22
                    7036.9                       105.53
                    7061.8                       105.85
                    7086.7                       106.16
                    7111.6                       106.47
                    7136.5                       106.78
                    7161.4                       107.10
                    7186.3                       107.41
                    7211.2                       107.72
                    7236.1                       108.03
                    7261.0                       108.34
                    7285.9                       108.65
                    7310.8                       108.97
                    7335.7                       109.28
                    7360.6                       109.59
                    7385.5                       109.90
                    7410.4                       110.21
                    7435.3                       110.52
                    7460.2                       110.83
                    7485.1                       111.14
                    7510.0                       111.45
                    7534.9                       111.76
                    7559.8                       112.07
                    7584.7                       112.38
                    7609.6                       112.69
                    7634.5                       113.00
                    7659.4                       113.30
                    7684.3                       113.61
                    7709.2                       113.92
                    7734.1                       114.23
                    7759.0                       114.54
                    7783.9                       114.85
                    7808.8                       115.15
                    7833.7                       115.46
                    7858.6                       115.77
                    7883.5                       116.08
                    7908.4                       116.38
                    7933.3                       116.69
                    7958.2                       117.00
                    7983.1                       117.30
                    8008.0                       117.61
                    8032.9                       117.92
                    8057.8                       118.22
                    8082.7                       118.53
                    8107.6                       118.84
                    8132.5                       119.14
                    8157.4                       119.45
                    8182.3                       119.75
                    8207.2                       120.06
                    8232.1                       120.36
                    8257.0                       120.67
                    8281.9                       120.97
                    8306.8                       121.28
                    8331.7                       121.58
                    8356.6                       121.89
                    8381.5                       122.19
                    8406.4                       122.50
                    8431.3                       122.80
                    8456.2                       123.10
                    8481.1                       123.41
                    8506.0                       123.71
                    8530.9                       124.01
                    8555.8                       124.32
                    8580.7                       124.62
                    8605.6                       124.92
                    8630.5                       125.23
                    8655.4                       125.53
                    8680.3                       125.83
                    8705.2                       126.13
                    8730.1                       126.44
                    8755.0                       126.74
                    8779.9                       127.04
                    8804.8                       127.34
                    8829.7                       127.65
                    8854.6                       127.95
                    8879.5                       128.25
                    8904.4                       128.55
                    8929.3                       128.85
                    8954.2                       129.15
                    8979.1                       129.45
                    9004.0                       129.75
                    9028.9                       130.05
                    9053.8                       130.36
                    9078.7                       130.66
                    9103.6                       130.96
                    9128.5                       131.26
                    9153.4                       131.56
                    9178.3                       131.86
                    9203.2                       132.16
                    9228.1                       132.46
                    9253.0                       132.75
                    9277.9                       133.05
                    9302.8                       133.35
                    9327.7                       133.65
                    9352.6                       133.95
                    9377.5                       134.25
                    9402.4                       134.55
                    9427.3                       134.85
                    9452.2                       135.15
                    9477.1                       135.44
                    9502.0                       135.74
                    9526.9                       136.04
                    9551.8                       136.34
                    9576.7                       136.64
                    9601.6                       136.93
                    9626.5                       137.23
                    9651.4                       137.53
                    9676.3                       137.83
                    9701.2                       138.12
                    9726.1                       138.42
                    9751.0                       138.72
                    9775.9                       139.02
                    9800.8                       139.31
                    9825.7                       139.61
                    9850.6                       139.90
                    9875.5                       140.20
                    9900.4                       140.50
                    9925.3                       140.79
                    9950.2                       141.09
                    9975.1                       141.39
                   10000.0                       141.68
