
ELEMENT:
                                      P 

SOURCE:
                           Tanuma, Powell and Penn
                    Surface Interface Anal. 21 (1994) 165.
                 IMFP values determined from TPP-2M equation
                                       

COMMENT:
              White phosphorus (density equal to 1.823 g/cm**3)

ATOMIC WEIGHT:                30.97376

DENSITY:                       1.8230 g/cm**3

TABULATION:

______________________________________________________________________________

                    Energy                         IMFP
                      eV                        Angstroms
______________________________________________________________________________
                      50.0                         4.03
                      54.9                         4.19
                      59.8                         4.32
                      64.6                         4.45
                      69.5                         4.57
                      74.4                         4.69
                      79.3                         4.81
                      84.1                         4.93
                      89.0                         5.05
                      93.9                         5.17
                      98.8                         5.29
                     103.6                         5.41
                     108.5                         5.53
                     113.4                         5.66
                     118.3                         5.78
                     123.1                         5.90
                     128.0                         6.02
                     132.9                         6.14
                     137.8                         6.26
                     142.6                         6.38
                     147.5                         6.50
                     152.4                         6.62
                     157.3                         6.74
                     162.1                         6.86
                     167.0                         6.98
                     171.9                         7.10
                     176.8                         7.22
                     181.6                         7.34
                     186.5                         7.46
                     191.4                         7.58
                     196.3                         7.69
                     201.1                         7.81
                     206.0                         7.93
                     210.9                         8.05
                     215.8                         8.16
                     220.6                         8.28
                     225.5                         8.40
                     230.4                         8.52
                     235.3                         8.63
                     240.1                         8.75
                     245.0                         8.86
                     249.9                         8.98
                     254.8                         9.09
                     259.6                         9.21
                     264.5                         9.32
                     269.4                         9.44
                     274.3                         9.55
                     279.1                         9.67
                     284.0                         9.78
                     288.9                         9.89
                     293.8                        10.01
                     298.6                        10.12
                     303.5                        10.23
                     308.4                        10.34
                     313.3                        10.46
                     318.1                        10.57
                     323.0                        10.68
                     327.9                        10.79
                     332.8                        10.90
                     337.6                        11.01
                     342.5                        11.13
                     347.4                        11.24
                     352.3                        11.35
                     357.1                        11.46
                     362.0                        11.57
                     366.9                        11.68
                     371.8                        11.79
                     376.6                        11.90
                     381.5                        12.01
                     386.4                        12.11
                     391.3                        12.22
                     396.1                        12.33
                     401.0                        12.44
                     405.9                        12.55
                     410.8                        12.66
                     415.6                        12.77
                     420.5                        12.87
                     425.4                        12.98
                     430.3                        13.09
                     435.1                        13.20
                     440.0                        13.30
                     444.9                        13.41
                     449.8                        13.52
                     454.6                        13.62
                     459.5                        13.73
                     464.4                        13.84
                     469.3                        13.94
                     474.1                        14.05
                     479.0                        14.15
                     483.9                        14.26
                     488.8                        14.37
                     493.6                        14.47
                     498.5                        14.58
                     503.4                        14.68
                     508.3                        14.79
                     513.1                        14.89
                     518.0                        15.00
                     522.9                        15.10
                     527.8                        15.21
                     532.6                        15.31
                     537.5                        15.41
                     542.4                        15.52
                     547.3                        15.62
                     552.1                        15.73
                     557.0                        15.83
                     561.9                        15.93
                     566.8                        16.04
                     571.6                        16.14
                     576.5                        16.24
                     581.4                        16.35
                     586.3                        16.45
                     591.1                        16.55
                     596.0                        16.65
                     600.9                        16.76
                     605.8                        16.86
                     610.6                        16.96
                     615.5                        17.06
                     620.4                        17.16
                     625.3                        17.27
                     630.1                        17.37
                     635.0                        17.47
                     639.9                        17.57
                     644.8                        17.67
                     649.6                        17.77
                     654.5                        17.88
                     659.4                        17.98
                     664.3                        18.08
                     669.1                        18.18
                     674.0                        18.28
                     678.9                        18.38
                     683.8                        18.48
                     688.6                        18.58
                     693.5                        18.68
                     698.4                        18.78
                     703.3                        18.88
                     708.1                        18.98
                     713.0                        19.08
                     717.9                        19.18
                     722.8                        19.28
                     727.6                        19.38
                     732.5                        19.48
                     737.4                        19.58
                     742.3                        19.68
                     747.1                        19.78
                     752.0                        19.88
                     756.9                        19.98
                     761.8                        20.08
                     766.6                        20.17
                     771.5                        20.27
                     776.4                        20.37
                     781.3                        20.47
                     786.1                        20.57
                     791.0                        20.67
                     795.9                        20.77
                     800.8                        20.86
                     805.6                        20.96
                     810.5                        21.06
                     815.4                        21.16
                     820.3                        21.26
                     825.1                        21.35
                     830.0                        21.45
                     834.9                        21.55
                     839.8                        21.65
                     844.6                        21.74
                     849.5                        21.84
                     854.4                        21.94
                     859.3                        22.04
                     864.1                        22.13
                     869.0                        22.23
                     873.9                        22.33
                     878.8                        22.42
                     883.6                        22.52
                     888.5                        22.62
                     893.4                        22.71
                     898.3                        22.81
                     903.1                        22.91
                     908.0                        23.00
                     912.9                        23.10
                     917.8                        23.20
                     922.6                        23.29
                     927.5                        23.39
                     932.4                        23.49
                     937.3                        23.58
                     942.1                        23.68
                     947.0                        23.77
                     951.9                        23.87
                     956.8                        23.97
                     961.6                        24.06
                     966.5                        24.16
                     971.4                        24.25
                     976.3                        24.35
                     981.1                        24.44
                     986.0                        24.54
                     990.9                        24.63
                     995.8                        24.73
                    1000.6                        24.82
                    1005.5                        24.92
                    1010.4                        25.01
                    1015.3                        25.11
                    1020.1                        25.20
                    1025.0                        25.30
                    1029.9                        25.39
                    1034.8                        25.49
                    1039.6                        25.58
                    1044.5                        25.68
                    1049.4                        25.77
                    1054.3                        25.87
                    1059.1                        25.96
                    1064.0                        26.05
                    1068.9                        26.15
                    1073.8                        26.24
                    1078.6                        26.34
                    1083.5                        26.43
                    1088.4                        26.53
                    1093.3                        26.62
                    1098.1                        26.71
                    1103.0                        26.81
                    1107.9                        26.90
                    1112.8                        26.99
                    1117.6                        27.09
                    1122.5                        27.18
                    1127.4                        27.28
                    1132.3                        27.37
                    1137.1                        27.46
                    1142.0                        27.56
                    1146.9                        27.65
                    1151.8                        27.74
                    1156.6                        27.84
                    1161.5                        27.93
                    1166.4                        28.02
                    1171.3                        28.11
                    1176.1                        28.21
                    1181.0                        28.30
                    1185.9                        28.39
                    1190.8                        28.49
                    1195.6                        28.58
                    1200.5                        28.67
                    1205.4                        28.76
                    1210.3                        28.86
                    1215.1                        28.95
                    1220.0                        29.04
                    1224.9                        29.13
                    1229.8                        29.23
                    1234.6                        29.32
                    1239.5                        29.41
                    1244.4                        29.50
                    1249.3                        29.60
                    1254.1                        29.69
                    1259.0                        29.78
                    1263.9                        29.87
                    1268.8                        29.96
                    1273.6                        30.06
                    1278.5                        30.15
                    1283.4                        30.24
                    1288.3                        30.33
                    1293.1                        30.42
                    1298.0                        30.51
                    1302.9                        30.61
                    1307.8                        30.70
                    1312.6                        30.79
                    1317.5                        30.88
                    1322.4                        30.97
                    1327.3                        31.06
                    1332.1                        31.15
                    1337.0                        31.25
                    1341.9                        31.34
                    1346.8                        31.43
                    1351.6                        31.52
                    1356.5                        31.61
                    1361.4                        31.70
                    1366.3                        31.79
                    1371.1                        31.88
                    1376.0                        31.97
                    1380.9                        32.06
                    1385.8                        32.16
                    1390.6                        32.25
                    1395.5                        32.34
                    1400.4                        32.43
                    1405.3                        32.52
                    1410.1                        32.61
                    1415.0                        32.70
                    1419.9                        32.79
                    1424.8                        32.88
                    1429.6                        32.97
                    1434.5                        33.06
                    1439.4                        33.15
                    1444.3                        33.24
                    1449.1                        33.33
                    1454.0                        33.42
                    1458.9                        33.51
                    1463.8                        33.60
                    1468.6                        33.69
                    1473.5                        33.78
                    1478.4                        33.87
                    1483.3                        33.96
                    1488.1                        34.05
                    1493.0                        34.14
                    1497.9                        34.23
                    1502.8                        34.32
                    1507.6                        34.41
                    1512.5                        34.50
                    1517.4                        34.59
                    1522.3                        34.68
                    1527.1                        34.77
                    1532.0                        34.86
                    1536.9                        34.95
                    1541.8                        35.04
                    1546.6                        35.13
                    1551.5                        35.22
                    1556.4                        35.31
                    1561.3                        35.40
                    1566.1                        35.49
                    1571.0                        35.57
                    1575.9                        35.66
                    1580.8                        35.75
                    1585.6                        35.84
                    1590.5                        35.93
                    1595.4                        36.02
                    1600.3                        36.11
                    1605.1                        36.20
                    1610.0                        36.29
                    1614.9                        36.38
                    1619.8                        36.47
                    1624.6                        36.55
                    1629.5                        36.64
                    1634.4                        36.73
                    1639.3                        36.82
                    1644.1                        36.91
                    1649.0                        37.00
                    1653.9                        37.09
                    1658.8                        37.17
                    1663.6                        37.26
                    1668.5                        37.35
                    1673.4                        37.44
                    1678.3                        37.53
                    1683.1                        37.62
                    1688.0                        37.71
                    1692.9                        37.79
                    1697.8                        37.88
                    1702.6                        37.97
                    1707.5                        38.06
                    1712.4                        38.15
                    1717.3                        38.23
                    1722.1                        38.32
                    1727.0                        38.41
                    1731.9                        38.50
                    1736.8                        38.59
                    1741.6                        38.67
                    1746.5                        38.76
                    1751.4                        38.85
                    1756.3                        38.94
                    1761.1                        39.03
                    1766.0                        39.11
                    1770.9                        39.20
                    1775.8                        39.29
                    1780.6                        39.38
                    1785.5                        39.46
                    1790.4                        39.55
                    1795.3                        39.64
                    1800.1                        39.73
                    1805.0                        39.81
                    1809.9                        39.90
                    1814.8                        39.99
                    1819.6                        40.08
                    1824.5                        40.16
                    1829.4                        40.25
                    1834.3                        40.34
                    1839.1                        40.43
                    1844.0                        40.51
                    1848.9                        40.60
                    1853.8                        40.69
                    1858.6                        40.78
                    1863.5                        40.86
                    1868.4                        40.95
                    1873.3                        41.04
                    1878.1                        41.12
                    1883.0                        41.21
                    1887.9                        41.30
                    1892.8                        41.38
                    1897.6                        41.47
                    1902.5                        41.56
                    1907.4                        41.65
                    1912.3                        41.73
                    1917.1                        41.82
                    1922.0                        41.91
                    1926.9                        41.99
                    1931.8                        42.08
                    1936.6                        42.17
                    1941.5                        42.25
                    1946.4                        42.34
                    1951.3                        42.43
                    1956.1                        42.51
                    1961.0                        42.60
                    1965.9                        42.69
                    1970.8                        42.77
                    1975.6                        42.86
                    1980.5                        42.94
                    1985.4                        43.03
                    1990.3                        43.12
                    1995.1                        43.20
                    2000.0                        43.29
