
ELEMENT:
                                      S 

SOURCE:
                           Tanuma, Powell and Penn
                    Surface Interface Anal. 21 (1994) 165.
                 IMFP values determined from TPP-2M equation
                                       

ATOMIC WEIGHT:                32.06600

DENSITY:                       2.0700 g/cm**3

TABULATION:

______________________________________________________________________________

                    Energy                         IMFP
                      eV                        Angstroms
______________________________________________________________________________
                      50.0                         4.25
                      54.9                         4.39
                      59.8                         4.51
                      64.6                         4.62
                      69.5                         4.72
                      74.4                         4.83
                      79.3                         4.93
                      84.1                         5.04
                      89.0                         5.14
                      93.9                         5.25
                      98.8                         5.36
                     103.6                         5.46
                     108.5                         5.57
                     113.4                         5.68
                     118.3                         5.79
                     123.1                         5.90
                     128.0                         6.02
                     132.9                         6.13
                     137.8                         6.24
                     142.6                         6.35
                     147.5                         6.46
                     152.4                         6.58
                     157.3                         6.69
                     162.1                         6.80
                     167.0                         6.91
                     171.9                         7.03
                     176.8                         7.14
                     181.6                         7.25
                     186.5                         7.36
                     191.4                         7.48
                     196.3                         7.59
                     201.1                         7.70
                     206.0                         7.81
                     210.9                         7.92
                     215.8                         8.03
                     220.6                         8.14
                     225.5                         8.26
                     230.4                         8.37
                     235.3                         8.48
                     240.1                         8.59
                     245.0                         8.70
                     249.9                         8.81
                     254.8                         8.92
                     259.6                         9.03
                     264.5                         9.14
                     269.4                         9.24
                     274.3                         9.35
                     279.1                         9.46
                     284.0                         9.57
                     288.9                         9.68
                     293.8                         9.79
                     298.6                         9.90
                     303.5                        10.00
                     308.4                        10.11
                     313.3                        10.22
                     318.1                        10.32
                     323.0                        10.43
                     327.9                        10.54
                     332.8                        10.64
                     337.6                        10.75
                     342.5                        10.86
                     347.4                        10.96
                     352.3                        11.07
                     357.1                        11.17
                     362.0                        11.28
                     366.9                        11.39
                     371.8                        11.49
                     376.6                        11.60
                     381.5                        11.70
                     386.4                        11.80
                     391.3                        11.91
                     396.1                        12.01
                     401.0                        12.12
                     405.9                        12.22
                     410.8                        12.32
                     415.6                        12.43
                     420.5                        12.53
                     425.4                        12.63
                     430.3                        12.74
                     435.1                        12.84
                     440.0                        12.94
                     444.9                        13.05
                     449.8                        13.15
                     454.6                        13.25
                     459.5                        13.35
                     464.4                        13.45
                     469.3                        13.56
                     474.1                        13.66
                     479.0                        13.76
                     483.9                        13.86
                     488.8                        13.96
                     493.6                        14.06
                     498.5                        14.16
                     503.4                        14.27
                     508.3                        14.37
                     513.1                        14.47
                     518.0                        14.57
                     522.9                        14.67
                     527.8                        14.77
                     532.6                        14.87
                     537.5                        14.97
                     542.4                        15.07
                     547.3                        15.17
                     552.1                        15.27
                     557.0                        15.37
                     561.9                        15.47
                     566.8                        15.56
                     571.6                        15.66
                     576.5                        15.76
                     581.4                        15.86
                     586.3                        15.96
                     591.1                        16.06
                     596.0                        16.16
                     600.9                        16.26
                     605.8                        16.35
                     610.6                        16.45
                     615.5                        16.55
                     620.4                        16.65
                     625.3                        16.75
                     630.1                        16.84
                     635.0                        16.94
                     639.9                        17.04
                     644.8                        17.14
                     649.6                        17.23
                     654.5                        17.33
                     659.4                        17.43
                     664.3                        17.52
                     669.1                        17.62
                     674.0                        17.72
                     678.9                        17.81
                     683.8                        17.91
                     688.6                        18.01
                     693.5                        18.10
                     698.4                        18.20
                     703.3                        18.30
                     708.1                        18.39
                     713.0                        18.49
                     717.9                        18.58
                     722.8                        18.68
                     727.6                        18.78
                     732.5                        18.87
                     737.4                        18.97
                     742.3                        19.06
                     747.1                        19.16
                     752.0                        19.25
                     756.9                        19.35
                     761.8                        19.44
                     766.6                        19.54
                     771.5                        19.63
                     776.4                        19.73
                     781.3                        19.82
                     786.1                        19.92
                     791.0                        20.01
                     795.9                        20.11
                     800.8                        20.20
                     805.6                        20.29
                     810.5                        20.39
                     815.4                        20.48
                     820.3                        20.58
                     825.1                        20.67
                     830.0                        20.76
                     834.9                        20.86
                     839.8                        20.95
                     844.6                        21.05
                     849.5                        21.14
                     854.4                        21.23
                     859.3                        21.33
                     864.1                        21.42
                     869.0                        21.51
                     873.9                        21.61
                     878.8                        21.70
                     883.6                        21.79
                     888.5                        21.89
                     893.4                        21.98
                     898.3                        22.07
                     903.1                        22.16
                     908.0                        22.26
                     912.9                        22.35
                     917.8                        22.44
                     922.6                        22.53
                     927.5                        22.63
                     932.4                        22.72
                     937.3                        22.81
                     942.1                        22.90
                     947.0                        23.00
                     951.9                        23.09
                     956.8                        23.18
                     961.6                        23.27
                     966.5                        23.36
                     971.4                        23.46
                     976.3                        23.55
                     981.1                        23.64
                     986.0                        23.73
                     990.9                        23.82
                     995.8                        23.91
                    1000.6                        24.00
                    1005.5                        24.10
                    1010.4                        24.19
                    1015.3                        24.28
                    1020.1                        24.37
                    1025.0                        24.46
                    1029.9                        24.55
                    1034.8                        24.64
                    1039.6                        24.73
                    1044.5                        24.82
                    1049.4                        24.92
                    1054.3                        25.01
                    1059.1                        25.10
                    1064.0                        25.19
                    1068.9                        25.28
                    1073.8                        25.37
                    1078.6                        25.46
                    1083.5                        25.55
                    1088.4                        25.64
                    1093.3                        25.73
                    1098.1                        25.82
                    1103.0                        25.91
                    1107.9                        26.00
                    1112.8                        26.09
                    1117.6                        26.18
                    1122.5                        26.27
                    1127.4                        26.36
                    1132.3                        26.45
                    1137.1                        26.54
                    1142.0                        26.63
                    1146.9                        26.72
                    1151.8                        26.81
                    1156.6                        26.90
                    1161.5                        26.99
                    1166.4                        27.08
                    1171.3                        27.17
                    1176.1                        27.25
                    1181.0                        27.34
                    1185.9                        27.43
                    1190.8                        27.52
                    1195.6                        27.61
                    1200.5                        27.70
                    1205.4                        27.79
                    1210.3                        27.88
                    1215.1                        27.97
                    1220.0                        28.06
                    1224.9                        28.15
                    1229.8                        28.23
                    1234.6                        28.32
                    1239.5                        28.41
                    1244.4                        28.50
                    1249.3                        28.59
                    1254.1                        28.68
                    1259.0                        28.77
                    1263.9                        28.85
                    1268.8                        28.94
                    1273.6                        29.03
                    1278.5                        29.12
                    1283.4                        29.21
                    1288.3                        29.29
                    1293.1                        29.38
                    1298.0                        29.47
                    1302.9                        29.56
                    1307.8                        29.65
                    1312.6                        29.74
                    1317.5                        29.82
                    1322.4                        29.91
                    1327.3                        30.00
                    1332.1                        30.09
                    1337.0                        30.17
                    1341.9                        30.26
                    1346.8                        30.35
                    1351.6                        30.44
                    1356.5                        30.52
                    1361.4                        30.61
                    1366.3                        30.70
                    1371.1                        30.79
                    1376.0                        30.87
                    1380.9                        30.96
                    1385.8                        31.05
                    1390.6                        31.14
                    1395.5                        31.22
                    1400.4                        31.31
                    1405.3                        31.40
                    1410.1                        31.48
                    1415.0                        31.57
                    1419.9                        31.66
                    1424.8                        31.74
                    1429.6                        31.83
                    1434.5                        31.92
                    1439.4                        32.01
                    1444.3                        32.09
                    1449.1                        32.18
                    1454.0                        32.27
                    1458.9                        32.35
                    1463.8                        32.44
                    1468.6                        32.53
                    1473.5                        32.61
                    1478.4                        32.70
                    1483.3                        32.78
                    1488.1                        32.87
                    1493.0                        32.96
                    1497.9                        33.04
                    1502.8                        33.13
                    1507.6                        33.22
                    1512.5                        33.30
                    1517.4                        33.39
                    1522.3                        33.47
                    1527.1                        33.56
                    1532.0                        33.65
                    1536.9                        33.73
                    1541.8                        33.82
                    1546.6                        33.90
                    1551.5                        33.99
                    1556.4                        34.08
                    1561.3                        34.16
                    1566.1                        34.25
                    1571.0                        34.33
                    1575.9                        34.42
                    1580.8                        34.50
                    1585.6                        34.59
                    1590.5                        34.68
                    1595.4                        34.76
                    1600.3                        34.85
                    1605.1                        34.93
                    1610.0                        35.02
                    1614.9                        35.10
                    1619.8                        35.19
                    1624.6                        35.27
                    1629.5                        35.36
                    1634.4                        35.44
                    1639.3                        35.53
                    1644.1                        35.62
                    1649.0                        35.70
                    1653.9                        35.79
                    1658.8                        35.87
                    1663.6                        35.96
                    1668.5                        36.04
                    1673.4                        36.13
                    1678.3                        36.21
                    1683.1                        36.30
                    1688.0                        36.38
                    1692.9                        36.46
                    1697.8                        36.55
                    1702.6                        36.63
                    1707.5                        36.72
                    1712.4                        36.80
                    1717.3                        36.89
                    1722.1                        36.97
                    1727.0                        37.06
                    1731.9                        37.14
                    1736.8                        37.23
                    1741.6                        37.31
                    1746.5                        37.40
                    1751.4                        37.48
                    1756.3                        37.56
                    1761.1                        37.65
                    1766.0                        37.73
                    1770.9                        37.82
                    1775.8                        37.90
                    1780.6                        37.99
                    1785.5                        38.07
                    1790.4                        38.15
                    1795.3                        38.24
                    1800.1                        38.32
                    1805.0                        38.41
                    1809.9                        38.49
                    1814.8                        38.58
                    1819.6                        38.66
                    1824.5                        38.74
                    1829.4                        38.83
                    1834.3                        38.91
                    1839.1                        38.99
                    1844.0                        39.08
                    1848.9                        39.16
                    1853.8                        39.25
                    1858.6                        39.33
                    1863.5                        39.41
                    1868.4                        39.50
                    1873.3                        39.58
                    1878.1                        39.66
                    1883.0                        39.75
                    1887.9                        39.83
                    1892.8                        39.92
                    1897.6                        40.00
                    1902.5                        40.08
                    1907.4                        40.17
                    1912.3                        40.25
                    1917.1                        40.33
                    1922.0                        40.42
                    1926.9                        40.50
                    1931.8                        40.58
                    1936.6                        40.67
                    1941.5                        40.75
                    1946.4                        40.83
                    1951.3                        40.92
                    1956.1                        41.00
                    1961.0                        41.08
                    1965.9                        41.16
                    1970.8                        41.25
                    1975.6                        41.33
                    1980.5                        41.41
                    1985.4                        41.50
                    1990.3                        41.58
                    1995.1                        41.66
                    2000.0                        41.75
