
ELEMENT:
                                      Sc

SOURCE:
                           Tanuma, Powell and Penn
                    Surface Interface Anal. 21 (1994) 165.
                 IMFP values determined from TPP-2M equation
                                       

ATOMIC WEIGHT:                44.95591

DENSITY:                       2.9900 g/cm**3

TABULATION:

______________________________________________________________________________

                    Energy                         IMFP
                      eV                        Angstroms
______________________________________________________________________________
                      50.0                         4.63
                      54.9                         4.53
                      59.8                         4.48
                      64.6                         4.47
                      69.5                         4.48
                      74.4                         4.50
                      79.3                         4.55
                      84.1                         4.60
                      89.0                         4.66
                      93.9                         4.72
                      98.8                         4.80
                     103.6                         4.87
                     108.5                         4.95
                     113.4                         5.03
                     118.3                         5.11
                     123.1                         5.20
                     128.0                         5.28
                     132.9                         5.37
                     137.8                         5.46
                     142.6                         5.55
                     147.5                         5.64
                     152.4                         5.73
                     157.3                         5.82
                     162.1                         5.91
                     167.0                         6.00
                     171.9                         6.09
                     176.8                         6.19
                     181.6                         6.28
                     186.5                         6.37
                     191.4                         6.46
                     196.3                         6.55
                     201.1                         6.65
                     206.0                         6.74
                     210.9                         6.83
                     215.8                         6.92
                     220.6                         7.01
                     225.5                         7.11
                     230.4                         7.20
                     235.3                         7.29
                     240.1                         7.38
                     245.0                         7.47
                     249.9                         7.56
                     254.8                         7.65
                     259.6                         7.75
                     264.5                         7.84
                     269.4                         7.93
                     274.3                         8.02
                     279.1                         8.11
                     284.0                         8.20
                     288.9                         8.29
                     293.8                         8.38
                     298.6                         8.47
                     303.5                         8.56
                     308.4                         8.65
                     313.3                         8.74
                     318.1                         8.83
                     323.0                         8.92
                     327.9                         9.01
                     332.8                         9.09
                     337.6                         9.18
                     342.5                         9.27
                     347.4                         9.36
                     352.3                         9.45
                     357.1                         9.54
                     362.0                         9.62
                     366.9                         9.71
                     371.8                         9.80
                     376.6                         9.89
                     381.5                         9.97
                     386.4                        10.06
                     391.3                        10.15
                     396.1                        10.24
                     401.0                        10.32
                     405.9                        10.41
                     410.8                        10.50
                     415.6                        10.58
                     420.5                        10.67
                     425.4                        10.76
                     430.3                        10.84
                     435.1                        10.93
                     440.0                        11.01
                     444.9                        11.10
                     449.8                        11.18
                     454.6                        11.27
                     459.5                        11.35
                     464.4                        11.44
                     469.3                        11.52
                     474.1                        11.61
                     479.0                        11.69
                     483.9                        11.78
                     488.8                        11.86
                     493.6                        11.95
                     498.5                        12.03
                     503.4                        12.12
                     508.3                        12.20
                     513.1                        12.28
                     518.0                        12.37
                     522.9                        12.45
                     527.8                        12.54
                     532.6                        12.62
                     537.5                        12.70
                     542.4                        12.79
                     547.3                        12.87
                     552.1                        12.95
                     557.0                        13.03
                     561.9                        13.12
                     566.8                        13.20
                     571.6                        13.28
                     576.5                        13.37
                     581.4                        13.45
                     586.3                        13.53
                     591.1                        13.61
                     596.0                        13.69
                     600.9                        13.78
                     605.8                        13.86
                     610.6                        13.94
                     615.5                        14.02
                     620.4                        14.10
                     625.3                        14.19
                     630.1                        14.27
                     635.0                        14.35
                     639.9                        14.43
                     644.8                        14.51
                     649.6                        14.59
                     654.5                        14.67
                     659.4                        14.75
                     664.3                        14.83
                     669.1                        14.92
                     674.0                        15.00
                     678.9                        15.08
                     683.8                        15.16
                     688.6                        15.24
                     693.5                        15.32
                     698.4                        15.40
                     703.3                        15.48
                     708.1                        15.56
                     713.0                        15.64
                     717.9                        15.72
                     722.8                        15.80
                     727.6                        15.88
                     732.5                        15.96
                     737.4                        16.04
                     742.3                        16.12
                     747.1                        16.20
                     752.0                        16.28
                     756.9                        16.35
                     761.8                        16.43
                     766.6                        16.51
                     771.5                        16.59
                     776.4                        16.67
                     781.3                        16.75
                     786.1                        16.83
                     791.0                        16.91
                     795.9                        16.99
                     800.8                        17.07
                     805.6                        17.14
                     810.5                        17.22
                     815.4                        17.30
                     820.3                        17.38
                     825.1                        17.46
                     830.0                        17.54
                     834.9                        17.61
                     839.8                        17.69
                     844.6                        17.77
                     849.5                        17.85
                     854.4                        17.93
                     859.3                        18.00
                     864.1                        18.08
                     869.0                        18.16
                     873.9                        18.24
                     878.8                        18.31
                     883.6                        18.39
                     888.5                        18.47
                     893.4                        18.55
                     898.3                        18.62
                     903.1                        18.70
                     908.0                        18.78
                     912.9                        18.86
                     917.8                        18.93
                     922.6                        19.01
                     927.5                        19.09
                     932.4                        19.16
                     937.3                        19.24
                     942.1                        19.32
                     947.0                        19.39
                     951.9                        19.47
                     956.8                        19.55
                     961.6                        19.62
                     966.5                        19.70
                     971.4                        19.78
                     976.3                        19.85
                     981.1                        19.93
                     986.0                        20.00
                     990.9                        20.08
                     995.8                        20.16
                    1000.6                        20.23
                    1005.5                        20.31
                    1010.4                        20.39
                    1015.3                        20.46
                    1020.1                        20.54
                    1025.0                        20.61
                    1029.9                        20.69
                    1034.8                        20.76
                    1039.6                        20.84
                    1044.5                        20.92
                    1049.4                        20.99
                    1054.3                        21.07
                    1059.1                        21.14
                    1064.0                        21.22
                    1068.9                        21.29
                    1073.8                        21.37
                    1078.6                        21.44
                    1083.5                        21.52
                    1088.4                        21.59
                    1093.3                        21.67
                    1098.1                        21.74
                    1103.0                        21.82
                    1107.9                        21.89
                    1112.8                        21.97
                    1117.6                        22.04
                    1122.5                        22.12
                    1127.4                        22.19
                    1132.3                        22.27
                    1137.1                        22.34
                    1142.0                        22.42
                    1146.9                        22.49
                    1151.8                        22.57
                    1156.6                        22.64
                    1161.5                        22.71
                    1166.4                        22.79
                    1171.3                        22.86
                    1176.1                        22.94
                    1181.0                        23.01
                    1185.9                        23.09
                    1190.8                        23.16
                    1195.6                        23.23
                    1200.5                        23.31
                    1205.4                        23.38
                    1210.3                        23.46
                    1215.1                        23.53
                    1220.0                        23.60
                    1224.9                        23.68
                    1229.8                        23.75
                    1234.6                        23.83
                    1239.5                        23.90
                    1244.4                        23.97
                    1249.3                        24.05
                    1254.1                        24.12
                    1259.0                        24.19
                    1263.9                        24.27
                    1268.8                        24.34
                    1273.6                        24.41
                    1278.5                        24.49
                    1283.4                        24.56
                    1288.3                        24.63
                    1293.1                        24.71
                    1298.0                        24.78
                    1302.9                        24.85
                    1307.8                        24.93
                    1312.6                        25.00
                    1317.5                        25.07
                    1322.4                        25.15
                    1327.3                        25.22
                    1332.1                        25.29
                    1337.0                        25.36
                    1341.9                        25.44
                    1346.8                        25.51
                    1351.6                        25.58
                    1356.5                        25.66
                    1361.4                        25.73
                    1366.3                        25.80
                    1371.1                        25.87
                    1376.0                        25.95
                    1380.9                        26.02
                    1385.8                        26.09
                    1390.6                        26.16
                    1395.5                        26.24
                    1400.4                        26.31
                    1405.3                        26.38
                    1410.1                        26.45
                    1415.0                        26.53
                    1419.9                        26.60
                    1424.8                        26.67
                    1429.6                        26.74
                    1434.5                        26.81
                    1439.4                        26.89
                    1444.3                        26.96
                    1449.1                        27.03
                    1454.0                        27.10
                    1458.9                        27.17
                    1463.8                        27.25
                    1468.6                        27.32
                    1473.5                        27.39
                    1478.4                        27.46
                    1483.3                        27.53
                    1488.1                        27.61
                    1493.0                        27.68
                    1497.9                        27.75
                    1502.8                        27.82
                    1507.6                        27.89
                    1512.5                        27.96
                    1517.4                        28.04
                    1522.3                        28.11
                    1527.1                        28.18
                    1532.0                        28.25
                    1536.9                        28.32
                    1541.8                        28.39
                    1546.6                        28.46
                    1551.5                        28.54
                    1556.4                        28.61
                    1561.3                        28.68
                    1566.1                        28.75
                    1571.0                        28.82
                    1575.9                        28.89
                    1580.8                        28.96
                    1585.6                        29.03
                    1590.5                        29.10
                    1595.4                        29.18
                    1600.3                        29.25
                    1605.1                        29.32
                    1610.0                        29.39
                    1614.9                        29.46
                    1619.8                        29.53
                    1624.6                        29.60
                    1629.5                        29.67
                    1634.4                        29.74
                    1639.3                        29.81
                    1644.1                        29.88
                    1649.0                        29.96
                    1653.9                        30.03
                    1658.8                        30.10
                    1663.6                        30.17
                    1668.5                        30.24
                    1673.4                        30.31
                    1678.3                        30.38
                    1683.1                        30.45
                    1688.0                        30.52
                    1692.9                        30.59
                    1697.8                        30.66
                    1702.6                        30.73
                    1707.5                        30.80
                    1712.4                        30.87
                    1717.3                        30.94
                    1722.1                        31.01
                    1727.0                        31.08
                    1731.9                        31.15
                    1736.8                        31.22
                    1741.6                        31.29
                    1746.5                        31.36
                    1751.4                        31.43
                    1756.3                        31.50
                    1761.1                        31.57
                    1766.0                        31.64
                    1770.9                        31.71
                    1775.8                        31.78
                    1780.6                        31.85
                    1785.5                        31.92
                    1790.4                        31.99
                    1795.3                        32.06
                    1800.1                        32.13
                    1805.0                        32.20
                    1809.9                        32.27
                    1814.8                        32.34
                    1819.6                        32.41
                    1824.5                        32.48
                    1829.4                        32.55
                    1834.3                        32.62
                    1839.1                        32.69
                    1844.0                        32.76
                    1848.9                        32.83
                    1853.8                        32.90
                    1858.6                        32.97
                    1863.5                        33.04
                    1868.4                        33.11
                    1873.3                        33.18
                    1878.1                        33.25
                    1883.0                        33.32
                    1887.9                        33.39
                    1892.8                        33.45
                    1897.6                        33.52
                    1902.5                        33.59
                    1907.4                        33.66
                    1912.3                        33.73
                    1917.1                        33.80
                    1922.0                        33.87
                    1926.9                        33.94
                    1931.8                        34.01
                    1936.6                        34.08
                    1941.5                        34.15
                    1946.4                        34.22
                    1951.3                        34.28
                    1956.1                        34.35
                    1961.0                        34.42
                    1965.9                        34.49
                    1970.8                        34.56
                    1975.6                        34.63
                    1980.5                        34.70
                    1985.4                        34.77
                    1990.3                        34.84
                    1995.1                        34.90
                    2000.0                        34.97
