
ELEMENT:
                                      Ti

SOURCE:
                           Tanuma, Powell and Penn
                               Unpublished data
       IMFP values determined from optical data and a theoretical model
                                       

ATOMIC WEIGHT:                47.86700

DENSITY:                       4.5060 g/cm**3

TABULATION:

______________________________________________________________________________

                    Energy                         IMFP
                      eV                        Angstroms
______________________________________________________________________________
                      50.0                         4.48
                      54.9                         4.47
                      59.8                         4.49
                      64.6                         4.53
                      69.5                         4.59
                      74.4                         4.66
                      79.3                         4.74
                      84.1                         4.82
                      89.0                         4.91
                      93.9                         5.01
                      98.8                         5.11
                     103.6                         5.21
                     108.5                         5.31
                     113.4                         5.41
                     118.3                         5.52
                     123.1                         5.63
                     128.0                         5.73
                     132.9                         5.84
                     137.8                         5.95
                     142.6                         6.06
                     147.5                         6.17
                     152.4                         6.28
                     157.3                         6.39
                     162.1                         6.50
                     167.0                         6.60
                     171.9                         6.71
                     176.8                         6.82
                     181.6                         6.93
                     186.5                         7.04
                     191.4                         7.15
                     196.3                         7.26
                     201.1                         7.37
                     206.0                         7.48
                     210.9                         7.59
                     215.8                         7.70
                     220.6                         7.80
                     225.5                         7.91
                     230.4                         8.02
                     235.3                         8.13
                     240.1                         8.23
                     245.0                         8.34
                     249.9                         8.45
                     254.8                         8.56
                     259.6                         8.66
                     264.5                         8.77
                     269.4                         8.87
                     274.3                         8.98
                     279.1                         9.09
                     284.0                         9.19
                     288.9                         9.30
                     293.8                         9.40
                     298.6                         9.51
                     303.5                         9.61
                     308.4                         9.72
                     313.3                         9.82
                     318.1                         9.92
                     323.0                        10.03
                     327.9                        10.13
                     332.8                        10.24
                     337.6                        10.34
                     342.5                        10.44
                     347.4                        10.54
                     352.3                        10.65
                     357.1                        10.75
                     362.0                        10.85
                     366.9                        10.95
                     371.8                        11.06
                     376.6                        11.16
                     381.5                        11.26
                     386.4                        11.36
                     391.3                        11.46
                     396.1                        11.56
                     401.0                        11.66
                     405.9                        11.76
                     410.8                        11.87
                     415.6                        11.97
                     420.5                        12.07
                     425.4                        12.17
                     430.3                        12.27
                     435.1                        12.37
                     440.0                        12.47
                     444.9                        12.56
                     449.8                        12.66
                     454.6                        12.76
                     459.5                        12.86
                     464.4                        12.96
                     469.3                        13.06
                     474.1                        13.16
                     479.0                        13.26
                     483.9                        13.35
                     488.8                        13.45
                     493.6                        13.55
                     498.5                        13.65
                     503.4                        13.75
                     508.3                        13.84
                     513.1                        13.94
                     518.0                        14.04
                     522.9                        14.14
                     527.8                        14.23
                     532.6                        14.33
                     537.5                        14.43
                     542.4                        14.52
                     547.3                        14.62
                     552.1                        14.72
                     557.0                        14.81
                     561.9                        14.91
                     566.8                        15.00
                     571.6                        15.10
                     576.5                        15.20
                     581.4                        15.29
                     586.3                        15.39
                     591.1                        15.48
                     596.0                        15.58
                     600.9                        15.67
                     605.8                        15.77
                     610.6                        15.86
                     615.5                        15.96
                     620.4                        16.05
                     625.3                        16.15
                     630.1                        16.24
                     635.0                        16.33
                     639.9                        16.43
                     644.8                        16.52
                     649.6                        16.62
                     654.5                        16.71
                     659.4                        16.81
                     664.3                        16.90
                     669.1                        16.99
                     674.0                        17.09
                     678.9                        17.18
                     683.8                        17.27
                     688.6                        17.37
                     693.5                        17.46
                     698.4                        17.55
                     703.3                        17.65
                     708.1                        17.74
                     713.0                        17.83
                     717.9                        17.92
                     722.8                        18.02
                     727.6                        18.11
                     732.5                        18.20
                     737.4                        18.29
                     742.3                        18.39
                     747.1                        18.48
                     752.0                        18.57
                     756.9                        18.66
                     761.8                        18.75
                     766.6                        18.85
                     771.5                        18.94
                     776.4                        19.03
                     781.3                        19.12
                     786.1                        19.21
                     791.0                        19.30
                     795.9                        19.39
                     800.8                        19.49
                     805.6                        19.58
                     810.5                        19.67
                     815.4                        19.76
                     820.3                        19.85
                     825.1                        19.94
                     830.0                        20.03
                     834.9                        20.12
                     839.8                        20.21
                     844.6                        20.30
                     849.5                        20.39
                     854.4                        20.48
                     859.3                        20.57
                     864.1                        20.66
                     869.0                        20.75
                     873.9                        20.84
                     878.8                        20.93
                     883.6                        21.02
                     888.5                        21.11
                     893.4                        21.20
                     898.3                        21.29
                     903.1                        21.38
                     908.0                        21.47
                     912.9                        21.56
                     917.8                        21.65
                     922.6                        21.74
                     927.5                        21.83
                     932.4                        21.92
                     937.3                        22.01
                     942.1                        22.10
                     947.0                        22.18
                     951.9                        22.27
                     956.8                        22.36
                     961.6                        22.45
                     966.5                        22.54
                     971.4                        22.63
                     976.3                        22.72
                     981.1                        22.81
                     986.0                        22.89
                     990.9                        22.98
                     995.8                        23.07
                    1000.6                        23.16
                    1005.5                        23.25
                    1010.4                        23.33
                    1015.3                        23.42
                    1020.1                        23.51
                    1025.0                        23.60
                    1029.9                        23.69
                    1034.8                        23.77
                    1039.6                        23.86
                    1044.5                        23.95
                    1049.4                        24.04
                    1054.3                        24.12
                    1059.1                        24.21
                    1064.0                        24.30
                    1068.9                        24.39
                    1073.8                        24.47
                    1078.6                        24.56
                    1083.5                        24.65
                    1088.4                        24.74
                    1093.3                        24.82
                    1098.1                        24.91
                    1103.0                        25.00
                    1107.9                        25.08
                    1112.8                        25.17
                    1117.6                        25.26
                    1122.5                        25.34
                    1127.4                        25.43
                    1132.3                        25.52
                    1137.1                        25.60
                    1142.0                        25.69
                    1146.9                        25.78
                    1151.8                        25.86
                    1156.6                        25.95
                    1161.5                        26.04
                    1166.4                        26.12
                    1171.3                        26.21
                    1176.1                        26.30
                    1181.0                        26.38
                    1185.9                        26.47
                    1190.8                        26.55
                    1195.6                        26.64
                    1200.5                        26.73
                    1205.4                        26.81
                    1210.3                        26.90
                    1215.1                        26.98
                    1220.0                        27.07
                    1224.9                        27.15
                    1229.8                        27.24
                    1234.6                        27.32
                    1239.5                        27.41
                    1244.4                        27.50
                    1249.3                        27.58
                    1254.1                        27.67
                    1259.0                        27.75
                    1263.9                        27.84
                    1268.8                        27.92
                    1273.6                        28.01
                    1278.5                        28.09
                    1283.4                        28.18
                    1288.3                        28.26
                    1293.1                        28.35
                    1298.0                        28.43
                    1302.9                        28.52
                    1307.8                        28.60
                    1312.6                        28.69
                    1317.5                        28.77
                    1322.4                        28.86
                    1327.3                        28.94
                    1332.1                        29.03
                    1337.0                        29.11
                    1341.9                        29.19
                    1346.8                        29.28
                    1351.6                        29.36
                    1356.5                        29.45
                    1361.4                        29.53
                    1366.3                        29.62
                    1371.1                        29.70
                    1376.0                        29.79
                    1380.9                        29.87
                    1385.8                        29.95
                    1390.6                        30.04
                    1395.5                        30.12
                    1400.4                        30.21
                    1405.3                        30.29
                    1410.1                        30.37
                    1415.0                        30.46
                    1419.9                        30.54
                    1424.8                        30.63
                    1429.6                        30.71
                    1434.5                        30.79
                    1439.4                        30.88
                    1444.3                        30.96
                    1449.1                        31.04
                    1454.0                        31.13
                    1458.9                        31.21
                    1463.8                        31.29
                    1468.6                        31.38
                    1473.5                        31.46
                    1478.4                        31.54
                    1483.3                        31.63
                    1488.1                        31.71
                    1493.0                        31.79
                    1497.9                        31.88
                    1502.8                        31.96
                    1507.6                        32.04
                    1512.5                        32.13
                    1517.4                        32.21
                    1522.3                        32.29
                    1527.1                        32.38
                    1532.0                        32.46
                    1536.9                        32.54
                    1541.8                        32.62
                    1546.6                        32.71
                    1551.5                        32.79
                    1556.4                        32.87
                    1561.3                        32.96
                    1566.1                        33.04
                    1571.0                        33.12
                    1575.9                        33.20
                    1580.8                        33.29
                    1585.6                        33.37
                    1590.5                        33.45
                    1595.4                        33.53
                    1600.3                        33.62
                    1605.1                        33.70
                    1610.0                        33.78
                    1614.9                        33.86
                    1619.8                        33.94
                    1624.6                        34.03
                    1629.5                        34.11
                    1634.4                        34.19
                    1639.3                        34.27
                    1644.1                        34.36
                    1649.0                        34.44
                    1653.9                        34.52
                    1658.8                        34.60
                    1663.6                        34.68
                    1668.5                        34.77
                    1673.4                        34.85
                    1678.3                        34.93
                    1683.1                        35.01
                    1688.0                        35.09
                    1692.9                        35.17
                    1697.8                        35.26
                    1702.6                        35.34
                    1707.5                        35.42
                    1712.4                        35.50
                    1717.3                        35.58
                    1722.1                        35.66
                    1727.0                        35.75
                    1731.9                        35.83
                    1736.8                        35.91
                    1741.6                        35.99
                    1746.5                        36.07
                    1751.4                        36.15
                    1756.3                        36.23
                    1761.1                        36.32
                    1766.0                        36.40
                    1770.9                        36.48
                    1775.8                        36.56
                    1780.6                        36.64
                    1785.5                        36.72
                    1790.4                        36.80
                    1795.3                        36.88
                    1800.1                        36.97
                    1805.0                        37.05
                    1809.9                        37.13
                    1814.8                        37.21
                    1819.6                        37.29
                    1824.5                        37.37
                    1829.4                        37.45
                    1834.3                        37.53
                    1839.1                        37.61
                    1844.0                        37.69
                    1848.9                        37.77
                    1853.8                        37.85
                    1858.6                        37.94
                    1863.5                        38.02
                    1868.4                        38.10
                    1873.3                        38.18
                    1878.1                        38.26
                    1883.0                        38.34
                    1887.9                        38.42
                    1892.8                        38.50
                    1897.6                        38.58
                    1902.5                        38.66
                    1907.4                        38.74
                    1912.3                        38.82
                    1917.1                        38.90
                    1922.0                        38.98
                    1926.9                        39.06
                    1931.8                        39.14
                    1936.6                        39.22
                    1941.5                        39.30
                    1946.4                        39.38
                    1951.3                        39.46
                    1956.1                        39.54
                    1961.0                        39.62
                    1965.9                        39.70
                    1970.8                        39.78
                    1975.6                        39.86
                    1980.5                        39.94
                    1985.4                        40.02
                    1990.3                        40.10
                    1995.1                        40.18
                    2000.0                        40.26
