
ELEMENT:
                                      Mn

SOURCE:
                           Tanuma, Powell and Penn
                    Surface Interface Anal. 21 (1994) 165.
                 IMFP values determined from TPP-2M equation
                                       

ATOMIC WEIGHT:                54.93805

DENSITY:                       7.3000 g/cm**3

TABULATION:

______________________________________________________________________________

                    Energy                         IMFP
                      eV                        Angstroms
______________________________________________________________________________
                      50.0                         4.61
                      54.9                         4.60
                      59.8                         4.58
                      64.6                         4.56
                      69.5                         4.55
                      74.4                         4.55
                      79.3                         4.56
                      84.1                         4.58
                      89.0                         4.60
                      93.9                         4.63
                      98.8                         4.67
                     103.6                         4.71
                     108.5                         4.76
                     113.4                         4.81
                     118.3                         4.87
                     123.1                         4.92
                     128.0                         4.98
                     132.9                         5.04
                     137.8                         5.10
                     142.6                         5.17
                     147.5                         5.23
                     152.4                         5.30
                     157.3                         5.37
                     162.1                         5.44
                     167.0                         5.50
                     171.9                         5.57
                     176.8                         5.64
                     181.6                         5.71
                     186.5                         5.78
                     191.4                         5.85
                     196.3                         5.93
                     201.1                         6.00
                     206.0                         6.07
                     210.9                         6.14
                     215.8                         6.21
                     220.6                         6.28
                     225.5                         6.36
                     230.4                         6.43
                     235.3                         6.50
                     240.1                         6.57
                     245.0                         6.65
                     249.9                         6.72
                     254.8                         6.79
                     259.6                         6.86
                     264.5                         6.94
                     269.4                         7.01
                     274.3                         7.08
                     279.1                         7.15
                     284.0                         7.22
                     288.9                         7.30
                     293.8                         7.37
                     298.6                         7.44
                     303.5                         7.51
                     308.4                         7.59
                     313.3                         7.66
                     318.1                         7.73
                     323.0                         7.80
                     327.9                         7.87
                     332.8                         7.94
                     337.6                         8.02
                     342.5                         8.09
                     347.4                         8.16
                     352.3                         8.23
                     357.1                         8.30
                     362.0                         8.37
                     366.9                         8.44
                     371.8                         8.51
                     376.6                         8.58
                     381.5                         8.65
                     386.4                         8.73
                     391.3                         8.80
                     396.1                         8.87
                     401.0                         8.94
                     405.9                         9.01
                     410.8                         9.08
                     415.6                         9.15
                     420.5                         9.22
                     425.4                         9.29
                     430.3                         9.36
                     435.1                         9.43
                     440.0                         9.50
                     444.9                         9.57
                     449.8                         9.63
                     454.6                         9.70
                     459.5                         9.77
                     464.4                         9.84
                     469.3                         9.91
                     474.1                         9.98
                     479.0                        10.05
                     483.9                        10.12
                     488.8                        10.19
                     493.6                        10.26
                     498.5                        10.32
                     503.4                        10.39
                     508.3                        10.46
                     513.1                        10.53
                     518.0                        10.60
                     522.9                        10.66
                     527.8                        10.73
                     532.6                        10.80
                     537.5                        10.87
                     542.4                        10.94
                     547.3                        11.00
                     552.1                        11.07
                     557.0                        11.14
                     561.9                        11.21
                     566.8                        11.27
                     571.6                        11.34
                     576.5                        11.41
                     581.4                        11.48
                     586.3                        11.54
                     591.1                        11.61
                     596.0                        11.68
                     600.9                        11.74
                     605.8                        11.81
                     610.6                        11.88
                     615.5                        11.94
                     620.4                        12.01
                     625.3                        12.08
                     630.1                        12.14
                     635.0                        12.21
                     639.9                        12.27
                     644.8                        12.34
                     649.6                        12.41
                     654.5                        12.47
                     659.4                        12.54
                     664.3                        12.60
                     669.1                        12.67
                     674.0                        12.74
                     678.9                        12.80
                     683.8                        12.87
                     688.6                        12.93
                     693.5                        13.00
                     698.4                        13.06
                     703.3                        13.13
                     708.1                        13.19
                     713.0                        13.26
                     717.9                        13.32
                     722.8                        13.39
                     727.6                        13.45
                     732.5                        13.52
                     737.4                        13.58
                     742.3                        13.65
                     747.1                        13.71
                     752.0                        13.78
                     756.9                        13.84
                     761.8                        13.91
                     766.6                        13.97
                     771.5                        14.04
                     776.4                        14.10
                     781.3                        14.17
                     786.1                        14.23
                     791.0                        14.29
                     795.9                        14.36
                     800.8                        14.42
                     805.6                        14.49
                     810.5                        14.55
                     815.4                        14.61
                     820.3                        14.68
                     825.1                        14.74
                     830.0                        14.81
                     834.9                        14.87
                     839.8                        14.93
                     844.6                        15.00
                     849.5                        15.06
                     854.4                        15.12
                     859.3                        15.19
                     864.1                        15.25
                     869.0                        15.31
                     873.9                        15.38
                     878.8                        15.44
                     883.6                        15.50
                     888.5                        15.57
                     893.4                        15.63
                     898.3                        15.69
                     903.1                        15.76
                     908.0                        15.82
                     912.9                        15.88
                     917.8                        15.94
                     922.6                        16.01
                     927.5                        16.07
                     932.4                        16.13
                     937.3                        16.19
                     942.1                        16.26
                     947.0                        16.32
                     951.9                        16.38
                     956.8                        16.44
                     961.6                        16.51
                     966.5                        16.57
                     971.4                        16.63
                     976.3                        16.69
                     981.1                        16.76
                     986.0                        16.82
                     990.9                        16.88
                     995.8                        16.94
                    1000.6                        17.00
                    1005.5                        17.07
                    1010.4                        17.13
                    1015.3                        17.19
                    1020.1                        17.25
                    1025.0                        17.31
                    1029.9                        17.37
                    1034.8                        17.44
                    1039.6                        17.50
                    1044.5                        17.56
                    1049.4                        17.62
                    1054.3                        17.68
                    1059.1                        17.74
                    1064.0                        17.81
                    1068.9                        17.87
                    1073.8                        17.93
                    1078.6                        17.99
                    1083.5                        18.05
                    1088.4                        18.11
                    1093.3                        18.17
                    1098.1                        18.23
                    1103.0                        18.30
                    1107.9                        18.36
                    1112.8                        18.42
                    1117.6                        18.48
                    1122.5                        18.54
                    1127.4                        18.60
                    1132.3                        18.66
                    1137.1                        18.72
                    1142.0                        18.78
                    1146.9                        18.84
                    1151.8                        18.90
                    1156.6                        18.97
                    1161.5                        19.03
                    1166.4                        19.09
                    1171.3                        19.15
                    1176.1                        19.21
                    1181.0                        19.27
                    1185.9                        19.33
                    1190.8                        19.39
                    1195.6                        19.45
                    1200.5                        19.51
                    1205.4                        19.57
                    1210.3                        19.63
                    1215.1                        19.69
                    1220.0                        19.75
                    1224.9                        19.81
                    1229.8                        19.87
                    1234.6                        19.93
                    1239.5                        19.99
                    1244.4                        20.05
                    1249.3                        20.11
                    1254.1                        20.17
                    1259.0                        20.23
                    1263.9                        20.29
                    1268.8                        20.35
                    1273.6                        20.41
                    1278.5                        20.47
                    1283.4                        20.53
                    1288.3                        20.59
                    1293.1                        20.65
                    1298.0                        20.71
                    1302.9                        20.77
                    1307.8                        20.83
                    1312.6                        20.89
                    1317.5                        20.95
                    1322.4                        21.01
                    1327.3                        21.06
                    1332.1                        21.12
                    1337.0                        21.18
                    1341.9                        21.24
                    1346.8                        21.30
                    1351.6                        21.36
                    1356.5                        21.42
                    1361.4                        21.48
                    1366.3                        21.54
                    1371.1                        21.60
                    1376.0                        21.66
                    1380.9                        21.72
                    1385.8                        21.78
                    1390.6                        21.83
                    1395.5                        21.89
                    1400.4                        21.95
                    1405.3                        22.01
                    1410.1                        22.07
                    1415.0                        22.13
                    1419.9                        22.19
                    1424.8                        22.25
                    1429.6                        22.31
                    1434.5                        22.36
                    1439.4                        22.42
                    1444.3                        22.48
                    1449.1                        22.54
                    1454.0                        22.60
                    1458.9                        22.66
                    1463.8                        22.72
                    1468.6                        22.77
                    1473.5                        22.83
                    1478.4                        22.89
                    1483.3                        22.95
                    1488.1                        23.01
                    1493.0                        23.07
                    1497.9                        23.12
                    1502.8                        23.18
                    1507.6                        23.24
                    1512.5                        23.30
                    1517.4                        23.36
                    1522.3                        23.42
                    1527.1                        23.47
                    1532.0                        23.53
                    1536.9                        23.59
                    1541.8                        23.65
                    1546.6                        23.71
                    1551.5                        23.76
                    1556.4                        23.82
                    1561.3                        23.88
                    1566.1                        23.94
                    1571.0                        24.00
                    1575.9                        24.05
                    1580.8                        24.11
                    1585.6                        24.17
                    1590.5                        24.23
                    1595.4                        24.29
                    1600.3                        24.34
                    1605.1                        24.40
                    1610.0                        24.46
                    1614.9                        24.52
                    1619.8                        24.57
                    1624.6                        24.63
                    1629.5                        24.69
                    1634.4                        24.75
                    1639.3                        24.80
                    1644.1                        24.86
                    1649.0                        24.92
                    1653.9                        24.98
                    1658.8                        25.03
                    1663.6                        25.09
                    1668.5                        25.15
                    1673.4                        25.21
                    1678.3                        25.26
                    1683.1                        25.32
                    1688.0                        25.38
                    1692.9                        25.44
                    1697.8                        25.49
                    1702.6                        25.55
                    1707.5                        25.61
                    1712.4                        25.67
                    1717.3                        25.72
                    1722.1                        25.78
                    1727.0                        25.84
                    1731.9                        25.89
                    1736.8                        25.95
                    1741.6                        26.01
                    1746.5                        26.07
                    1751.4                        26.12
                    1756.3                        26.18
                    1761.1                        26.24
                    1766.0                        26.29
                    1770.9                        26.35
                    1775.8                        26.41
                    1780.6                        26.46
                    1785.5                        26.52
                    1790.4                        26.58
                    1795.3                        26.63
                    1800.1                        26.69
                    1805.0                        26.75
                    1809.9                        26.80
                    1814.8                        26.86
                    1819.6                        26.92
                    1824.5                        26.97
                    1829.4                        27.03
                    1834.3                        27.09
                    1839.1                        27.14
                    1844.0                        27.20
                    1848.9                        27.26
                    1853.8                        27.31
                    1858.6                        27.37
                    1863.5                        27.43
                    1868.4                        27.48
                    1873.3                        27.54
                    1878.1                        27.60
                    1883.0                        27.65
                    1887.9                        27.71
                    1892.8                        27.77
                    1897.6                        27.82
                    1902.5                        27.88
                    1907.4                        27.93
                    1912.3                        27.99
                    1917.1                        28.05
                    1922.0                        28.10
                    1926.9                        28.16
                    1931.8                        28.22
                    1936.6                        28.27
                    1941.5                        28.33
                    1946.4                        28.38
                    1951.3                        28.44
                    1956.1                        28.50
                    1961.0                        28.55
                    1965.9                        28.61
                    1970.8                        28.66
                    1975.6                        28.72
                    1980.5                        28.78
                    1985.4                        28.83
                    1990.3                        28.89
                    1995.1                        28.94
                    2000.0                        29.00
