
ELEMENT:
                                      Fe

SOURCE:
                          Kwei, Chen, Tung and Wang
        Surface Sci. 293 (1993) 202; Y. F. Chen, Private communication
       IMFP values determined from optical data and a theoretical model
                                       

ATOMIC WEIGHT:                55.84500

DENSITY:                       7.8700 g/cm**3

TABULATION:

______________________________________________________________________________

                    Energy                         IMFP
                      eV                        Angstroms
______________________________________________________________________________
                     100.0                         5.10
                     104.8                         5.12
                     109.5                         5.14
                     114.3                         5.17
                     119.0                         5.20
                     123.8                         5.24
                     128.5                         5.28
                     133.3                         5.32
                     138.0                         5.36
                     142.8                         5.40
                     147.5                         5.45
                     152.3                         5.49
                     157.0                         5.54
                     161.8                         5.59
                     166.5                         5.64
                     171.3                         5.69
                     176.0                         5.74
                     180.8                         5.80
                     185.5                         5.85
                     190.3                         5.90
                     195.0                         5.96
                     199.8                         6.01
                     204.5                         6.07
                     209.3                         6.13
                     214.0                         6.19
                     218.8                         6.24
                     223.5                         6.30
                     228.3                         6.36
                     233.0                         6.42
                     237.8                         6.48
                     242.5                         6.54
                     247.3                         6.60
                     252.0                         6.66
                     256.8                         6.72
                     261.5                         6.78
                     266.3                         6.84
                     271.0                         6.90
                     275.8                         6.96
                     280.5                         7.02
                     285.3                         7.08
                     290.0                         7.15
                     294.8                         7.21
                     299.5                         7.27
                     304.3                         7.33
                     309.0                         7.39
                     313.8                         7.46
                     318.5                         7.52
                     323.3                         7.58
                     328.0                         7.64
                     332.8                         7.71
                     337.5                         7.77
                     342.3                         7.83
                     347.0                         7.89
                     351.8                         7.96
                     356.5                         8.02
                     361.3                         8.08
                     366.0                         8.15
                     370.8                         8.21
                     375.5                         8.27
                     380.3                         8.33
                     385.0                         8.40
                     389.8                         8.46
                     394.5                         8.52
                     399.3                         8.59
                     404.0                         8.65
                     408.8                         8.71
                     413.5                         8.78
                     418.3                         8.84
                     423.0                         8.90
                     427.8                         8.97
                     432.5                         9.03
                     437.3                         9.09
                     442.0                         9.15
                     446.8                         9.22
                     451.5                         9.28
                     456.3                         9.34
                     461.0                         9.41
                     465.8                         9.47
                     470.5                         9.53
                     475.3                         9.59
                     480.0                         9.66
                     484.8                         9.72
                     489.5                         9.78
                     494.3                         9.85
                     499.0                         9.91
                     503.8                         9.97
                     508.5                        10.03
                     513.3                        10.10
                     518.0                        10.16
                     522.8                        10.22
                     527.5                        10.28
                     532.3                        10.35
                     537.0                        10.41
                     541.8                        10.47
                     546.5                        10.53
                     551.3                        10.60
                     556.0                        10.66
                     560.8                        10.72
                     565.5                        10.78
                     570.3                        10.85
                     575.0                        10.91
                     579.8                        10.97
                     584.5                        11.03
                     589.3                        11.10
                     594.0                        11.16
                     598.8                        11.22
                     603.5                        11.28
                     608.3                        11.34
                     613.0                        11.41
                     617.8                        11.47
                     622.5                        11.53
                     627.3                        11.59
                     632.0                        11.65
                     636.8                        11.72
                     641.5                        11.78
                     646.3                        11.84
                     651.0                        11.90
                     655.8                        11.96
                     660.5                        12.02
                     665.3                        12.08
                     670.0                        12.15
                     674.8                        12.21
                     679.5                        12.27
                     684.3                        12.33
                     689.0                        12.39
                     693.8                        12.45
                     698.5                        12.51
                     703.3                        12.58
                     708.0                        12.64
                     712.8                        12.70
                     717.5                        12.76
                     722.3                        12.82
                     727.0                        12.88
                     731.8                        12.94
                     736.5                        13.00
                     741.3                        13.06
                     746.0                        13.12
                     750.8                        13.19
                     755.5                        13.25
                     760.3                        13.31
                     765.0                        13.37
                     769.8                        13.43
                     774.5                        13.49
                     779.3                        13.55
                     784.0                        13.61
                     788.8                        13.67
                     793.5                        13.73
                     798.3                        13.79
                     803.0                        13.85
                     807.8                        13.91
                     812.5                        13.97
                     817.3                        14.03
                     822.0                        14.09
                     826.8                        14.15
                     831.5                        14.21
                     836.3                        14.27
                     841.0                        14.33
                     845.8                        14.39
                     850.5                        14.45
                     855.3                        14.51
                     860.0                        14.57
                     864.8                        14.63
                     869.5                        14.69
                     874.3                        14.75
                     879.0                        14.81
                     883.8                        14.87
                     888.5                        14.93
                     893.3                        14.99
                     898.0                        15.05
                     902.8                        15.11
                     907.5                        15.17
                     912.3                        15.23
                     917.0                        15.29
                     921.8                        15.35
                     926.5                        15.41
                     931.3                        15.47
                     936.0                        15.53
                     940.8                        15.59
                     945.5                        15.65
                     950.3                        15.70
                     955.0                        15.76
                     959.8                        15.82
                     964.5                        15.88
                     969.3                        15.94
                     974.0                        16.00
                     978.8                        16.06
                     983.5                        16.12
                     988.3                        16.18
                     993.0                        16.24
                     997.8                        16.29
                    1002.5                        16.35
                    1007.3                        16.41
                    1012.0                        16.47
                    1016.8                        16.53
                    1021.5                        16.59
                    1026.3                        16.65
                    1031.0                        16.71
                    1035.8                        16.76
                    1040.5                        16.82
                    1045.3                        16.88
                    1050.0                        16.94
                    1054.8                        17.00
                    1059.5                        17.06
                    1064.3                        17.11
                    1069.0                        17.17
                    1073.8                        17.23
                    1078.5                        17.29
                    1083.3                        17.35
                    1088.0                        17.41
                    1092.8                        17.46
                    1097.5                        17.52
                    1102.3                        17.58
                    1107.0                        17.64
                    1111.8                        17.70
                    1116.5                        17.75
                    1121.3                        17.81
                    1126.0                        17.87
                    1130.8                        17.93
                    1135.5                        17.99
                    1140.3                        18.04
                    1145.0                        18.10
                    1149.8                        18.16
                    1154.5                        18.22
                    1159.3                        18.27
                    1164.0                        18.33
                    1168.8                        18.39
                    1173.5                        18.45
                    1178.3                        18.50
                    1183.0                        18.56
                    1187.8                        18.62
                    1192.5                        18.68
                    1197.3                        18.73
                    1202.0                        18.79
                    1206.8                        18.85
                    1211.5                        18.91
                    1216.3                        18.96
                    1221.0                        19.02
                    1225.8                        19.08
                    1230.5                        19.14
                    1235.3                        19.19
                    1240.0                        19.25
                    1244.8                        19.31
                    1249.5                        19.36
                    1254.3                        19.42
                    1259.0                        19.48
                    1263.8                        19.53
                    1268.5                        19.59
                    1273.3                        19.65
                    1278.0                        19.71
                    1282.8                        19.76
                    1287.5                        19.82
                    1292.3                        19.88
                    1297.0                        19.93
                    1301.8                        19.99
                    1306.5                        20.05
                    1311.3                        20.10
                    1316.0                        20.16
                    1320.8                        20.22
                    1325.5                        20.27
                    1330.3                        20.33
                    1335.0                        20.39
                    1339.8                        20.44
                    1344.5                        20.50
                    1349.3                        20.56
                    1354.0                        20.61
                    1358.8                        20.67
                    1363.5                        20.72
                    1368.3                        20.78
                    1373.0                        20.84
                    1377.8                        20.89
                    1382.5                        20.95
                    1387.3                        21.01
                    1392.0                        21.06
                    1396.8                        21.12
                    1401.5                        21.17
                    1406.3                        21.23
                    1411.0                        21.29
                    1415.8                        21.34
                    1420.5                        21.40
                    1425.3                        21.45
                    1430.0                        21.51
                    1434.8                        21.57
                    1439.5                        21.62
                    1444.3                        21.68
                    1449.0                        21.73
                    1453.8                        21.79
                    1458.5                        21.85
                    1463.3                        21.90
                    1468.0                        21.96
                    1472.8                        22.01
                    1477.5                        22.07
                    1482.3                        22.12
                    1487.0                        22.18
                    1491.8                        22.24
                    1496.5                        22.29
                    1501.3                        22.35
                    1506.0                        22.40
                    1510.8                        22.46
                    1515.5                        22.51
                    1520.3                        22.57
                    1525.0                        22.62
                    1529.8                        22.68
                    1534.5                        22.73
                    1539.3                        22.79
                    1544.0                        22.85
                    1548.8                        22.90
                    1553.5                        22.96
                    1558.3                        23.01
                    1563.0                        23.07
                    1567.8                        23.12
                    1572.5                        23.18
                    1577.3                        23.23
                    1582.0                        23.29
                    1586.8                        23.34
                    1591.5                        23.40
                    1596.3                        23.45
                    1601.0                        23.51
                    1605.8                        23.56
                    1610.5                        23.62
                    1615.3                        23.67
                    1620.0                        23.73
                    1624.8                        23.78
                    1629.5                        23.84
                    1634.3                        23.89
                    1639.0                        23.95
                    1643.8                        24.00
                    1648.5                        24.06
                    1653.3                        24.11
                    1658.0                        24.17
                    1662.8                        24.22
                    1667.5                        24.28
                    1672.3                        24.33
                    1677.0                        24.38
                    1681.8                        24.44
                    1686.5                        24.49
                    1691.3                        24.55
                    1696.0                        24.60
                    1700.8                        24.66
                    1705.5                        24.71
                    1710.3                        24.77
                    1715.0                        24.82
                    1719.8                        24.88
                    1724.5                        24.93
                    1729.3                        24.98
                    1734.0                        25.04
                    1738.8                        25.09
                    1743.5                        25.15
                    1748.3                        25.20
                    1753.0                        25.26
                    1757.8                        25.31
                    1762.5                        25.36
                    1767.3                        25.42
                    1772.0                        25.47
                    1776.8                        25.53
                    1781.5                        25.58
                    1786.3                        25.64
                    1791.0                        25.69
                    1795.8                        25.74
                    1800.5                        25.80
                    1805.3                        25.85
                    1810.0                        25.91
                    1814.8                        25.96
                    1819.5                        26.01
                    1824.3                        26.07
                    1829.0                        26.12
                    1833.8                        26.18
                    1838.5                        26.23
                    1843.3                        26.28
                    1848.0                        26.34
                    1852.8                        26.39
                    1857.5                        26.44
                    1862.3                        26.50
                    1867.0                        26.55
                    1871.8                        26.61
                    1876.5                        26.66
                    1881.3                        26.71
                    1886.0                        26.77
                    1890.8                        26.82
                    1895.5                        26.87
                    1900.3                        26.93
                    1905.0                        26.98
                    1909.8                        27.03
                    1914.5                        27.09
                    1919.3                        27.14
                    1924.0                        27.20
                    1928.8                        27.25
                    1933.5                        27.30
                    1938.3                        27.36
                    1943.0                        27.41
                    1947.8                        27.46
                    1952.5                        27.52
                    1957.3                        27.57
                    1962.0                        27.62
                    1966.8                        27.68
                    1971.5                        27.73
                    1976.3                        27.78
                    1981.0                        27.84
                    1985.8                        27.89
                    1990.5                        27.94
                    1995.3                        28.00
                    2000.0                        28.05
