
ELEMENT:
                                      Fe

SOURCE:
                      Elastic peak electron spectroscopy
                                       
           IMFPs determined from the intensity of the elastic peak
       Multiple elastic scattering simulated by the Monte Carlo method

COMMENT:
      Koch, Thesis, Eberhard-Karls-Universitat, Tubingen, Germany (1996)

ATOMIC WEIGHT:                55.84500

DENSITY:                       7.8700 g/cm**3

TABULATION:

______________________________________________________________________________

                    Energy                         IMFP
                      eV                        Angstroms
______________________________________________________________________________
                     600.0                         8.94
                     603.5                         8.98
                     607.0                         9.02
                     610.5                         9.06
                     614.0                         9.10
                     617.5                         9.14
                     621.0                         9.18
                     624.5                         9.22
                     628.0                         9.26
                     631.5                         9.30
                     635.0                         9.34
                     638.5                         9.39
                     642.0                         9.43
                     645.5                         9.47
                     649.0                         9.51
                     652.5                         9.55
                     656.0                         9.59
                     659.5                         9.63
                     663.0                         9.67
                     666.5                         9.71
                     670.0                         9.75
                     673.5                         9.79
                     677.0                         9.83
                     680.5                         9.87
                     684.0                         9.91
                     687.5                         9.95
                     691.0                         9.99
                     694.5                        10.03
                     698.0                        10.07
                     701.5                        10.11
                     705.0                        10.15
                     708.5                        10.19
                     712.0                        10.23
                     715.5                        10.27
                     719.0                        10.31
                     722.5                        10.35
                     726.0                        10.39
                     729.5                        10.43
                     733.0                        10.47
                     736.5                        10.51
                     740.0                        10.55
                     743.5                        10.59
                     747.0                        10.63
                     750.5                        10.67
                     754.0                        10.70
                     757.5                        10.74
                     761.0                        10.78
                     764.5                        10.82
                     768.0                        10.86
                     771.5                        10.90
                     775.0                        10.94
                     778.5                        10.98
                     782.0                        11.02
                     785.5                        11.06
                     789.0                        11.10
                     792.5                        11.14
                     796.0                        11.17
                     799.5                        11.21
                     803.0                        11.25
                     806.5                        11.29
                     810.0                        11.33
                     813.5                        11.37
                     817.0                        11.41
                     820.5                        11.45
                     824.0                        11.48
                     827.5                        11.52
                     831.0                        11.56
                     834.5                        11.60
                     838.0                        11.64
                     841.5                        11.68
                     845.0                        11.71
                     848.5                        11.75
                     852.0                        11.79
                     855.5                        11.83
                     859.0                        11.87
                     862.5                        11.91
                     866.0                        11.94
                     869.5                        11.98
                     873.0                        12.02
                     876.5                        12.06
                     880.0                        12.10
                     883.5                        12.13
                     887.0                        12.17
                     890.5                        12.21
                     894.0                        12.25
                     897.5                        12.29
                     901.0                        12.32
                     904.5                        12.36
                     908.0                        12.40
                     911.5                        12.44
                     915.0                        12.48
                     918.5                        12.51
                     922.0                        12.55
                     925.5                        12.59
                     929.0                        12.63
                     932.5                        12.66
                     936.0                        12.70
                     939.5                        12.74
                     943.0                        12.78
                     946.5                        12.81
                     950.0                        12.85
                     953.5                        12.89
                     957.0                        12.93
                     960.5                        12.96
                     964.0                        13.00
                     967.5                        13.04
                     971.0                        13.08
                     974.5                        13.11
                     978.0                        13.15
                     981.5                        13.19
                     985.0                        13.22
                     988.5                        13.26
                     992.0                        13.30
                     995.5                        13.34
                     999.0                        13.37
                    1002.5                        13.41
                    1006.0                        13.45
                    1009.5                        13.48
                    1013.0                        13.52
                    1016.5                        13.56
                    1020.0                        13.60
                    1023.5                        13.63
                    1027.0                        13.67
                    1030.5                        13.71
                    1034.0                        13.74
                    1037.5                        13.78
                    1041.0                        13.82
                    1044.5                        13.85
                    1048.0                        13.89
                    1051.5                        13.93
                    1055.0                        13.96
                    1058.5                        14.00
                    1062.0                        14.04
                    1065.5                        14.07
                    1069.0                        14.11
                    1072.5                        14.15
                    1076.0                        14.18
                    1079.5                        14.22
                    1083.0                        14.26
                    1086.5                        14.29
                    1090.0                        14.33
                    1093.5                        14.36
                    1097.0                        14.40
                    1100.5                        14.44
                    1104.0                        14.47
                    1107.5                        14.51
                    1111.0                        14.55
                    1114.5                        14.58
                    1118.0                        14.62
                    1121.5                        14.65
                    1125.0                        14.69
                    1128.5                        14.73
                    1132.0                        14.76
                    1135.5                        14.80
                    1139.0                        14.84
                    1142.5                        14.87
                    1146.0                        14.91
                    1149.5                        14.94
                    1153.0                        14.98
                    1156.5                        15.02
                    1160.0                        15.05
                    1163.5                        15.09
                    1167.0                        15.12
                    1170.5                        15.16
                    1174.0                        15.19
                    1177.5                        15.23
                    1181.0                        15.27
                    1184.5                        15.30
                    1188.0                        15.34
                    1191.5                        15.37
                    1195.0                        15.41
                    1198.5                        15.44
                    1202.0                        15.48
                    1205.5                        15.52
                    1209.0                        15.55
                    1212.5                        15.59
                    1216.0                        15.62
                    1219.5                        15.66
                    1223.0                        15.69
                    1226.5                        15.73
                    1230.0                        15.77
                    1233.5                        15.80
                    1237.0                        15.84
                    1240.5                        15.87
                    1244.0                        15.91
                    1247.5                        15.94
                    1251.0                        15.98
                    1254.5                        16.01
                    1258.0                        16.05
                    1261.5                        16.08
                    1265.0                        16.12
                    1268.5                        16.15
                    1272.0                        16.19
                    1275.5                        16.22
                    1279.0                        16.26
                    1282.5                        16.30
                    1286.0                        16.33
                    1289.5                        16.37
                    1293.0                        16.40
                    1296.5                        16.44
                    1300.0                        16.47
                    1303.5                        16.51
                    1307.0                        16.54
                    1310.5                        16.58
                    1314.0                        16.61
                    1317.5                        16.65
                    1321.0                        16.68
                    1324.5                        16.72
                    1328.0                        16.75
                    1331.5                        16.79
                    1335.0                        16.82
                    1338.5                        16.86
                    1342.0                        16.89
                    1345.5                        16.93
                    1349.0                        16.96
                    1352.5                        16.99
                    1356.0                        17.03
                    1359.5                        17.06
                    1363.0                        17.10
                    1366.5                        17.13
                    1370.0                        17.17
                    1373.5                        17.20
                    1377.0                        17.24
                    1380.5                        17.27
                    1384.0                        17.31
                    1387.5                        17.34
                    1391.0                        17.38
                    1394.5                        17.41
                    1398.0                        17.45
                    1401.5                        17.48
                    1405.0                        17.51
                    1408.5                        17.55
                    1412.0                        17.58
                    1415.5                        17.62
                    1419.0                        17.65
                    1422.5                        17.69
                    1426.0                        17.72
                    1429.5                        17.76
                    1433.0                        17.79
                    1436.5                        17.82
                    1440.0                        17.86
                    1443.5                        17.89
                    1447.0                        17.93
                    1450.5                        17.96
                    1454.0                        18.00
                    1457.5                        18.03
                    1461.0                        18.06
                    1464.5                        18.10
                    1468.0                        18.13
                    1471.5                        18.17
                    1475.0                        18.20
                    1478.5                        18.24
                    1482.0                        18.27
                    1485.5                        18.30
                    1489.0                        18.34
                    1492.5                        18.37
                    1496.0                        18.41
                    1499.5                        18.44
                    1503.0                        18.47
                    1506.5                        18.51
                    1510.0                        18.54
                    1513.5                        18.58
                    1517.0                        18.61
                    1520.5                        18.64
                    1524.0                        18.68
                    1527.5                        18.71
                    1531.0                        18.75
                    1534.5                        18.78
                    1538.0                        18.81
                    1541.5                        18.85
                    1545.0                        18.88
                    1548.5                        18.91
                    1552.0                        18.95
                    1555.5                        18.98
                    1559.0                        19.02
                    1562.5                        19.05
                    1566.0                        19.08
                    1569.5                        19.12
                    1573.0                        19.15
                    1576.5                        19.18
                    1580.0                        19.22
                    1583.5                        19.25
                    1587.0                        19.29
                    1590.5                        19.32
                    1594.0                        19.35
                    1597.5                        19.39
                    1601.0                        19.42
                    1604.5                        19.45
                    1608.0                        19.49
                    1611.5                        19.52
                    1615.0                        19.55
                    1618.5                        19.59
                    1622.0                        19.62
                    1625.5                        19.66
                    1629.0                        19.69
                    1632.5                        19.72
                    1636.0                        19.76
                    1639.5                        19.79
                    1643.0                        19.82
                    1646.5                        19.86
                    1650.0                        19.89
                    1653.5                        19.92
                    1657.0                        19.96
                    1660.5                        19.99
                    1664.0                        20.02
                    1667.5                        20.06
                    1671.0                        20.09
                    1674.5                        20.12
                    1678.0                        20.16
                    1681.5                        20.19
                    1685.0                        20.22
                    1688.5                        20.26
                    1692.0                        20.29
                    1695.5                        20.32
                    1699.0                        20.35
                    1702.5                        20.39
                    1706.0                        20.42
                    1709.5                        20.45
                    1713.0                        20.49
                    1716.5                        20.52
                    1720.0                        20.55
                    1723.5                        20.59
                    1727.0                        20.62
                    1730.5                        20.65
                    1734.0                        20.69
                    1737.5                        20.72
                    1741.0                        20.75
                    1744.5                        20.78
                    1748.0                        20.82
                    1751.5                        20.85
                    1755.0                        20.88
                    1758.5                        20.92
                    1762.0                        20.95
                    1765.5                        20.98
                    1769.0                        21.02
                    1772.5                        21.05
                    1776.0                        21.08
                    1779.5                        21.11
                    1783.0                        21.15
                    1786.5                        21.18
                    1790.0                        21.21
                    1793.5                        21.25
                    1797.0                        21.28
                    1800.5                        21.31
                    1804.0                        21.34
                    1807.5                        21.38
                    1811.0                        21.41
                    1814.5                        21.44
                    1818.0                        21.47
                    1821.5                        21.51
                    1825.0                        21.54
                    1828.5                        21.57
                    1832.0                        21.61
                    1835.5                        21.64
                    1839.0                        21.67
                    1842.5                        21.70
                    1846.0                        21.74
                    1849.5                        21.77
                    1853.0                        21.80
                    1856.5                        21.83
                    1860.0                        21.87
                    1863.5                        21.90
                    1867.0                        21.93
                    1870.5                        21.96
                    1874.0                        22.00
                    1877.5                        22.03
                    1881.0                        22.06
                    1884.5                        22.09
                    1888.0                        22.13
                    1891.5                        22.16
                    1895.0                        22.19
                    1898.5                        22.22
                    1902.0                        22.26
                    1905.5                        22.29
                    1909.0                        22.32
                    1912.5                        22.35
                    1916.0                        22.39
                    1919.5                        22.42
                    1923.0                        22.45
                    1926.5                        22.48
                    1930.0                        22.51
                    1933.5                        22.55
                    1937.0                        22.58
                    1940.5                        22.61
                    1944.0                        22.64
                    1947.5                        22.68
                    1951.0                        22.71
                    1954.5                        22.74
                    1958.0                        22.77
                    1961.5                        22.80
                    1965.0                        22.84
                    1968.5                        22.87
                    1972.0                        22.90
                    1975.5                        22.93
                    1979.0                        22.97
                    1982.5                        23.00
                    1986.0                        23.03
                    1989.5                        23.06
                    1993.0                        23.09
                    1996.5                        23.13
                    2000.0                        23.16
