
ELEMENT:
                                      Ni

SOURCE:
                           Tanuma, Powell and Penn
                    Surface Interface Anal. 17 (1991) 911.
       IMFP values determined from optical data and a theoretical model
                                       

ATOMIC WEIGHT:                58.69340

DENSITY:                       8.8600 g/cm**3

TABULATION:

______________________________________________________________________________

                    Energy                         IMFP
                      eV                        Angstroms
______________________________________________________________________________
                      50.0                         4.77
                      54.9                         4.78
                      59.8                         4.73
                      64.6                         4.68
                      69.5                         4.63
                      74.4                         4.59
                      79.3                         4.56
                      84.1                         4.54
                      89.0                         4.54
                      93.9                         4.54
                      98.8                         4.55
                     103.6                         4.57
                     108.5                         4.60
                     113.4                         4.63
                     118.3                         4.66
                     123.1                         4.70
                     128.0                         4.74
                     132.9                         4.78
                     137.8                         4.83
                     142.6                         4.87
                     147.5                         4.92
                     152.4                         4.97
                     157.3                         5.03
                     162.1                         5.08
                     167.0                         5.13
                     171.9                         5.19
                     176.8                         5.24
                     181.6                         5.30
                     186.5                         5.36
                     191.4                         5.42
                     196.3                         5.47
                     201.1                         5.53
                     206.0                         5.59
                     210.9                         5.65
                     215.8                         5.71
                     220.6                         5.77
                     225.5                         5.83
                     230.4                         5.89
                     235.3                         5.95
                     240.1                         6.01
                     245.0                         6.07
                     249.9                         6.13
                     254.8                         6.19
                     259.6                         6.25
                     264.5                         6.31
                     269.4                         6.37
                     274.3                         6.43
                     279.1                         6.50
                     284.0                         6.56
                     288.9                         6.62
                     293.8                         6.68
                     298.6                         6.74
                     303.5                         6.80
                     308.4                         6.86
                     313.3                         6.92
                     318.1                         6.98
                     323.0                         7.04
                     327.9                         7.10
                     332.8                         7.17
                     337.6                         7.23
                     342.5                         7.29
                     347.4                         7.35
                     352.3                         7.41
                     357.1                         7.47
                     362.0                         7.53
                     366.9                         7.59
                     371.8                         7.65
                     376.6                         7.71
                     381.5                         7.77
                     386.4                         7.83
                     391.3                         7.89
                     396.1                         7.95
                     401.0                         8.01
                     405.9                         8.07
                     410.8                         8.13
                     415.6                         8.19
                     420.5                         8.25
                     425.4                         8.31
                     430.3                         8.37
                     435.1                         8.43
                     440.0                         8.49
                     444.9                         8.55
                     449.8                         8.60
                     454.6                         8.66
                     459.5                         8.72
                     464.4                         8.78
                     469.3                         8.84
                     474.1                         8.90
                     479.0                         8.96
                     483.9                         9.02
                     488.8                         9.08
                     493.6                         9.13
                     498.5                         9.19
                     503.4                         9.25
                     508.3                         9.31
                     513.1                         9.37
                     518.0                         9.43
                     522.9                         9.48
                     527.8                         9.54
                     532.6                         9.60
                     537.5                         9.66
                     542.4                         9.72
                     547.3                         9.77
                     552.1                         9.83
                     557.0                         9.89
                     561.9                         9.95
                     566.8                        10.01
                     571.6                        10.06
                     576.5                        10.12
                     581.4                        10.18
                     586.3                        10.24
                     591.1                        10.29
                     596.0                        10.35
                     600.9                        10.41
                     605.8                        10.46
                     610.6                        10.52
                     615.5                        10.58
                     620.4                        10.63
                     625.3                        10.69
                     630.1                        10.75
                     635.0                        10.80
                     639.9                        10.86
                     644.8                        10.92
                     649.6                        10.97
                     654.5                        11.03
                     659.4                        11.09
                     664.3                        11.14
                     669.1                        11.20
                     674.0                        11.26
                     678.9                        11.31
                     683.8                        11.37
                     688.6                        11.42
                     693.5                        11.48
                     698.4                        11.54
                     703.3                        11.59
                     708.1                        11.65
                     713.0                        11.70
                     717.9                        11.76
                     722.8                        11.82
                     727.6                        11.87
                     732.5                        11.93
                     737.4                        11.98
                     742.3                        12.04
                     747.1                        12.09
                     752.0                        12.15
                     756.9                        12.20
                     761.8                        12.26
                     766.6                        12.31
                     771.5                        12.37
                     776.4                        12.42
                     781.3                        12.48
                     786.1                        12.53
                     791.0                        12.59
                     795.9                        12.64
                     800.8                        12.70
                     805.6                        12.75
                     810.5                        12.81
                     815.4                        12.86
                     820.3                        12.92
                     825.1                        12.97
                     830.0                        13.03
                     834.9                        13.08
                     839.8                        13.14
                     844.6                        13.19
                     849.5                        13.24
                     854.4                        13.30
                     859.3                        13.35
                     864.1                        13.41
                     869.0                        13.46
                     873.9                        13.51
                     878.8                        13.57
                     883.6                        13.62
                     888.5                        13.68
                     893.4                        13.73
                     898.3                        13.78
                     903.1                        13.84
                     908.0                        13.89
                     912.9                        13.95
                     917.8                        14.00
                     922.6                        14.05
                     927.5                        14.11
                     932.4                        14.16
                     937.3                        14.21
                     942.1                        14.27
                     947.0                        14.32
                     951.9                        14.37
                     956.8                        14.43
                     961.6                        14.48
                     966.5                        14.53
                     971.4                        14.59
                     976.3                        14.64
                     981.1                        14.69
                     986.0                        14.75
                     990.9                        14.80
                     995.8                        14.85
                    1000.6                        14.91
                    1005.5                        14.96
                    1010.4                        15.01
                    1015.3                        15.07
                    1020.1                        15.12
                    1025.0                        15.17
                    1029.9                        15.22
                    1034.8                        15.28
                    1039.6                        15.33
                    1044.5                        15.38
                    1049.4                        15.43
                    1054.3                        15.49
                    1059.1                        15.54
                    1064.0                        15.59
                    1068.9                        15.64
                    1073.8                        15.70
                    1078.6                        15.75
                    1083.5                        15.80
                    1088.4                        15.85
                    1093.3                        15.91
                    1098.1                        15.96
                    1103.0                        16.01
                    1107.9                        16.06
                    1112.8                        16.11
                    1117.6                        16.17
                    1122.5                        16.22
                    1127.4                        16.27
                    1132.3                        16.32
                    1137.1                        16.38
                    1142.0                        16.43
                    1146.9                        16.48
                    1151.8                        16.53
                    1156.6                        16.58
                    1161.5                        16.63
                    1166.4                        16.69
                    1171.3                        16.74
                    1176.1                        16.79
                    1181.0                        16.84
                    1185.9                        16.89
                    1190.8                        16.94
                    1195.6                        17.00
                    1200.5                        17.05
                    1205.4                        17.10
                    1210.3                        17.15
                    1215.1                        17.20
                    1220.0                        17.25
                    1224.9                        17.30
                    1229.8                        17.36
                    1234.6                        17.41
                    1239.5                        17.46
                    1244.4                        17.51
                    1249.3                        17.56
                    1254.1                        17.61
                    1259.0                        17.66
                    1263.9                        17.71
                    1268.8                        17.77
                    1273.6                        17.82
                    1278.5                        17.87
                    1283.4                        17.92
                    1288.3                        17.97
                    1293.1                        18.02
                    1298.0                        18.07
                    1302.9                        18.12
                    1307.8                        18.17
                    1312.6                        18.22
                    1317.5                        18.28
                    1322.4                        18.33
                    1327.3                        18.38
                    1332.1                        18.43
                    1337.0                        18.48
                    1341.9                        18.53
                    1346.8                        18.58
                    1351.6                        18.63
                    1356.5                        18.68
                    1361.4                        18.73
                    1366.3                        18.78
                    1371.1                        18.83
                    1376.0                        18.88
                    1380.9                        18.93
                    1385.8                        18.98
                    1390.6                        19.03
                    1395.5                        19.08
                    1400.4                        19.13
                    1405.3                        19.18
                    1410.1                        19.23
                    1415.0                        19.29
                    1419.9                        19.34
                    1424.8                        19.39
                    1429.6                        19.44
                    1434.5                        19.49
                    1439.4                        19.54
                    1444.3                        19.59
                    1449.1                        19.64
                    1454.0                        19.69
                    1458.9                        19.74
                    1463.8                        19.79
                    1468.6                        19.84
                    1473.5                        19.89
                    1478.4                        19.94
                    1483.3                        19.99
                    1488.1                        20.04
                    1493.0                        20.09
                    1497.9                        20.14
                    1502.8                        20.19
                    1507.6                        20.23
                    1512.5                        20.28
                    1517.4                        20.33
                    1522.3                        20.38
                    1527.1                        20.43
                    1532.0                        20.48
                    1536.9                        20.53
                    1541.8                        20.58
                    1546.6                        20.63
                    1551.5                        20.68
                    1556.4                        20.73
                    1561.3                        20.78
                    1566.1                        20.83
                    1571.0                        20.88
                    1575.9                        20.93
                    1580.8                        20.98
                    1585.6                        21.03
                    1590.5                        21.08
                    1595.4                        21.13
                    1600.3                        21.18
                    1605.1                        21.22
                    1610.0                        21.27
                    1614.9                        21.32
                    1619.8                        21.37
                    1624.6                        21.42
                    1629.5                        21.47
                    1634.4                        21.52
                    1639.3                        21.57
                    1644.1                        21.62
                    1649.0                        21.67
                    1653.9                        21.72
                    1658.8                        21.77
                    1663.6                        21.81
                    1668.5                        21.86
                    1673.4                        21.91
                    1678.3                        21.96
                    1683.1                        22.01
                    1688.0                        22.06
                    1692.9                        22.11
                    1697.8                        22.16
                    1702.6                        22.21
                    1707.5                        22.25
                    1712.4                        22.30
                    1717.3                        22.35
                    1722.1                        22.40
                    1727.0                        22.45
                    1731.9                        22.50
                    1736.8                        22.55
                    1741.6                        22.60
                    1746.5                        22.64
                    1751.4                        22.69
                    1756.3                        22.74
                    1761.1                        22.79
                    1766.0                        22.84
                    1770.9                        22.89
                    1775.8                        22.94
                    1780.6                        22.98
                    1785.5                        23.03
                    1790.4                        23.08
                    1795.3                        23.13
                    1800.1                        23.18
                    1805.0                        23.23
                    1809.9                        23.27
                    1814.8                        23.32
                    1819.6                        23.37
                    1824.5                        23.42
                    1829.4                        23.47
                    1834.3                        23.52
                    1839.1                        23.56
                    1844.0                        23.61
                    1848.9                        23.66
                    1853.8                        23.71
                    1858.6                        23.76
                    1863.5                        23.81
                    1868.4                        23.85
                    1873.3                        23.90
                    1878.1                        23.95
                    1883.0                        24.00
                    1887.9                        24.05
                    1892.8                        24.09
                    1897.6                        24.14
                    1902.5                        24.19
                    1907.4                        24.24
                    1912.3                        24.29
                    1917.1                        24.33
                    1922.0                        24.38
                    1926.9                        24.43
                    1931.8                        24.48
                    1936.6                        24.53
                    1941.5                        24.57
                    1946.4                        24.62
                    1951.3                        24.67
                    1956.1                        24.72
                    1961.0                        24.77
                    1965.9                        24.81
                    1970.8                        24.86
                    1975.6                        24.91
                    1980.5                        24.96
                    1985.4                        25.00
                    1990.3                        25.05
                    1995.1                        25.10
                    2000.0                        25.15
