
ELEMENT:
                                      Ni

SOURCE:
                             Powell and Jablonski
                  J. Phys. Chem. Reference Data 28 (1999) 19
              Evaluation of calculated and measured IMFP values
                                       

ATOMIC WEIGHT:                58.69340

DENSITY:                       8.8600 g/cm**3

TABULATION:

______________________________________________________________________________

                    Energy                         IMFP
                      eV                        Angstroms
______________________________________________________________________________
                      50.0                         4.91
                      74.9                         4.55
                      99.8                         4.53
                     124.6                         4.65
                     149.5                         4.85
                     174.4                         5.08
                     199.3                         5.34
                     224.1                         5.62
                     249.0                         5.90
                     273.9                         6.19
                     298.8                         6.49
                     323.6                         6.78
                     348.5                         7.08
                     373.4                         7.38
                     398.3                         7.68
                     423.1                         7.98
                     448.0                         8.28
                     472.9                         8.57
                     497.8                         8.87
                     522.6                         9.16
                     547.5                         9.46
                     572.4                         9.75
                     597.3                        10.04
                     622.1                        10.33
                     647.0                        10.62
                     671.9                        10.90
                     696.8                        11.19
                     721.6                        11.47
                     746.5                        11.76
                     771.4                        12.04
                     796.3                        12.32
                     821.1                        12.60
                     846.0                        12.88
                     870.9                        13.15
                     895.8                        13.43
                     920.6                        13.70
                     945.5                        13.98
                     970.4                        14.25
                     995.3                        14.52
                    1020.1                        14.79
                    1045.0                        15.06
                    1069.9                        15.33
                    1094.8                        15.59
                    1119.6                        15.86
                    1144.5                        16.12
                    1169.4                        16.39
                    1194.3                        16.65
                    1219.1                        16.91
                    1244.0                        17.17
                    1268.9                        17.43
                    1293.8                        17.69
                    1318.6                        17.95
                    1343.5                        18.21
                    1368.4                        18.46
                    1393.3                        18.72
                    1418.1                        18.98
                    1443.0                        19.23
                    1467.9                        19.48
                    1492.8                        19.74
                    1517.6                        19.99
                    1542.5                        20.24
                    1567.4                        20.49
                    1592.3                        20.74
                    1617.1                        20.99
                    1642.0                        21.24
                    1666.9                        21.48
                    1691.8                        21.73
                    1716.6                        21.98
                    1741.5                        22.22
                    1766.4                        22.47
                    1791.3                        22.71
                    1816.1                        22.96
                    1841.0                        23.20
                    1865.9                        23.44
                    1890.8                        23.68
                    1915.6                        23.92
                    1940.5                        24.16
                    1965.4                        24.40
                    1990.3                        24.64
                    2015.1                        24.88
                    2040.0                        25.12
                    2064.9                        25.36
                    2089.8                        25.60
                    2114.6                        25.83
                    2139.5                        26.07
                    2164.4                        26.30
                    2189.3                        26.54
                    2214.1                        26.77
                    2239.0                        27.01
                    2263.9                        27.24
                    2288.8                        27.47
                    2313.6                        27.71
                    2338.5                        27.94
                    2363.4                        28.17
                    2388.3                        28.40
                    2413.1                        28.63
                    2438.0                        28.86
                    2462.9                        29.09
                    2487.8                        29.32
                    2512.6                        29.55
                    2537.5                        29.78
                    2562.4                        30.01
                    2587.3                        30.24
                    2612.1                        30.46
                    2637.0                        30.69
                    2661.9                        30.92
                    2686.8                        31.14
                    2711.6                        31.37
                    2736.5                        31.59
                    2761.4                        31.82
                    2786.3                        32.04
                    2811.1                        32.27
                    2836.0                        32.49
                    2860.9                        32.71
                    2885.8                        32.93
                    2910.6                        33.16
                    2935.5                        33.38
                    2960.4                        33.60
                    2985.3                        33.82
                    3010.1                        34.04
                    3035.0                        34.26
                    3059.9                        34.48
                    3084.8                        34.70
                    3109.6                        34.92
                    3134.5                        35.14
                    3159.4                        35.36
                    3184.3                        35.58
                    3209.1                        35.80
                    3234.0                        36.02
                    3258.9                        36.23
                    3283.8                        36.45
                    3308.6                        36.67
                    3333.5                        36.88
                    3358.4                        37.10
                    3383.3                        37.32
                    3408.1                        37.53
                    3433.0                        37.75
                    3457.9                        37.96
                    3482.8                        38.18
                    3507.6                        38.39
                    3532.5                        38.61
                    3557.4                        38.82
                    3582.3                        39.03
                    3607.1                        39.25
                    3632.0                        39.46
                    3656.9                        39.67
                    3681.8                        39.88
                    3706.6                        40.10
                    3731.5                        40.31
                    3756.4                        40.52
                    3781.3                        40.73
                    3806.1                        40.94
                    3831.0                        41.15
                    3855.9                        41.36
                    3880.8                        41.57
                    3905.6                        41.78
                    3930.5                        41.99
                    3955.4                        42.20
                    3980.3                        42.41
                    4005.1                        42.62
                    4030.0                        42.83
                    4054.9                        43.03
                    4079.8                        43.24
                    4104.6                        43.45
                    4129.5                        43.66
                    4154.4                        43.87
                    4179.3                        44.07
                    4204.1                        44.28
                    4229.0                        44.49
                    4253.9                        44.69
                    4278.8                        44.90
                    4303.6                        45.10
                    4328.5                        45.31
                    4353.4                        45.51
                    4378.3                        45.72
                    4403.1                        45.92
                    4428.0                        46.13
                    4452.9                        46.33
                    4477.8                        46.54
                    4502.6                        46.74
                    4527.5                        46.95
                    4552.4                        47.15
                    4577.3                        47.35
                    4602.1                        47.55
                    4627.0                        47.76
                    4651.9                        47.96
                    4676.8                        48.16
                    4701.6                        48.36
                    4726.5                        48.57
                    4751.4                        48.77
                    4776.3                        48.97
                    4801.1                        49.17
                    4826.0                        49.37
                    4850.9                        49.57
                    4875.8                        49.77
                    4900.6                        49.97
                    4925.5                        50.17
                    4950.4                        50.37
                    4975.3                        50.57
                    5000.1                        50.77
                    5025.0                        50.97
                    5049.9                        51.17
                    5074.8                        51.37
                    5099.6                        51.57
                    5124.5                        51.77
                    5149.4                        51.97
                    5174.3                        52.17
                    5199.1                        52.36
                    5224.0                        52.56
                    5248.9                        52.76
                    5273.8                        52.96
                    5298.6                        53.15
                    5323.5                        53.35
                    5348.4                        53.55
                    5373.3                        53.75
                    5398.1                        53.94
                    5423.0                        54.14
                    5447.9                        54.34
                    5472.8                        54.53
                    5497.6                        54.73
                    5522.5                        54.92
                    5547.4                        55.12
                    5572.3                        55.31
                    5597.1                        55.51
                    5622.0                        55.70
                    5646.9                        55.90
                    5671.8                        56.09
                    5696.6                        56.29
                    5721.5                        56.48
                    5746.4                        56.68
                    5771.3                        56.87
                    5796.1                        57.06
                    5821.0                        57.26
                    5845.9                        57.45
                    5870.8                        57.64
                    5895.6                        57.84
                    5920.5                        58.03
                    5945.4                        58.22
                    5970.3                        58.42
                    5995.1                        58.61
                    6020.0                        58.80
                    6044.9                        58.99
                    6069.8                        59.18
                    6094.6                        59.38
                    6119.5                        59.57
                    6144.4                        59.76
                    6169.3                        59.95
                    6194.1                        60.14
                    6219.0                        60.33
                    6243.9                        60.52
                    6268.8                        60.72
                    6293.6                        60.91
                    6318.5                        61.10
                    6343.4                        61.29
                    6368.3                        61.48
                    6393.1                        61.67
                    6418.0                        61.86
                    6442.9                        62.05
                    6467.8                        62.24
                    6492.6                        62.42
                    6517.5                        62.61
                    6542.4                        62.80
                    6567.3                        62.99
                    6592.1                        63.18
                    6617.0                        63.37
                    6641.9                        63.56
                    6666.8                        63.75
                    6691.6                        63.93
                    6716.5                        64.12
                    6741.4                        64.31
                    6766.3                        64.50
                    6791.1                        64.69
                    6816.0                        64.87
                    6840.9                        65.06
                    6865.8                        65.25
                    6890.6                        65.44
                    6915.5                        65.62
                    6940.4                        65.81
                    6965.3                        66.00
                    6990.1                        66.18
                    7015.0                        66.37
                    7039.9                        66.56
                    7064.8                        66.74
                    7089.6                        66.93
                    7114.5                        67.11
                    7139.4                        67.30
                    7164.3                        67.49
                    7189.1                        67.67
                    7214.0                        67.86
                    7238.9                        68.04
                    7263.8                        68.23
                    7288.6                        68.41
                    7313.5                        68.60
                    7338.4                        68.78
                    7363.3                        68.97
                    7388.1                        69.15
                    7413.0                        69.33
                    7437.9                        69.52
                    7462.8                        69.70
                    7487.6                        69.89
                    7512.5                        70.07
                    7537.4                        70.25
                    7562.3                        70.44
                    7587.1                        70.62
                    7612.0                        70.81
                    7636.9                        70.99
                    7661.8                        71.17
                    7686.6                        71.35
                    7711.5                        71.54
                    7736.4                        71.72
                    7761.3                        71.90
                    7786.1                        72.09
                    7811.0                        72.27
                    7835.9                        72.45
                    7860.8                        72.63
                    7885.6                        72.81
                    7910.5                        73.00
                    7935.4                        73.18
                    7960.3                        73.36
                    7985.1                        73.54
                    8010.0                        73.72
                    8034.9                        73.90
                    8059.8                        74.09
                    8084.6                        74.27
                    8109.5                        74.45
                    8134.4                        74.63
                    8159.3                        74.81
                    8184.1                        74.99
                    8209.0                        75.17
                    8233.9                        75.35
                    8258.8                        75.53
                    8283.6                        75.71
                    8308.5                        75.89
                    8333.4                        76.07
                    8358.3                        76.25
                    8383.1                        76.43
                    8408.0                        76.61
                    8432.9                        76.79
                    8457.8                        76.97
                    8482.6                        77.15
                    8507.5                        77.33
                    8532.4                        77.51
                    8557.3                        77.69
                    8582.1                        77.87
                    8607.0                        78.05
                    8631.9                        78.22
                    8656.8                        78.40
                    8681.6                        78.58
                    8706.5                        78.76
                    8731.4                        78.94
                    8756.3                        79.12
                    8781.1                        79.29
                    8806.0                        79.47
                    8830.9                        79.65
                    8855.8                        79.83
                    8880.6                        80.01
                    8905.5                        80.18
                    8930.4                        80.36
                    8955.3                        80.54
                    8980.1                        80.72
                    9005.0                        80.89
                    9029.9                        81.07
                    9054.8                        81.25
                    9079.6                        81.42
                    9104.5                        81.60
                    9129.4                        81.78
                    9154.3                        81.95
                    9179.1                        82.13
                    9204.0                        82.31
                    9228.9                        82.48
                    9253.8                        82.66
                    9278.6                        82.84
                    9303.5                        83.01
                    9328.4                        83.19
                    9353.3                        83.36
                    9378.1                        83.54
                    9403.0                        83.71
                    9427.9                        83.89
                    9452.8                        84.07
                    9477.6                        84.24
                    9502.5                        84.42
                    9527.4                        84.59
                    9552.3                        84.77
                    9577.1                        84.94
                    9602.0                        85.12
                    9626.9                        85.29
                    9651.8                        85.47
                    9676.6                        85.64
                    9701.5                        85.82
                    9726.4                        85.99
                    9751.3                        86.16
                    9776.1                        86.34
                    9801.0                        86.51
                    9825.9                        86.69
                    9850.8                        86.86
                    9875.6                        87.03
                    9900.5                        87.21
                    9925.4                        87.38
                    9950.3                        87.56
                    9975.1                        87.73
                   10000.0                        87.90
