
ELEMENT:
                                      Cu

SOURCE:
                             Powell and Jablonski
                  J. Phys. Chem. Reference Data 28 (1999) 19
              Evaluation of calculated and measured IMFP values
                                       

ATOMIC WEIGHT:                63.54600

DENSITY:                       8.9600 g/cm**3

TABULATION:

______________________________________________________________________________

                    Energy                         IMFP
                      eV                        Angstroms
______________________________________________________________________________
                      50.0                         5.17
                      74.9                         4.94
                      99.8                         4.99
                     124.6                         5.17
                     149.5                         5.41
                     174.4                         5.69
                     199.3                         5.98
                     224.1                         6.30
                     249.0                         6.62
                     273.9                         6.95
                     298.8                         7.28
                     323.6                         7.61
                     348.5                         7.95
                     373.4                         8.29
                     398.3                         8.62
                     423.1                         8.96
                     448.0                         9.29
                     472.9                         9.63
                     497.8                         9.96
                     522.6                        10.30
                     547.5                        10.63
                     572.4                        10.96
                     597.3                        11.29
                     622.1                        11.62
                     647.0                        11.95
                     671.9                        12.27
                     696.8                        12.60
                     721.6                        12.92
                     746.5                        13.24
                     771.4                        13.57
                     796.3                        13.89
                     821.1                        14.20
                     846.0                        14.52
                     870.9                        14.84
                     895.8                        15.15
                     920.6                        15.47
                     945.5                        15.78
                     970.4                        16.09
                     995.3                        16.41
                    1020.1                        16.72
                    1045.0                        17.02
                    1069.9                        17.33
                    1094.8                        17.64
                    1119.6                        17.95
                    1144.5                        18.25
                    1169.4                        18.55
                    1194.3                        18.86
                    1219.1                        19.16
                    1244.0                        19.46
                    1268.9                        19.76
                    1293.8                        20.06
                    1318.6                        20.36
                    1343.5                        20.66
                    1368.4                        20.95
                    1393.3                        21.25
                    1418.1                        21.55
                    1443.0                        21.84
                    1467.9                        22.13
                    1492.8                        22.43
                    1517.6                        22.72
                    1542.5                        23.01
                    1567.4                        23.30
                    1592.3                        23.59
                    1617.1                        23.88
                    1642.0                        24.17
                    1666.9                        24.46
                    1691.8                        24.74
                    1716.6                        25.03
                    1741.5                        25.32
                    1766.4                        25.60
                    1791.3                        25.89
                    1816.1                        26.17
                    1841.0                        26.45
                    1865.9                        26.74
                    1890.8                        27.02
                    1915.6                        27.30
                    1940.5                        27.58
                    1965.4                        27.86
                    1990.3                        28.14
                    2015.1                        28.42
                    2040.0                        28.70
                    2064.9                        28.98
                    2089.8                        29.26
                    2114.6                        29.53
                    2139.5                        29.81
                    2164.4                        30.08
                    2189.3                        30.36
                    2214.1                        30.63
                    2239.0                        30.91
                    2263.9                        31.18
                    2288.8                        31.46
                    2313.6                        31.73
                    2338.5                        32.00
                    2363.4                        32.27
                    2388.3                        32.54
                    2413.1                        32.82
                    2438.0                        33.09
                    2462.9                        33.36
                    2487.8                        33.63
                    2512.6                        33.89
                    2537.5                        34.16
                    2562.4                        34.43
                    2587.3                        34.70
                    2612.1                        34.97
                    2637.0                        35.23
                    2661.9                        35.50
                    2686.8                        35.77
                    2711.6                        36.03
                    2736.5                        36.30
                    2761.4                        36.56
                    2786.3                        36.83
                    2811.1                        37.09
                    2836.0                        37.35
                    2860.9                        37.62
                    2885.8                        37.88
                    2910.6                        38.14
                    2935.5                        38.40
                    2960.4                        38.67
                    2985.3                        38.93
                    3010.1                        39.19
                    3035.0                        39.45
                    3059.9                        39.71
                    3084.8                        39.97
                    3109.6                        40.23
                    3134.5                        40.49
                    3159.4                        40.75
                    3184.3                        41.00
                    3209.1                        41.26
                    3234.0                        41.52
                    3258.9                        41.78
                    3283.8                        42.03
                    3308.6                        42.29
                    3333.5                        42.55
                    3358.4                        42.80
                    3383.3                        43.06
                    3408.1                        43.31
                    3433.0                        43.57
                    3457.9                        43.82
                    3482.8                        44.08
                    3507.6                        44.33
                    3532.5                        44.59
                    3557.4                        44.84
                    3582.3                        45.09
                    3607.1                        45.35
                    3632.0                        45.60
                    3656.9                        45.85
                    3681.8                        46.10
                    3706.6                        46.36
                    3731.5                        46.61
                    3756.4                        46.86
                    3781.3                        47.11
                    3806.1                        47.36
                    3831.0                        47.61
                    3855.9                        47.86
                    3880.8                        48.11
                    3905.6                        48.36
                    3930.5                        48.61
                    3955.4                        48.86
                    3980.3                        49.10
                    4005.1                        49.35
                    4030.0                        49.60
                    4054.9                        49.85
                    4079.8                        50.10
                    4104.6                        50.34
                    4129.5                        50.59
                    4154.4                        50.84
                    4179.3                        51.08
                    4204.1                        51.33
                    4229.0                        51.58
                    4253.9                        51.82
                    4278.8                        52.07
                    4303.6                        52.31
                    4328.5                        52.56
                    4353.4                        52.80
                    4378.3                        53.05
                    4403.1                        53.29
                    4428.0                        53.54
                    4452.9                        53.78
                    4477.8                        54.02
                    4502.6                        54.27
                    4527.5                        54.51
                    4552.4                        54.75
                    4577.3                        54.99
                    4602.1                        55.24
                    4627.0                        55.48
                    4651.9                        55.72
                    4676.8                        55.96
                    4701.6                        56.20
                    4726.5                        56.44
                    4751.4                        56.69
                    4776.3                        56.93
                    4801.1                        57.17
                    4826.0                        57.41
                    4850.9                        57.65
                    4875.8                        57.89
                    4900.6                        58.13
                    4925.5                        58.37
                    4950.4                        58.61
                    4975.3                        58.84
                    5000.1                        59.08
                    5025.0                        59.32
                    5049.9                        59.56
                    5074.8                        59.80
                    5099.6                        60.04
                    5124.5                        60.27
                    5149.4                        60.51
                    5174.3                        60.75
                    5199.1                        60.99
                    5224.0                        61.22
                    5248.9                        61.46
                    5273.8                        61.70
                    5298.6                        61.93
                    5323.5                        62.17
                    5348.4                        62.41
                    5373.3                        62.64
                    5398.1                        62.88
                    5423.0                        63.11
                    5447.9                        63.35
                    5472.8                        63.58
                    5497.6                        63.82
                    5522.5                        64.05
                    5547.4                        64.29
                    5572.3                        64.52
                    5597.1                        64.76
                    5622.0                        64.99
                    5646.9                        65.22
                    5671.8                        65.46
                    5696.6                        65.69
                    5721.5                        65.92
                    5746.4                        66.16
                    5771.3                        66.39
                    5796.1                        66.62
                    5821.0                        66.85
                    5845.9                        67.09
                    5870.8                        67.32
                    5895.6                        67.55
                    5920.5                        67.78
                    5945.4                        68.01
                    5970.3                        68.25
                    5995.1                        68.48
                    6020.0                        68.71
                    6044.9                        68.94
                    6069.8                        69.17
                    6094.6                        69.40
                    6119.5                        69.63
                    6144.4                        69.86
                    6169.3                        70.09
                    6194.1                        70.32
                    6219.0                        70.55
                    6243.9                        70.78
                    6268.8                        71.01
                    6293.6                        71.24
                    6318.5                        71.47
                    6343.4                        71.70
                    6368.3                        71.93
                    6393.1                        72.16
                    6418.0                        72.38
                    6442.9                        72.61
                    6467.8                        72.84
                    6492.6                        73.07
                    6517.5                        73.30
                    6542.4                        73.52
                    6567.3                        73.75
                    6592.1                        73.98
                    6617.0                        74.21
                    6641.9                        74.43
                    6666.8                        74.66
                    6691.6                        74.89
                    6716.5                        75.11
                    6741.4                        75.34
                    6766.3                        75.57
                    6791.1                        75.79
                    6816.0                        76.02
                    6840.9                        76.24
                    6865.8                        76.47
                    6890.6                        76.70
                    6915.5                        76.92
                    6940.4                        77.15
                    6965.3                        77.37
                    6990.1                        77.60
                    7015.0                        77.82
                    7039.9                        78.05
                    7064.8                        78.27
                    7089.6                        78.50
                    7114.5                        78.72
                    7139.4                        78.94
                    7164.3                        79.17
                    7189.1                        79.39
                    7214.0                        79.62
                    7238.9                        79.84
                    7263.8                        80.06
                    7288.6                        80.29
                    7313.5                        80.51
                    7338.4                        80.73
                    7363.3                        80.96
                    7388.1                        81.18
                    7413.0                        81.40
                    7437.9                        81.62
                    7462.8                        81.85
                    7487.6                        82.07
                    7512.5                        82.29
                    7537.4                        82.51
                    7562.3                        82.74
                    7587.1                        82.96
                    7612.0                        83.18
                    7636.9                        83.40
                    7661.8                        83.62
                    7686.6                        83.84
                    7711.5                        84.06
                    7736.4                        84.29
                    7761.3                        84.51
                    7786.1                        84.73
                    7811.0                        84.95
                    7835.9                        85.17
                    7860.8                        85.39
                    7885.6                        85.61
                    7910.5                        85.83
                    7935.4                        86.05
                    7960.3                        86.27
                    7985.1                        86.49
                    8010.0                        86.71
                    8034.9                        86.93
                    8059.8                        87.15
                    8084.6                        87.37
                    8109.5                        87.59
                    8134.4                        87.81
                    8159.3                        88.02
                    8184.1                        88.24
                    8209.0                        88.46
                    8233.9                        88.68
                    8258.8                        88.90
                    8283.6                        89.12
                    8308.5                        89.34
                    8333.4                        89.55
                    8358.3                        89.77
                    8383.1                        89.99
                    8408.0                        90.21
                    8432.9                        90.42
                    8457.8                        90.64
                    8482.6                        90.86
                    8507.5                        91.08
                    8532.4                        91.29
                    8557.3                        91.51
                    8582.1                        91.73
                    8607.0                        91.95
                    8631.9                        92.16
                    8656.8                        92.38
                    8681.6                        92.60
                    8706.5                        92.81
                    8731.4                        93.03
                    8756.3                        93.24
                    8781.1                        93.46
                    8806.0                        93.68
                    8830.9                        93.89
                    8855.8                        94.11
                    8880.6                        94.32
                    8905.5                        94.54
                    8930.4                        94.75
                    8955.3                        94.97
                    8980.1                        95.18
                    9005.0                        95.40
                    9029.9                        95.62
                    9054.8                        95.83
                    9079.6                        96.04
                    9104.5                        96.26
                    9129.4                        96.47
                    9154.3                        96.69
                    9179.1                        96.90
                    9204.0                        97.12
                    9228.9                        97.33
                    9253.8                        97.55
                    9278.6                        97.76
                    9303.5                        97.97
                    9328.4                        98.19
                    9353.3                        98.40
                    9378.1                        98.61
                    9403.0                        98.83
                    9427.9                        99.04
                    9452.8                        99.25
                    9477.6                        99.47
                    9502.5                        99.68
                    9527.4                        99.89
                    9552.3                       100.11
                    9577.1                       100.32
                    9602.0                       100.53
                    9626.9                       100.74
                    9651.8                       100.96
                    9676.6                       101.17
                    9701.5                       101.38
                    9726.4                       101.59
                    9751.3                       101.81
                    9776.1                       102.02
                    9801.0                       102.23
                    9825.9                       102.44
                    9850.8                       102.65
                    9875.6                       102.86
                    9900.5                       103.08
                    9925.4                       103.29
                    9950.3                       103.50
                    9975.1                       103.71
                   10000.0                       103.92
