
ELEMENT:
                                      Ge

SOURCE:
                      Elastic peak electron spectroscopy
                                       
           IMFPs determined from the intensity of the elastic peak
       Multiple elastic scattering simulated by the Monte Carlo method

COMMENT:
       Lesiak et al., Proc. ECASIA 95, Wiley, Chichester (1996), p. 619

ATOMIC WEIGHT:                72.61000

DENSITY:                       5.3234 g/cm**3

TABULATION:

______________________________________________________________________________

                    Energy                         IMFP
                      eV                        Angstroms
______________________________________________________________________________
                     100.0                         5.15
                     103.5                         5.26
                     107.0                         5.36
                     110.5                         5.47
                     114.0                         5.57
                     117.5                         5.68
                     121.0                         5.78
                     124.5                         5.88
                     128.0                         5.98
                     131.5                         6.08
                     135.0                         6.17
                     138.5                         6.27
                     142.0                         6.36
                     145.5                         6.46
                     149.0                         6.55
                     152.5                         6.64
                     156.0                         6.74
                     159.5                         6.83
                     163.0                         6.92
                     166.5                         7.01
                     170.0                         7.10
                     173.5                         7.18
                     177.0                         7.27
                     180.5                         7.36
                     184.0                         7.44
                     187.5                         7.53
                     191.0                         7.61
                     194.5                         7.70
                     198.0                         7.78
                     201.5                         7.86
                     205.0                         7.94
                     208.5                         8.03
                     212.0                         8.11
                     215.5                         8.19
                     219.0                         8.27
                     222.5                         8.35
                     226.0                         8.43
                     229.5                         8.51
                     233.0                         8.58
                     236.5                         8.66
                     240.0                         8.74
                     243.5                         8.82
                     247.0                         8.89
                     250.5                         8.97
                     254.0                         9.04
                     257.5                         9.12
                     261.0                         9.19
                     264.5                         9.27
                     268.0                         9.34
                     271.5                         9.41
                     275.0                         9.49
                     278.5                         9.56
                     282.0                         9.63
                     285.5                         9.70
                     289.0                         9.78
                     292.5                         9.85
                     296.0                         9.92
                     299.5                         9.99
                     303.0                        10.06
                     306.5                        10.13
                     310.0                        10.20
                     313.5                        10.27
                     317.0                        10.34
                     320.5                        10.41
                     324.0                        10.48
                     327.5                        10.54
                     331.0                        10.61
                     334.5                        10.68
                     338.0                        10.75
                     341.5                        10.81
                     345.0                        10.88
                     348.5                        10.95
                     352.0                        11.01
                     355.5                        11.08
                     359.0                        11.14
                     362.5                        11.21
                     366.0                        11.28
                     369.5                        11.34
                     373.0                        11.41
                     376.5                        11.47
                     380.0                        11.53
                     383.5                        11.60
                     387.0                        11.66
                     390.5                        11.73
                     394.0                        11.79
                     397.5                        11.85
                     401.0                        11.91
                     404.5                        11.98
                     408.0                        12.04
                     411.5                        12.10
                     415.0                        12.16
                     418.5                        12.23
                     422.0                        12.29
                     425.5                        12.35
                     429.0                        12.41
                     432.5                        12.47
                     436.0                        12.53
                     439.5                        12.59
                     443.0                        12.65
                     446.5                        12.71
                     450.0                        12.77
                     453.5                        12.83
                     457.0                        12.89
                     460.5                        12.95
                     464.0                        13.01
                     467.5                        13.07
                     471.0                        13.13
                     474.5                        13.19
                     478.0                        13.25
                     481.5                        13.31
                     485.0                        13.37
                     488.5                        13.42
                     492.0                        13.48
                     495.5                        13.54
                     499.0                        13.60
                     502.5                        13.65
                     506.0                        13.71
                     509.5                        13.77
                     513.0                        13.83
                     516.5                        13.88
                     520.0                        13.94
                     523.5                        14.00
                     527.0                        14.05
                     530.5                        14.11
                     534.0                        14.17
                     537.5                        14.22
                     541.0                        14.28
                     544.5                        14.33
                     548.0                        14.39
                     551.5                        14.44
                     555.0                        14.50
                     558.5                        14.55
                     562.0                        14.61
                     565.5                        14.66
                     569.0                        14.72
                     572.5                        14.77
                     576.0                        14.83
                     579.5                        14.88
                     583.0                        14.94
                     586.5                        14.99
                     590.0                        15.04
                     593.5                        15.10
                     597.0                        15.15
                     600.5                        15.21
                     604.0                        15.26
                     607.5                        15.31
                     611.0                        15.37
                     614.5                        15.42
                     618.0                        15.47
                     621.5                        15.52
                     625.0                        15.58
                     628.5                        15.63
                     632.0                        15.68
                     635.5                        15.74
                     639.0                        15.79
                     642.5                        15.84
                     646.0                        15.89
                     649.5                        15.94
                     653.0                        16.00
                     656.5                        16.05
                     660.0                        16.10
                     663.5                        16.15
                     667.0                        16.20
                     670.5                        16.25
                     674.0                        16.30
                     677.5                        16.36
                     681.0                        16.41
                     684.5                        16.46
                     688.0                        16.51
                     691.5                        16.56
                     695.0                        16.61
                     698.5                        16.66
                     702.0                        16.71
                     705.5                        16.76
                     709.0                        16.81
                     712.5                        16.86
                     716.0                        16.91
                     719.5                        16.96
                     723.0                        17.01
                     726.5                        17.06
                     730.0                        17.11
                     733.5                        17.16
                     737.0                        17.21
                     740.5                        17.26
                     744.0                        17.31
                     747.5                        17.36
                     751.0                        17.41
                     754.5                        17.45
                     758.0                        17.50
                     761.5                        17.55
                     765.0                        17.60
                     768.5                        17.65
                     772.0                        17.70
                     775.5                        17.75
                     779.0                        17.79
                     782.5                        17.84
                     786.0                        17.89
                     789.5                        17.94
                     793.0                        17.99
                     796.5                        18.03
                     800.0                        18.08
                     803.5                        18.13
                     807.0                        18.18
                     810.5                        18.23
                     814.0                        18.27
                     817.5                        18.32
                     821.0                        18.37
                     824.5                        18.41
                     828.0                        18.46
                     831.5                        18.51
                     835.0                        18.56
                     838.5                        18.60
                     842.0                        18.65
                     845.5                        18.70
                     849.0                        18.74
                     852.5                        18.79
                     856.0                        18.84
                     859.5                        18.88
                     863.0                        18.93
                     866.5                        18.98
                     870.0                        19.02
                     873.5                        19.07
                     877.0                        19.11
                     880.5                        19.16
                     884.0                        19.21
                     887.5                        19.25
                     891.0                        19.30
                     894.5                        19.34
                     898.0                        19.39
                     901.5                        19.44
                     905.0                        19.48
                     908.5                        19.53
                     912.0                        19.57
                     915.5                        19.62
                     919.0                        19.66
                     922.5                        19.71
                     926.0                        19.75
                     929.5                        19.80
                     933.0                        19.84
                     936.5                        19.89
                     940.0                        19.93
                     943.5                        19.98
                     947.0                        20.02
                     950.5                        20.07
                     954.0                        20.11
                     957.5                        20.16
                     961.0                        20.20
                     964.5                        20.24
                     968.0                        20.29
                     971.5                        20.33
                     975.0                        20.38
                     978.5                        20.42
                     982.0                        20.47
                     985.5                        20.51
                     989.0                        20.55
                     992.5                        20.60
                     996.0                        20.64
                     999.5                        20.69
                    1003.0                        20.73
                    1006.5                        20.77
                    1010.0                        20.82
                    1013.5                        20.86
                    1017.0                        20.90
                    1020.5                        20.95
                    1024.0                        20.99
                    1027.5                        21.03
                    1031.0                        21.08
                    1034.5                        21.12
                    1038.0                        21.16
                    1041.5                        21.21
                    1045.0                        21.25
                    1048.5                        21.29
                    1052.0                        21.33
                    1055.5                        21.38
                    1059.0                        21.42
                    1062.5                        21.46
                    1066.0                        21.51
                    1069.5                        21.55
                    1073.0                        21.59
                    1076.5                        21.63
                    1080.0                        21.68
                    1083.5                        21.72
                    1087.0                        21.76
                    1090.5                        21.80
                    1094.0                        21.85
                    1097.5                        21.89
                    1101.0                        21.93
                    1104.5                        21.97
                    1108.0                        22.01
                    1111.5                        22.06
                    1115.0                        22.10
                    1118.5                        22.14
                    1122.0                        22.18
                    1125.5                        22.22
                    1129.0                        22.26
                    1132.5                        22.31
                    1136.0                        22.35
                    1139.5                        22.39
                    1143.0                        22.43
                    1146.5                        22.47
                    1150.0                        22.51
                    1153.5                        22.56
                    1157.0                        22.60
                    1160.5                        22.64
                    1164.0                        22.68
                    1167.5                        22.72
                    1171.0                        22.76
                    1174.5                        22.80
                    1178.0                        22.84
                    1181.5                        22.88
                    1185.0                        22.93
                    1188.5                        22.97
                    1192.0                        23.01
                    1195.5                        23.05
                    1199.0                        23.09
                    1202.5                        23.13
                    1206.0                        23.17
                    1209.5                        23.21
                    1213.0                        23.25
                    1216.5                        23.29
                    1220.0                        23.33
                    1223.5                        23.37
                    1227.0                        23.41
                    1230.5                        23.45
                    1234.0                        23.49
                    1237.5                        23.53
                    1241.0                        23.57
                    1244.5                        23.61
                    1248.0                        23.65
                    1251.5                        23.69
                    1255.0                        23.73
                    1258.5                        23.77
                    1262.0                        23.81
                    1265.5                        23.85
                    1269.0                        23.89
                    1272.5                        23.93
                    1276.0                        23.97
                    1279.5                        24.01
                    1283.0                        24.05
                    1286.5                        24.09
                    1290.0                        24.13
                    1293.5                        24.17
                    1297.0                        24.21
                    1300.5                        24.25
                    1304.0                        24.29
                    1307.5                        24.33
                    1311.0                        24.37
                    1314.5                        24.41
                    1318.0                        24.45
                    1321.5                        24.49
                    1325.0                        24.53
                    1328.5                        24.56
                    1332.0                        24.60
                    1335.5                        24.64
                    1339.0                        24.68
                    1342.5                        24.72
                    1346.0                        24.76
                    1349.5                        24.80
                    1353.0                        24.84
                    1356.5                        24.88
                    1360.0                        24.91
                    1363.5                        24.95
                    1367.0                        24.99
                    1370.5                        25.03
                    1374.0                        25.07
                    1377.5                        25.11
                    1381.0                        25.15
                    1384.5                        25.18
                    1388.0                        25.22
                    1391.5                        25.26
                    1395.0                        25.30
                    1398.5                        25.34
                    1402.0                        25.38
                    1405.5                        25.41
                    1409.0                        25.45
                    1412.5                        25.49
                    1416.0                        25.53
                    1419.5                        25.57
                    1423.0                        25.61
                    1426.5                        25.64
                    1430.0                        25.68
                    1433.5                        25.72
                    1437.0                        25.76
                    1440.5                        25.79
                    1444.0                        25.83
                    1447.5                        25.87
                    1451.0                        25.91
                    1454.5                        25.95
                    1458.0                        25.98
                    1461.5                        26.02
                    1465.0                        26.06
                    1468.5                        26.10
                    1472.0                        26.13
                    1475.5                        26.17
                    1479.0                        26.21
                    1482.5                        26.25
                    1486.0                        26.28
                    1489.5                        26.32
                    1493.0                        26.36
                    1496.5                        26.40
                    1500.0                        26.43
