
ELEMENT:
                                      Ge

SOURCE:
                           Tanuma, Powell and Penn
                               Unpublished data
       IMFP values determined from optical data and a theoretical model
                                       

ATOMIC WEIGHT:                72.61000

DENSITY:                       5.3234 g/cm**3

TABULATION:

______________________________________________________________________________

                    Energy                         IMFP
                      eV                        Angstroms
______________________________________________________________________________
                      50.0                         3.98
                      54.9                         4.08
                      59.8                         4.18
                      64.6                         4.28
                      69.5                         4.38
                      74.4                         4.49
                      79.3                         4.59
                      84.1                         4.69
                      89.0                         4.80
                      93.9                         4.90
                      98.8                         5.01
                     103.6                         5.11
                     108.5                         5.22
                     113.4                         5.32
                     118.3                         5.43
                     123.1                         5.54
                     128.0                         5.64
                     132.9                         5.75
                     137.8                         5.85
                     142.6                         5.96
                     147.5                         6.06
                     152.4                         6.16
                     157.3                         6.27
                     162.1                         6.37
                     167.0                         6.47
                     171.9                         6.58
                     176.8                         6.68
                     181.6                         6.78
                     186.5                         6.88
                     191.4                         6.99
                     196.3                         7.09
                     201.1                         7.19
                     206.0                         7.29
                     210.9                         7.39
                     215.8                         7.49
                     220.6                         7.59
                     225.5                         7.69
                     230.4                         7.79
                     235.3                         7.89
                     240.1                         7.99
                     245.0                         8.08
                     249.9                         8.18
                     254.8                         8.28
                     259.6                         8.38
                     264.5                         8.48
                     269.4                         8.57
                     274.3                         8.67
                     279.1                         8.77
                     284.0                         8.86
                     288.9                         8.96
                     293.8                         9.05
                     298.6                         9.15
                     303.5                         9.24
                     308.4                         9.34
                     313.3                         9.43
                     318.1                         9.53
                     323.0                         9.62
                     327.9                         9.72
                     332.8                         9.81
                     337.6                         9.90
                     342.5                        10.00
                     347.4                        10.09
                     352.3                        10.18
                     357.1                        10.27
                     362.0                        10.37
                     366.9                        10.46
                     371.8                        10.55
                     376.6                        10.64
                     381.5                        10.73
                     386.4                        10.83
                     391.3                        10.92
                     396.1                        11.01
                     401.0                        11.10
                     405.9                        11.19
                     410.8                        11.28
                     415.6                        11.37
                     420.5                        11.46
                     425.4                        11.55
                     430.3                        11.64
                     435.1                        11.73
                     440.0                        11.82
                     444.9                        11.91
                     449.8                        12.00
                     454.6                        12.09
                     459.5                        12.18
                     464.4                        12.26
                     469.3                        12.35
                     474.1                        12.44
                     479.0                        12.53
                     483.9                        12.62
                     488.8                        12.71
                     493.6                        12.79
                     498.5                        12.88
                     503.4                        12.97
                     508.3                        13.05
                     513.1                        13.14
                     518.0                        13.23
                     522.9                        13.32
                     527.8                        13.40
                     532.6                        13.49
                     537.5                        13.58
                     542.4                        13.66
                     547.3                        13.75
                     552.1                        13.83
                     557.0                        13.92
                     561.9                        14.01
                     566.8                        14.09
                     571.6                        14.18
                     576.5                        14.26
                     581.4                        14.35
                     586.3                        14.43
                     591.1                        14.52
                     596.0                        14.60
                     600.9                        14.69
                     605.8                        14.77
                     610.6                        14.86
                     615.5                        14.94
                     620.4                        15.03
                     625.3                        15.11
                     630.1                        15.19
                     635.0                        15.28
                     639.9                        15.36
                     644.8                        15.45
                     649.6                        15.53
                     654.5                        15.61
                     659.4                        15.70
                     664.3                        15.78
                     669.1                        15.86
                     674.0                        15.95
                     678.9                        16.03
                     683.8                        16.11
                     688.6                        16.19
                     693.5                        16.28
                     698.4                        16.36
                     703.3                        16.44
                     708.1                        16.52
                     713.0                        16.61
                     717.9                        16.69
                     722.8                        16.77
                     727.6                        16.85
                     732.5                        16.94
                     737.4                        17.02
                     742.3                        17.10
                     747.1                        17.18
                     752.0                        17.26
                     756.9                        17.34
                     761.8                        17.43
                     766.6                        17.51
                     771.5                        17.59
                     776.4                        17.67
                     781.3                        17.75
                     786.1                        17.83
                     791.0                        17.91
                     795.9                        17.99
                     800.8                        18.07
                     805.6                        18.15
                     810.5                        18.23
                     815.4                        18.32
                     820.3                        18.40
                     825.1                        18.48
                     830.0                        18.56
                     834.9                        18.64
                     839.8                        18.72
                     844.6                        18.80
                     849.5                        18.88
                     854.4                        18.96
                     859.3                        19.04
                     864.1                        19.12
                     869.0                        19.20
                     873.9                        19.27
                     878.8                        19.35
                     883.6                        19.43
                     888.5                        19.51
                     893.4                        19.59
                     898.3                        19.67
                     903.1                        19.75
                     908.0                        19.83
                     912.9                        19.91
                     917.8                        19.99
                     922.6                        20.07
                     927.5                        20.14
                     932.4                        20.22
                     937.3                        20.30
                     942.1                        20.38
                     947.0                        20.46
                     951.9                        20.54
                     956.8                        20.62
                     961.6                        20.69
                     966.5                        20.77
                     971.4                        20.85
                     976.3                        20.93
                     981.1                        21.01
                     986.0                        21.08
                     990.9                        21.16
                     995.8                        21.24
                    1000.6                        21.32
                    1005.5                        21.40
                    1010.4                        21.47
                    1015.3                        21.55
                    1020.1                        21.63
                    1025.0                        21.71
                    1029.9                        21.78
                    1034.8                        21.86
                    1039.6                        21.94
                    1044.5                        22.02
                    1049.4                        22.09
                    1054.3                        22.17
                    1059.1                        22.25
                    1064.0                        22.32
                    1068.9                        22.40
                    1073.8                        22.48
                    1078.6                        22.55
                    1083.5                        22.63
                    1088.4                        22.71
                    1093.3                        22.78
                    1098.1                        22.86
                    1103.0                        22.94
                    1107.9                        23.01
                    1112.8                        23.09
                    1117.6                        23.17
                    1122.5                        23.24
                    1127.4                        23.32
                    1132.3                        23.40
                    1137.1                        23.47
                    1142.0                        23.55
                    1146.9                        23.62
                    1151.8                        23.70
                    1156.6                        23.78
                    1161.5                        23.85
                    1166.4                        23.93
                    1171.3                        24.00
                    1176.1                        24.08
                    1181.0                        24.15
                    1185.9                        24.23
                    1190.8                        24.31
                    1195.6                        24.38
                    1200.5                        24.46
                    1205.4                        24.53
                    1210.3                        24.61
                    1215.1                        24.68
                    1220.0                        24.76
                    1224.9                        24.83
                    1229.8                        24.91
                    1234.6                        24.98
                    1239.5                        25.06
                    1244.4                        25.13
                    1249.3                        25.21
                    1254.1                        25.28
                    1259.0                        25.36
                    1263.9                        25.43
                    1268.8                        25.51
                    1273.6                        25.58
                    1278.5                        25.66
                    1283.4                        25.73
                    1288.3                        25.81
                    1293.1                        25.88
                    1298.0                        25.95
                    1302.9                        26.03
                    1307.8                        26.10
                    1312.6                        26.18
                    1317.5                        26.25
                    1322.4                        26.33
                    1327.3                        26.40
                    1332.1                        26.48
                    1337.0                        26.55
                    1341.9                        26.62
                    1346.8                        26.70
                    1351.6                        26.77
                    1356.5                        26.85
                    1361.4                        26.92
                    1366.3                        26.99
                    1371.1                        27.07
                    1376.0                        27.14
                    1380.9                        27.21
                    1385.8                        27.29
                    1390.6                        27.36
                    1395.5                        27.44
                    1400.4                        27.51
                    1405.3                        27.58
                    1410.1                        27.66
                    1415.0                        27.73
                    1419.9                        27.80
                    1424.8                        27.88
                    1429.6                        27.95
                    1434.5                        28.02
                    1439.4                        28.10
                    1444.3                        28.17
                    1449.1                        28.24
                    1454.0                        28.32
                    1458.9                        28.39
                    1463.8                        28.46
                    1468.6                        28.54
                    1473.5                        28.61
                    1478.4                        28.68
                    1483.3                        28.75
                    1488.1                        28.83
                    1493.0                        28.90
                    1497.9                        28.97
                    1502.8                        29.05
                    1507.6                        29.12
                    1512.5                        29.19
                    1517.4                        29.26
                    1522.3                        29.34
                    1527.1                        29.41
                    1532.0                        29.48
                    1536.9                        29.55
                    1541.8                        29.63
                    1546.6                        29.70
                    1551.5                        29.77
                    1556.4                        29.84
                    1561.3                        29.92
                    1566.1                        29.99
                    1571.0                        30.06
                    1575.9                        30.13
                    1580.8                        30.20
                    1585.6                        30.28
                    1590.5                        30.35
                    1595.4                        30.42
                    1600.3                        30.49
                    1605.1                        30.56
                    1610.0                        30.64
                    1614.9                        30.71
                    1619.8                        30.78
                    1624.6                        30.85
                    1629.5                        30.92
                    1634.4                        31.00
                    1639.3                        31.07
                    1644.1                        31.14
                    1649.0                        31.21
                    1653.9                        31.28
                    1658.8                        31.35
                    1663.6                        31.43
                    1668.5                        31.50
                    1673.4                        31.57
                    1678.3                        31.64
                    1683.1                        31.71
                    1688.0                        31.78
                    1692.9                        31.85
                    1697.8                        31.93
                    1702.6                        32.00
                    1707.5                        32.07
                    1712.4                        32.14
                    1717.3                        32.21
                    1722.1                        32.28
                    1727.0                        32.35
                    1731.9                        32.42
                    1736.8                        32.50
                    1741.6                        32.57
                    1746.5                        32.64
                    1751.4                        32.71
                    1756.3                        32.78
                    1761.1                        32.85
                    1766.0                        32.92
                    1770.9                        32.99
                    1775.8                        33.06
                    1780.6                        33.13
                    1785.5                        33.20
                    1790.4                        33.28
                    1795.3                        33.35
                    1800.1                        33.42
                    1805.0                        33.49
                    1809.9                        33.56
                    1814.8                        33.63
                    1819.6                        33.70
                    1824.5                        33.77
                    1829.4                        33.84
                    1834.3                        33.91
                    1839.1                        33.98
                    1844.0                        34.05
                    1848.9                        34.12
                    1853.8                        34.19
                    1858.6                        34.26
                    1863.5                        34.33
                    1868.4                        34.40
                    1873.3                        34.47
                    1878.1                        34.54
                    1883.0                        34.61
                    1887.9                        34.68
                    1892.8                        34.75
                    1897.6                        34.82
                    1902.5                        34.89
                    1907.4                        34.96
                    1912.3                        35.03
                    1917.1                        35.10
                    1922.0                        35.17
                    1926.9                        35.24
                    1931.8                        35.31
                    1936.6                        35.38
                    1941.5                        35.45
                    1946.4                        35.52
                    1951.3                        35.59
                    1956.1                        35.66
                    1961.0                        35.73
                    1965.9                        35.80
                    1970.8                        35.87
                    1975.6                        35.94
                    1980.5                        36.01
                    1985.4                        36.08
                    1990.3                        36.15
                    1995.1                        36.22
                    2000.0                        36.29
