
ELEMENT:
                                      Ge

SOURCE:
                      Elastic peak electron spectroscopy
                                       
           IMFPs determined from the intensity of the elastic peak
       Multiple elastic scattering simulated by the Monte Carlo method

COMMENT:
                     Gergely et al., Vacuum 48 (1997) 621

ATOMIC WEIGHT:                72.61000

DENSITY:                       5.3234 g/cm**3

TABULATION:

______________________________________________________________________________

                    Energy                         IMFP
                      eV                        Angstroms
______________________________________________________________________________
                     100.0                         4.76
                     112.3                         5.13
                     124.5                         5.48
                     136.8                         5.82
                     149.0                         6.15
                     161.3                         6.47
                     173.5                         6.78
                     185.8                         7.08
                     198.0                         7.38
                     210.3                         7.66
                     222.5                         7.95
                     234.8                         8.22
                     247.0                         8.50
                     259.3                         8.76
                     271.5                         9.03
                     283.8                         9.29
                     296.0                         9.54
                     308.3                         9.79
                     320.5                        10.04
                     332.8                        10.28
                     345.0                        10.52
                     357.3                        10.76
                     369.5                        11.00
                     381.8                        11.23
                     394.0                        11.46
                     406.3                        11.68
                     418.5                        11.91
                     430.8                        12.13
                     443.0                        12.35
                     455.3                        12.57
                     467.5                        12.78
                     479.8                        13.00
                     492.0                        13.21
                     504.3                        13.42
                     516.5                        13.62
                     528.8                        13.83
                     541.0                        14.03
                     553.3                        14.24
                     565.5                        14.44
                     577.8                        14.64
                     590.0                        14.83
                     602.3                        15.03
                     614.5                        15.23
                     626.8                        15.42
                     639.0                        15.61
                     651.3                        15.80
                     663.5                        15.99
                     675.8                        16.18
                     688.0                        16.37
                     700.3                        16.55
                     712.5                        16.74
                     724.8                        16.92
                     737.0                        17.10
                     749.3                        17.29
                     761.5                        17.47
                     773.8                        17.65
                     786.0                        17.82
                     798.3                        18.00
                     810.5                        18.18
                     822.8                        18.35
                     835.0                        18.53
                     847.3                        18.70
                     859.5                        18.87
                     871.8                        19.05
                     884.0                        19.22
                     896.3                        19.39
                     908.5                        19.56
                     920.8                        19.72
                     933.0                        19.89
                     945.3                        20.06
                     957.5                        20.22
                     969.8                        20.39
                     982.0                        20.55
                     994.3                        20.72
                    1006.5                        20.88
                    1018.8                        21.04
                    1031.0                        21.20
                    1043.3                        21.37
                    1055.5                        21.53
                    1067.8                        21.69
                    1080.0                        21.84
                    1092.3                        22.00
                    1104.5                        22.16
                    1116.8                        22.32
                    1129.0                        22.47
                    1141.3                        22.63
                    1153.5                        22.78
                    1165.8                        22.94
                    1178.0                        23.09
                    1190.3                        23.25
                    1202.5                        23.40
                    1214.8                        23.55
                    1227.0                        23.70
                    1239.3                        23.85
                    1251.5                        24.00
                    1263.8                        24.15
                    1276.0                        24.30
                    1288.3                        24.45
                    1300.5                        24.60
                    1312.8                        24.75
                    1325.0                        24.90
                    1337.3                        25.04
                    1349.5                        25.19
                    1361.8                        25.34
                    1374.0                        25.48
                    1386.3                        25.63
                    1398.5                        25.77
                    1410.8                        25.92
                    1423.0                        26.06
                    1435.3                        26.20
                    1447.5                        26.35
                    1459.8                        26.49
                    1472.0                        26.63
                    1484.3                        26.77
                    1496.5                        26.91
                    1508.8                        27.06
                    1521.0                        27.20
                    1533.3                        27.34
                    1545.5                        27.48
                    1557.8                        27.61
                    1570.0                        27.75
                    1582.3                        27.89
                    1594.5                        28.03
                    1606.8                        28.17
                    1619.0                        28.30
                    1631.3                        28.44
                    1643.5                        28.58
                    1655.8                        28.71
                    1668.0                        28.85
                    1680.3                        28.99
                    1692.5                        29.12
                    1704.8                        29.26
                    1717.0                        29.39
                    1729.3                        29.52
                    1741.5                        29.66
                    1753.8                        29.79
                    1766.0                        29.92
                    1778.3                        30.06
                    1790.5                        30.19
                    1802.8                        30.32
                    1815.0                        30.45
                    1827.3                        30.58
                    1839.5                        30.71
                    1851.8                        30.85
                    1864.0                        30.98
                    1876.3                        31.11
                    1888.5                        31.24
                    1900.8                        31.37
                    1913.0                        31.49
                    1925.3                        31.62
                    1937.5                        31.75
                    1949.8                        31.88
                    1962.0                        32.01
                    1974.3                        32.14
                    1986.5                        32.26
                    1998.8                        32.39
                    2011.0                        32.52
                    2023.3                        32.64
                    2035.5                        32.77
                    2047.8                        32.90
                    2060.0                        33.02
                    2072.3                        33.15
                    2084.5                        33.27
                    2096.8                        33.40
                    2109.0                        33.52
                    2121.3                        33.65
                    2133.5                        33.77
                    2145.8                        33.90
                    2158.0                        34.02
                    2170.3                        34.14
                    2182.5                        34.27
                    2194.8                        34.39
                    2207.0                        34.51
                    2219.3                        34.63
                    2231.5                        34.76
                    2243.8                        34.88
                    2256.0                        35.00
                    2268.3                        35.12
                    2280.5                        35.24
                    2292.8                        35.36
                    2305.0                        35.49
                    2317.3                        35.61
                    2329.5                        35.73
                    2341.8                        35.85
                    2354.0                        35.97
                    2366.3                        36.09
                    2378.5                        36.21
                    2390.8                        36.32
                    2403.0                        36.44
                    2415.3                        36.56
                    2427.5                        36.68
                    2439.8                        36.80
                    2452.0                        36.92
                    2464.3                        37.04
                    2476.5                        37.15
                    2488.8                        37.27
                    2501.0                        37.39
                    2513.3                        37.51
                    2525.5                        37.62
                    2537.8                        37.74
                    2550.0                        37.86
                    2562.3                        37.97
                    2574.5                        38.09
                    2586.8                        38.20
                    2599.0                        38.32
                    2611.3                        38.43
                    2623.5                        38.55
                    2635.8                        38.67
                    2648.0                        38.78
                    2660.3                        38.89
                    2672.5                        39.01
                    2684.8                        39.12
                    2697.0                        39.24
                    2709.3                        39.35
                    2721.5                        39.47
                    2733.8                        39.58
                    2746.0                        39.69
                    2758.3                        39.81
                    2770.5                        39.92
                    2782.8                        40.03
                    2795.0                        40.14
                    2807.3                        40.26
                    2819.5                        40.37
                    2831.8                        40.48
                    2844.0                        40.59
                    2856.3                        40.71
                    2868.5                        40.82
                    2880.8                        40.93
                    2893.0                        41.04
                    2905.3                        41.15
                    2917.5                        41.26
                    2929.8                        41.37
                    2942.0                        41.48
                    2954.3                        41.59
                    2966.5                        41.70
                    2978.8                        41.81
                    2991.0                        41.92
                    3003.3                        42.03
                    3015.5                        42.14
                    3027.8                        42.25
                    3040.0                        42.36
                    3052.3                        42.47
                    3064.5                        42.58
                    3076.8                        42.69
                    3089.0                        42.80
                    3101.3                        42.91
                    3113.5                        43.01
                    3125.8                        43.12
                    3138.0                        43.23
                    3150.3                        43.34
                    3162.5                        43.45
                    3174.8                        43.55
                    3187.0                        43.66
                    3199.3                        43.77
                    3211.5                        43.88
                    3223.8                        43.98
                    3236.0                        44.09
                    3248.3                        44.20
                    3260.5                        44.30
                    3272.8                        44.41
                    3285.0                        44.52
                    3297.3                        44.62
                    3309.5                        44.73
                    3321.8                        44.83
                    3334.0                        44.94
                    3346.3                        45.05
                    3358.5                        45.15
                    3370.8                        45.26
                    3383.0                        45.36
                    3395.3                        45.47
                    3407.5                        45.57
                    3419.8                        45.68
                    3432.0                        45.78
                    3444.3                        45.89
                    3456.5                        45.99
                    3468.8                        46.09
                    3481.0                        46.20
                    3493.3                        46.30
                    3505.5                        46.41
                    3517.8                        46.51
                    3530.0                        46.61
                    3542.3                        46.72
                    3554.5                        46.82
                    3566.8                        46.92
                    3579.0                        47.03
                    3591.3                        47.13
                    3603.5                        47.23
                    3615.8                        47.34
                    3628.0                        47.44
                    3640.3                        47.54
                    3652.5                        47.64
                    3664.8                        47.75
                    3677.0                        47.85
                    3689.3                        47.95
                    3701.5                        48.05
                    3713.8                        48.15
                    3726.0                        48.25
                    3738.3                        48.36
                    3750.5                        48.46
                    3762.8                        48.56
                    3775.0                        48.66
                    3787.3                        48.76
                    3799.5                        48.86
                    3811.8                        48.96
                    3824.0                        49.06
                    3836.3                        49.16
                    3848.5                        49.26
                    3860.8                        49.36
                    3873.0                        49.46
                    3885.3                        49.56
                    3897.5                        49.66
                    3909.8                        49.76
                    3922.0                        49.86
                    3934.3                        49.96
                    3946.5                        50.06
                    3958.8                        50.16
                    3971.0                        50.26
                    3983.3                        50.36
                    3995.5                        50.46
                    4007.8                        50.56
                    4020.0                        50.66
                    4032.3                        50.76
                    4044.5                        50.85
                    4056.8                        50.95
                    4069.0                        51.05
                    4081.3                        51.15
                    4093.5                        51.25
                    4105.8                        51.35
                    4118.0                        51.44
                    4130.3                        51.54
                    4142.5                        51.64
                    4154.8                        51.74
                    4167.0                        51.84
                    4179.3                        51.93
                    4191.5                        52.03
                    4203.8                        52.13
                    4216.0                        52.22
                    4228.3                        52.32
                    4240.5                        52.42
                    4252.8                        52.52
                    4265.0                        52.61
                    4277.3                        52.71
                    4289.5                        52.81
                    4301.8                        52.90
                    4314.0                        53.00
                    4326.3                        53.09
                    4338.5                        53.19
                    4350.8                        53.29
                    4363.0                        53.38
                    4375.3                        53.48
                    4387.5                        53.57
                    4399.8                        53.67
                    4412.0                        53.77
                    4424.3                        53.86
                    4436.5                        53.96
                    4448.8                        54.05
                    4461.0                        54.15
                    4473.3                        54.24
                    4485.5                        54.34
                    4497.8                        54.43
                    4510.0                        54.53
                    4522.3                        54.62
                    4534.5                        54.72
                    4546.8                        54.81
                    4559.0                        54.91
                    4571.3                        55.00
                    4583.5                        55.09
                    4595.8                        55.19
                    4608.0                        55.28
                    4620.3                        55.38
                    4632.5                        55.47
                    4644.8                        55.56
                    4657.0                        55.66
                    4669.3                        55.75
                    4681.5                        55.85
                    4693.8                        55.94
                    4706.0                        56.03
                    4718.3                        56.13
                    4730.5                        56.22
                    4742.8                        56.31
                    4755.0                        56.40
                    4767.3                        56.50
                    4779.5                        56.59
                    4791.8                        56.68
                    4804.0                        56.78
                    4816.3                        56.87
                    4828.5                        56.96
                    4840.8                        57.05
                    4853.0                        57.15
                    4865.3                        57.24
                    4877.5                        57.33
                    4889.8                        57.42
                    4902.0                        57.51
                    4914.3                        57.61
                    4926.5                        57.70
                    4938.8                        57.79
                    4951.0                        57.88
                    4963.3                        57.97
                    4975.5                        58.07
                    4987.8                        58.16
                    5000.0                        58.25
