
ELEMENT:
                                      Se

SOURCE:
                           Tanuma, Powell and Penn
                    Surface Interface Anal. 21 (1994) 165.
                 IMFP values determined from TPP-2M equation
                                       

COMMENT:
                Alpha selenium (density equal to 4.39 g/cm**3)

ATOMIC WEIGHT:                78.96000

DENSITY:                       4.3900 g/cm**3

TABULATION:

______________________________________________________________________________

                    Energy                         IMFP
                      eV                        Angstroms
______________________________________________________________________________
                      50.0                         4.41
                      54.9                         4.49
                      59.8                         4.56
                      64.6                         4.63
                      69.5                         4.70
                      74.4                         4.77
                      79.3                         4.85
                      84.1                         4.94
                      89.0                         5.02
                      93.9                         5.11
                      98.8                         5.20
                     103.6                         5.29
                     108.5                         5.39
                     113.4                         5.48
                     118.3                         5.58
                     123.1                         5.68
                     128.0                         5.78
                     132.9                         5.88
                     137.8                         5.98
                     142.6                         6.08
                     147.5                         6.18
                     152.4                         6.28
                     157.3                         6.38
                     162.1                         6.48
                     167.0                         6.58
                     171.9                         6.68
                     176.8                         6.78
                     181.6                         6.89
                     186.5                         6.99
                     191.4                         7.09
                     196.3                         7.19
                     201.1                         7.29
                     206.0                         7.39
                     210.9                         7.49
                     215.8                         7.59
                     220.6                         7.69
                     225.5                         7.79
                     230.4                         7.89
                     235.3                         7.99
                     240.1                         8.09
                     245.0                         8.19
                     249.9                         8.29
                     254.8                         8.39
                     259.6                         8.49
                     264.5                         8.59
                     269.4                         8.69
                     274.3                         8.79
                     279.1                         8.89
                     284.0                         8.99
                     288.9                         9.08
                     293.8                         9.18
                     298.6                         9.28
                     303.5                         9.38
                     308.4                         9.47
                     313.3                         9.57
                     318.1                         9.67
                     323.0                         9.77
                     327.9                         9.86
                     332.8                         9.96
                     337.6                        10.06
                     342.5                        10.15
                     347.4                        10.25
                     352.3                        10.34
                     357.1                        10.44
                     362.0                        10.53
                     366.9                        10.63
                     371.8                        10.73
                     376.6                        10.82
                     381.5                        10.92
                     386.4                        11.01
                     391.3                        11.10
                     396.1                        11.20
                     401.0                        11.29
                     405.9                        11.39
                     410.8                        11.48
                     415.6                        11.58
                     420.5                        11.67
                     425.4                        11.76
                     430.3                        11.86
                     435.1                        11.95
                     440.0                        12.04
                     444.9                        12.13
                     449.8                        12.23
                     454.6                        12.32
                     459.5                        12.41
                     464.4                        12.50
                     469.3                        12.60
                     474.1                        12.69
                     479.0                        12.78
                     483.9                        12.87
                     488.8                        12.96
                     493.6                        13.06
                     498.5                        13.15
                     503.4                        13.24
                     508.3                        13.33
                     513.1                        13.42
                     518.0                        13.51
                     522.9                        13.60
                     527.8                        13.69
                     532.6                        13.78
                     537.5                        13.87
                     542.4                        13.96
                     547.3                        14.05
                     552.1                        14.14
                     557.0                        14.23
                     561.9                        14.32
                     566.8                        14.41
                     571.6                        14.50
                     576.5                        14.59
                     581.4                        14.68
                     586.3                        14.77
                     591.1                        14.86
                     596.0                        14.95
                     600.9                        15.04
                     605.8                        15.13
                     610.6                        15.22
                     615.5                        15.30
                     620.4                        15.39
                     625.3                        15.48
                     630.1                        15.57
                     635.0                        15.66
                     639.9                        15.75
                     644.8                        15.83
                     649.6                        15.92
                     654.5                        16.01
                     659.4                        16.10
                     664.3                        16.18
                     669.1                        16.27
                     674.0                        16.36
                     678.9                        16.45
                     683.8                        16.53
                     688.6                        16.62
                     693.5                        16.71
                     698.4                        16.80
                     703.3                        16.88
                     708.1                        16.97
                     713.0                        17.06
                     717.9                        17.14
                     722.8                        17.23
                     727.6                        17.31
                     732.5                        17.40
                     737.4                        17.49
                     742.3                        17.57
                     747.1                        17.66
                     752.0                        17.75
                     756.9                        17.83
                     761.8                        17.92
                     766.6                        18.00
                     771.5                        18.09
                     776.4                        18.17
                     781.3                        18.26
                     786.1                        18.34
                     791.0                        18.43
                     795.9                        18.52
                     800.8                        18.60
                     805.6                        18.69
                     810.5                        18.77
                     815.4                        18.86
                     820.3                        18.94
                     825.1                        19.02
                     830.0                        19.11
                     834.9                        19.19
                     839.8                        19.28
                     844.6                        19.36
                     849.5                        19.45
                     854.4                        19.53
                     859.3                        19.62
                     864.1                        19.70
                     869.0                        19.78
                     873.9                        19.87
                     878.8                        19.95
                     883.6                        20.04
                     888.5                        20.12
                     893.4                        20.20
                     898.3                        20.29
                     903.1                        20.37
                     908.0                        20.45
                     912.9                        20.54
                     917.8                        20.62
                     922.6                        20.70
                     927.5                        20.79
                     932.4                        20.87
                     937.3                        20.95
                     942.1                        21.04
                     947.0                        21.12
                     951.9                        21.20
                     956.8                        21.29
                     961.6                        21.37
                     966.5                        21.45
                     971.4                        21.53
                     976.3                        21.62
                     981.1                        21.70
                     986.0                        21.78
                     990.9                        21.86
                     995.8                        21.95
                    1000.6                        22.03
                    1005.5                        22.11
                    1010.4                        22.19
                    1015.3                        22.28
                    1020.1                        22.36
                    1025.0                        22.44
                    1029.9                        22.52
                    1034.8                        22.60
                    1039.6                        22.69
                    1044.5                        22.77
                    1049.4                        22.85
                    1054.3                        22.93
                    1059.1                        23.01
                    1064.0                        23.09
                    1068.9                        23.18
                    1073.8                        23.26
                    1078.6                        23.34
                    1083.5                        23.42
                    1088.4                        23.50
                    1093.3                        23.58
                    1098.1                        23.66
                    1103.0                        23.74
                    1107.9                        23.83
                    1112.8                        23.91
                    1117.6                        23.99
                    1122.5                        24.07
                    1127.4                        24.15
                    1132.3                        24.23
                    1137.1                        24.31
                    1142.0                        24.39
                    1146.9                        24.47
                    1151.8                        24.55
                    1156.6                        24.63
                    1161.5                        24.71
                    1166.4                        24.79
                    1171.3                        24.87
                    1176.1                        24.95
                    1181.0                        25.04
                    1185.9                        25.12
                    1190.8                        25.20
                    1195.6                        25.28
                    1200.5                        25.36
                    1205.4                        25.44
                    1210.3                        25.52
                    1215.1                        25.60
                    1220.0                        25.68
                    1224.9                        25.76
                    1229.8                        25.84
                    1234.6                        25.92
                    1239.5                        25.99
                    1244.4                        26.07
                    1249.3                        26.15
                    1254.1                        26.23
                    1259.0                        26.31
                    1263.9                        26.39
                    1268.8                        26.47
                    1273.6                        26.55
                    1278.5                        26.63
                    1283.4                        26.71
                    1288.3                        26.79
                    1293.1                        26.87
                    1298.0                        26.95
                    1302.9                        27.03
                    1307.8                        27.11
                    1312.6                        27.18
                    1317.5                        27.26
                    1322.4                        27.34
                    1327.3                        27.42
                    1332.1                        27.50
                    1337.0                        27.58
                    1341.9                        27.66
                    1346.8                        27.74
                    1351.6                        27.82
                    1356.5                        27.89
                    1361.4                        27.97
                    1366.3                        28.05
                    1371.1                        28.13
                    1376.0                        28.21
                    1380.9                        28.29
                    1385.8                        28.37
                    1390.6                        28.44
                    1395.5                        28.52
                    1400.4                        28.60
                    1405.3                        28.68
                    1410.1                        28.76
                    1415.0                        28.83
                    1419.9                        28.91
                    1424.8                        28.99
                    1429.6                        29.07
                    1434.5                        29.15
                    1439.4                        29.22
                    1444.3                        29.30
                    1449.1                        29.38
                    1454.0                        29.46
                    1458.9                        29.54
                    1463.8                        29.61
                    1468.6                        29.69
                    1473.5                        29.77
                    1478.4                        29.85
                    1483.3                        29.92
                    1488.1                        30.00
                    1493.0                        30.08
                    1497.9                        30.16
                    1502.8                        30.23
                    1507.6                        30.31
                    1512.5                        30.39
                    1517.4                        30.47
                    1522.3                        30.54
                    1527.1                        30.62
                    1532.0                        30.70
                    1536.9                        30.78
                    1541.8                        30.85
                    1546.6                        30.93
                    1551.5                        31.01
                    1556.4                        31.08
                    1561.3                        31.16
                    1566.1                        31.24
                    1571.0                        31.32
                    1575.9                        31.39
                    1580.8                        31.47
                    1585.6                        31.55
                    1590.5                        31.62
                    1595.4                        31.70
                    1600.3                        31.78
                    1605.1                        31.85
                    1610.0                        31.93
                    1614.9                        32.01
                    1619.8                        32.08
                    1624.6                        32.16
                    1629.5                        32.24
                    1634.4                        32.31
                    1639.3                        32.39
                    1644.1                        32.47
                    1649.0                        32.54
                    1653.9                        32.62
                    1658.8                        32.69
                    1663.6                        32.77
                    1668.5                        32.85
                    1673.4                        32.92
                    1678.3                        33.00
                    1683.1                        33.08
                    1688.0                        33.15
                    1692.9                        33.23
                    1697.8                        33.30
                    1702.6                        33.38
                    1707.5                        33.46
                    1712.4                        33.53
                    1717.3                        33.61
                    1722.1                        33.68
                    1727.0                        33.76
                    1731.9                        33.84
                    1736.8                        33.91
                    1741.6                        33.99
                    1746.5                        34.06
                    1751.4                        34.14
                    1756.3                        34.22
                    1761.1                        34.29
                    1766.0                        34.37
                    1770.9                        34.44
                    1775.8                        34.52
                    1780.6                        34.59
                    1785.5                        34.67
                    1790.4                        34.74
                    1795.3                        34.82
                    1800.1                        34.90
                    1805.0                        34.97
                    1809.9                        35.05
                    1814.8                        35.12
                    1819.6                        35.20
                    1824.5                        35.27
                    1829.4                        35.35
                    1834.3                        35.42
                    1839.1                        35.50
                    1844.0                        35.57
                    1848.9                        35.65
                    1853.8                        35.72
                    1858.6                        35.80
                    1863.5                        35.87
                    1868.4                        35.95
                    1873.3                        36.02
                    1878.1                        36.10
                    1883.0                        36.17
                    1887.9                        36.25
                    1892.8                        36.32
                    1897.6                        36.40
                    1902.5                        36.47
                    1907.4                        36.55
                    1912.3                        36.62
                    1917.1                        36.70
                    1922.0                        36.77
                    1926.9                        36.85
                    1931.8                        36.92
                    1936.6                        37.00
                    1941.5                        37.07
                    1946.4                        37.15
                    1951.3                        37.22
                    1956.1                        37.29
                    1961.0                        37.37
                    1965.9                        37.44
                    1970.8                        37.52
                    1975.6                        37.59
                    1980.5                        37.67
                    1985.4                        37.74
                    1990.3                        37.82
                    1995.1                        37.89
                    2000.0                        37.96
