
ELEMENT:
                                      Se

SOURCE:
                           Tanuma, Powell and Penn
                    Surface Interface Anal. 21 (1994) 165.
                 IMFP values determined from TPP-2M equation
                                       

COMMENT:
              Vitreous selenium (density equal to 4.28 g/cm**3)

ATOMIC WEIGHT:                78.96000

DENSITY:                       4.2800 g/cm**3

TABULATION:

______________________________________________________________________________

                    Energy                         IMFP
                      eV                        Angstroms
______________________________________________________________________________
                      50.0                         4.40
                      54.9                         4.48
                      59.8                         4.55
                      64.6                         4.62
                      69.5                         4.70
                      74.4                         4.78
                      79.3                         4.86
                      84.1                         4.95
                      89.0                         5.03
                      93.9                         5.12
                      98.8                         5.22
                     103.6                         5.31
                     108.5                         5.41
                     113.4                         5.51
                     118.3                         5.60
                     123.1                         5.70
                     128.0                         5.80
                     132.9                         5.90
                     137.8                         6.01
                     142.6                         6.11
                     147.5                         6.21
                     152.4                         6.31
                     157.3                         6.41
                     162.1                         6.52
                     167.0                         6.62
                     171.9                         6.72
                     176.8                         6.82
                     181.6                         6.92
                     186.5                         7.03
                     191.4                         7.13
                     196.3                         7.23
                     201.1                         7.33
                     206.0                         7.44
                     210.9                         7.54
                     215.8                         7.64
                     220.6                         7.74
                     225.5                         7.84
                     230.4                         7.94
                     235.3                         8.05
                     240.1                         8.15
                     245.0                         8.25
                     249.9                         8.35
                     254.8                         8.45
                     259.6                         8.55
                     264.5                         8.65
                     269.4                         8.75
                     274.3                         8.85
                     279.1                         8.95
                     284.0                         9.05
                     288.9                         9.15
                     293.8                         9.25
                     298.6                         9.34
                     303.5                         9.44
                     308.4                         9.54
                     313.3                         9.64
                     318.1                         9.74
                     323.0                         9.84
                     327.9                         9.93
                     332.8                        10.03
                     337.6                        10.13
                     342.5                        10.23
                     347.4                        10.32
                     352.3                        10.42
                     357.1                        10.52
                     362.0                        10.61
                     366.9                        10.71
                     371.8                        10.80
                     376.6                        10.90
                     381.5                        11.00
                     386.4                        11.09
                     391.3                        11.19
                     396.1                        11.28
                     401.0                        11.38
                     405.9                        11.47
                     410.8                        11.57
                     415.6                        11.66
                     420.5                        11.76
                     425.4                        11.85
                     430.3                        11.95
                     435.1                        12.04
                     440.0                        12.13
                     444.9                        12.23
                     449.8                        12.32
                     454.6                        12.41
                     459.5                        12.51
                     464.4                        12.60
                     469.3                        12.69
                     474.1                        12.79
                     479.0                        12.88
                     483.9                        12.97
                     488.8                        13.07
                     493.6                        13.16
                     498.5                        13.25
                     503.4                        13.34
                     508.3                        13.43
                     513.1                        13.53
                     518.0                        13.62
                     522.9                        13.71
                     527.8                        13.80
                     532.6                        13.89
                     537.5                        13.98
                     542.4                        14.07
                     547.3                        14.17
                     552.1                        14.26
                     557.0                        14.35
                     561.9                        14.44
                     566.8                        14.53
                     571.6                        14.62
                     576.5                        14.71
                     581.4                        14.80
                     586.3                        14.89
                     591.1                        14.98
                     596.0                        15.07
                     600.9                        15.16
                     605.8                        15.25
                     610.6                        15.34
                     615.5                        15.43
                     620.4                        15.52
                     625.3                        15.61
                     630.1                        15.70
                     635.0                        15.78
                     639.9                        15.87
                     644.8                        15.96
                     649.6                        16.05
                     654.5                        16.14
                     659.4                        16.23
                     664.3                        16.32
                     669.1                        16.40
                     674.0                        16.49
                     678.9                        16.58
                     683.8                        16.67
                     688.6                        16.76
                     693.5                        16.84
                     698.4                        16.93
                     703.3                        17.02
                     708.1                        17.11
                     713.0                        17.20
                     717.9                        17.28
                     722.8                        17.37
                     727.6                        17.46
                     732.5                        17.54
                     737.4                        17.63
                     742.3                        17.72
                     747.1                        17.80
                     752.0                        17.89
                     756.9                        17.98
                     761.8                        18.07
                     766.6                        18.15
                     771.5                        18.24
                     776.4                        18.32
                     781.3                        18.41
                     786.1                        18.50
                     791.0                        18.58
                     795.9                        18.67
                     800.8                        18.75
                     805.6                        18.84
                     810.5                        18.93
                     815.4                        19.01
                     820.3                        19.10
                     825.1                        19.18
                     830.0                        19.27
                     834.9                        19.35
                     839.8                        19.44
                     844.6                        19.52
                     849.5                        19.61
                     854.4                        19.70
                     859.3                        19.78
                     864.1                        19.87
                     869.0                        19.95
                     873.9                        20.03
                     878.8                        20.12
                     883.6                        20.20
                     888.5                        20.29
                     893.4                        20.37
                     898.3                        20.46
                     903.1                        20.54
                     908.0                        20.63
                     912.9                        20.71
                     917.8                        20.79
                     922.6                        20.88
                     927.5                        20.96
                     932.4                        21.05
                     937.3                        21.13
                     942.1                        21.21
                     947.0                        21.30
                     951.9                        21.38
                     956.8                        21.47
                     961.6                        21.55
                     966.5                        21.63
                     971.4                        21.72
                     976.3                        21.80
                     981.1                        21.88
                     986.0                        21.97
                     990.9                        22.05
                     995.8                        22.13
                    1000.6                        22.22
                    1005.5                        22.30
                    1010.4                        22.38
                    1015.3                        22.47
                    1020.1                        22.55
                    1025.0                        22.63
                    1029.9                        22.71
                    1034.8                        22.80
                    1039.6                        22.88
                    1044.5                        22.96
                    1049.4                        23.04
                    1054.3                        23.13
                    1059.1                        23.21
                    1064.0                        23.29
                    1068.9                        23.37
                    1073.8                        23.46
                    1078.6                        23.54
                    1083.5                        23.62
                    1088.4                        23.70
                    1093.3                        23.78
                    1098.1                        23.87
                    1103.0                        23.95
                    1107.9                        24.03
                    1112.8                        24.11
                    1117.6                        24.19
                    1122.5                        24.27
                    1127.4                        24.36
                    1132.3                        24.44
                    1137.1                        24.52
                    1142.0                        24.60
                    1146.9                        24.68
                    1151.8                        24.76
                    1156.6                        24.84
                    1161.5                        24.93
                    1166.4                        25.01
                    1171.3                        25.09
                    1176.1                        25.17
                    1181.0                        25.25
                    1185.9                        25.33
                    1190.8                        25.41
                    1195.6                        25.49
                    1200.5                        25.57
                    1205.4                        25.66
                    1210.3                        25.74
                    1215.1                        25.82
                    1220.0                        25.90
                    1224.9                        25.98
                    1229.8                        26.06
                    1234.6                        26.14
                    1239.5                        26.22
                    1244.4                        26.30
                    1249.3                        26.38
                    1254.1                        26.46
                    1259.0                        26.54
                    1263.9                        26.62
                    1268.8                        26.70
                    1273.6                        26.78
                    1278.5                        26.86
                    1283.4                        26.94
                    1288.3                        27.02
                    1293.1                        27.10
                    1298.0                        27.18
                    1302.9                        27.26
                    1307.8                        27.34
                    1312.6                        27.42
                    1317.5                        27.50
                    1322.4                        27.58
                    1327.3                        27.66
                    1332.1                        27.74
                    1337.0                        27.82
                    1341.9                        27.90
                    1346.8                        27.98
                    1351.6                        28.06
                    1356.5                        28.14
                    1361.4                        28.22
                    1366.3                        28.30
                    1371.1                        28.37
                    1376.0                        28.45
                    1380.9                        28.53
                    1385.8                        28.61
                    1390.6                        28.69
                    1395.5                        28.77
                    1400.4                        28.85
                    1405.3                        28.93
                    1410.1                        29.01
                    1415.0                        29.09
                    1419.9                        29.17
                    1424.8                        29.24
                    1429.6                        29.32
                    1434.5                        29.40
                    1439.4                        29.48
                    1444.3                        29.56
                    1449.1                        29.64
                    1454.0                        29.72
                    1458.9                        29.79
                    1463.8                        29.87
                    1468.6                        29.95
                    1473.5                        30.03
                    1478.4                        30.11
                    1483.3                        30.19
                    1488.1                        30.27
                    1493.0                        30.34
                    1497.9                        30.42
                    1502.8                        30.50
                    1507.6                        30.58
                    1512.5                        30.66
                    1517.4                        30.73
                    1522.3                        30.81
                    1527.1                        30.89
                    1532.0                        30.97
                    1536.9                        31.05
                    1541.8                        31.12
                    1546.6                        31.20
                    1551.5                        31.28
                    1556.4                        31.36
                    1561.3                        31.44
                    1566.1                        31.51
                    1571.0                        31.59
                    1575.9                        31.67
                    1580.8                        31.75
                    1585.6                        31.82
                    1590.5                        31.90
                    1595.4                        31.98
                    1600.3                        32.06
                    1605.1                        32.13
                    1610.0                        32.21
                    1614.9                        32.29
                    1619.8                        32.37
                    1624.6                        32.44
                    1629.5                        32.52
                    1634.4                        32.60
                    1639.3                        32.68
                    1644.1                        32.75
                    1649.0                        32.83
                    1653.9                        32.91
                    1658.8                        32.98
                    1663.6                        33.06
                    1668.5                        33.14
                    1673.4                        33.21
                    1678.3                        33.29
                    1683.1                        33.37
                    1688.0                        33.45
                    1692.9                        33.52
                    1697.8                        33.60
                    1702.6                        33.68
                    1707.5                        33.75
                    1712.4                        33.83
                    1717.3                        33.91
                    1722.1                        33.98
                    1727.0                        34.06
                    1731.9                        34.14
                    1736.8                        34.21
                    1741.6                        34.29
                    1746.5                        34.37
                    1751.4                        34.44
                    1756.3                        34.52
                    1761.1                        34.59
                    1766.0                        34.67
                    1770.9                        34.75
                    1775.8                        34.82
                    1780.6                        34.90
                    1785.5                        34.98
                    1790.4                        35.05
                    1795.3                        35.13
                    1800.1                        35.20
                    1805.0                        35.28
                    1809.9                        35.36
                    1814.8                        35.43
                    1819.6                        35.51
                    1824.5                        35.59
                    1829.4                        35.66
                    1834.3                        35.74
                    1839.1                        35.81
                    1844.0                        35.89
                    1848.9                        35.96
                    1853.8                        36.04
                    1858.6                        36.12
                    1863.5                        36.19
                    1868.4                        36.27
                    1873.3                        36.34
                    1878.1                        36.42
                    1883.0                        36.50
                    1887.9                        36.57
                    1892.8                        36.65
                    1897.6                        36.72
                    1902.5                        36.80
                    1907.4                        36.87
                    1912.3                        36.95
                    1917.1                        37.02
                    1922.0                        37.10
                    1926.9                        37.17
                    1931.8                        37.25
                    1936.6                        37.33
                    1941.5                        37.40
                    1946.4                        37.48
                    1951.3                        37.55
                    1956.1                        37.63
                    1961.0                        37.70
                    1965.9                        37.78
                    1970.8                        37.85
                    1975.6                        37.93
                    1980.5                        38.00
                    1985.4                        38.08
                    1990.3                        38.15
                    1995.1                        38.23
                    2000.0                        38.30
