
ELEMENT:
                                      Y 

SOURCE:
                           Tanuma, Powell and Penn
                    Surface Interface Anal. 17 (1991) 911.
       IMFP values determined from optical data and a theoretical model
                                       

ATOMIC WEIGHT:                88.90585

DENSITY:                       4.4700 g/cm**3

TABULATION:

______________________________________________________________________________

                    Energy                         IMFP
                      eV                        Angstroms
______________________________________________________________________________
                      50.0                         4.96
                      54.9                         4.93
                      59.8                         4.93
                      64.6                         4.96
                      69.5                         5.00
                      74.4                         5.06
                      79.3                         5.12
                      84.1                         5.20
                      89.0                         5.28
                      93.9                         5.37
                      98.8                         5.46
                     103.6                         5.55
                     108.5                         5.65
                     113.4                         5.75
                     118.3                         5.85
                     123.1                         5.95
                     128.0                         6.06
                     132.9                         6.16
                     137.8                         6.27
                     142.6                         6.37
                     147.5                         6.48
                     152.4                         6.59
                     157.3                         6.69
                     162.1                         6.80
                     167.0                         6.91
                     171.9                         7.02
                     176.8                         7.12
                     181.6                         7.23
                     186.5                         7.34
                     191.4                         7.45
                     196.3                         7.56
                     201.1                         7.66
                     206.0                         7.77
                     210.9                         7.88
                     215.8                         7.99
                     220.6                         8.09
                     225.5                         8.20
                     230.4                         8.31
                     235.3                         8.41
                     240.1                         8.52
                     245.0                         8.63
                     249.9                         8.73
                     254.8                         8.84
                     259.6                         8.94
                     264.5                         9.05
                     269.4                         9.16
                     274.3                         9.26
                     279.1                         9.37
                     284.0                         9.47
                     288.9                         9.58
                     293.8                         9.68
                     298.6                         9.78
                     303.5                         9.89
                     308.4                         9.99
                     313.3                        10.10
                     318.1                        10.20
                     323.0                        10.30
                     327.9                        10.41
                     332.8                        10.51
                     337.6                        10.61
                     342.5                        10.72
                     347.4                        10.82
                     352.3                        10.92
                     357.1                        11.02
                     362.0                        11.12
                     366.9                        11.23
                     371.8                        11.33
                     376.6                        11.43
                     381.5                        11.53
                     386.4                        11.63
                     391.3                        11.73
                     396.1                        11.83
                     401.0                        11.93
                     405.9                        12.03
                     410.8                        12.13
                     415.6                        12.23
                     420.5                        12.33
                     425.4                        12.43
                     430.3                        12.53
                     435.1                        12.63
                     440.0                        12.73
                     444.9                        12.83
                     449.8                        12.93
                     454.6                        13.03
                     459.5                        13.13
                     464.4                        13.23
                     469.3                        13.32
                     474.1                        13.42
                     479.0                        13.52
                     483.9                        13.62
                     488.8                        13.72
                     493.6                        13.81
                     498.5                        13.91
                     503.4                        14.01
                     508.3                        14.11
                     513.1                        14.20
                     518.0                        14.30
                     522.9                        14.40
                     527.8                        14.49
                     532.6                        14.59
                     537.5                        14.69
                     542.4                        14.78
                     547.3                        14.88
                     552.1                        14.98
                     557.0                        15.07
                     561.9                        15.17
                     566.8                        15.26
                     571.6                        15.36
                     576.5                        15.45
                     581.4                        15.55
                     586.3                        15.64
                     591.1                        15.74
                     596.0                        15.83
                     600.9                        15.93
                     605.8                        16.02
                     610.6                        16.12
                     615.5                        16.21
                     620.4                        16.31
                     625.3                        16.40
                     630.1                        16.50
                     635.0                        16.59
                     639.9                        16.68
                     644.8                        16.78
                     649.6                        16.87
                     654.5                        16.97
                     659.4                        17.06
                     664.3                        17.15
                     669.1                        17.25
                     674.0                        17.34
                     678.9                        17.43
                     683.8                        17.53
                     688.6                        17.62
                     693.5                        17.71
                     698.4                        17.80
                     703.3                        17.90
                     708.1                        17.99
                     713.0                        18.08
                     717.9                        18.17
                     722.8                        18.27
                     727.6                        18.36
                     732.5                        18.45
                     737.4                        18.54
                     742.3                        18.63
                     747.1                        18.73
                     752.0                        18.82
                     756.9                        18.91
                     761.8                        19.00
                     766.6                        19.09
                     771.5                        19.18
                     776.4                        19.27
                     781.3                        19.37
                     786.1                        19.46
                     791.0                        19.55
                     795.9                        19.64
                     800.8                        19.73
                     805.6                        19.82
                     810.5                        19.91
                     815.4                        20.00
                     820.3                        20.09
                     825.1                        20.18
                     830.0                        20.27
                     834.9                        20.36
                     839.8                        20.45
                     844.6                        20.54
                     849.5                        20.63
                     854.4                        20.72
                     859.3                        20.81
                     864.1                        20.90
                     869.0                        20.99
                     873.9                        21.08
                     878.8                        21.17
                     883.6                        21.26
                     888.5                        21.35
                     893.4                        21.44
                     898.3                        21.53
                     903.1                        21.62
                     908.0                        21.71
                     912.9                        21.80
                     917.8                        21.89
                     922.6                        21.98
                     927.5                        22.06
                     932.4                        22.15
                     937.3                        22.24
                     942.1                        22.33
                     947.0                        22.42
                     951.9                        22.51
                     956.8                        22.60
                     961.6                        22.68
                     966.5                        22.77
                     971.4                        22.86
                     976.3                        22.95
                     981.1                        23.04
                     986.0                        23.13
                     990.9                        23.21
                     995.8                        23.30
                    1000.6                        23.39
                    1005.5                        23.48
                    1010.4                        23.56
                    1015.3                        23.65
                    1020.1                        23.74
                    1025.0                        23.83
                    1029.9                        23.91
                    1034.8                        24.00
                    1039.6                        24.09
                    1044.5                        24.18
                    1049.4                        24.26
                    1054.3                        24.35
                    1059.1                        24.44
                    1064.0                        24.53
                    1068.9                        24.61
                    1073.8                        24.70
                    1078.6                        24.79
                    1083.5                        24.87
                    1088.4                        24.96
                    1093.3                        25.05
                    1098.1                        25.13
                    1103.0                        25.22
                    1107.9                        25.31
                    1112.8                        25.39
                    1117.6                        25.48
                    1122.5                        25.57
                    1127.4                        25.65
                    1132.3                        25.74
                    1137.1                        25.82
                    1142.0                        25.91
                    1146.9                        26.00
                    1151.8                        26.08
                    1156.6                        26.17
                    1161.5                        26.25
                    1166.4                        26.34
                    1171.3                        26.43
                    1176.1                        26.51
                    1181.0                        26.60
                    1185.9                        26.68
                    1190.8                        26.77
                    1195.6                        26.85
                    1200.5                        26.94
                    1205.4                        27.02
                    1210.3                        27.11
                    1215.1                        27.20
                    1220.0                        27.28
                    1224.9                        27.37
                    1229.8                        27.45
                    1234.6                        27.54
                    1239.5                        27.62
                    1244.4                        27.71
                    1249.3                        27.79
                    1254.1                        27.88
                    1259.0                        27.96
                    1263.9                        28.05
                    1268.8                        28.13
                    1273.6                        28.22
                    1278.5                        28.30
                    1283.4                        28.38
                    1288.3                        28.47
                    1293.1                        28.55
                    1298.0                        28.64
                    1302.9                        28.72
                    1307.8                        28.81
                    1312.6                        28.89
                    1317.5                        28.98
                    1322.4                        29.06
                    1327.3                        29.14
                    1332.1                        29.23
                    1337.0                        29.31
                    1341.9                        29.40
                    1346.8                        29.48
                    1351.6                        29.56
                    1356.5                        29.65
                    1361.4                        29.73
                    1366.3                        29.82
                    1371.1                        29.90
                    1376.0                        29.98
                    1380.9                        30.07
                    1385.8                        30.15
                    1390.6                        30.24
                    1395.5                        30.32
                    1400.4                        30.40
                    1405.3                        30.49
                    1410.1                        30.57
                    1415.0                        30.65
                    1419.9                        30.74
                    1424.8                        30.82
                    1429.6                        30.90
                    1434.5                        30.99
                    1439.4                        31.07
                    1444.3                        31.15
                    1449.1                        31.24
                    1454.0                        31.32
                    1458.9                        31.40
                    1463.8                        31.48
                    1468.6                        31.57
                    1473.5                        31.65
                    1478.4                        31.73
                    1483.3                        31.82
                    1488.1                        31.90
                    1493.0                        31.98
                    1497.9                        32.06
                    1502.8                        32.15
                    1507.6                        32.23
                    1512.5                        32.31
                    1517.4                        32.40
                    1522.3                        32.48
                    1527.1                        32.56
                    1532.0                        32.64
                    1536.9                        32.73
                    1541.8                        32.81
                    1546.6                        32.89
                    1551.5                        32.97
                    1556.4                        33.05
                    1561.3                        33.14
                    1566.1                        33.22
                    1571.0                        33.30
                    1575.9                        33.38
                    1580.8                        33.47
                    1585.6                        33.55
                    1590.5                        33.63
                    1595.4                        33.71
                    1600.3                        33.79
                    1605.1                        33.88
                    1610.0                        33.96
                    1614.9                        34.04
                    1619.8                        34.12
                    1624.6                        34.20
                    1629.5                        34.28
                    1634.4                        34.37
                    1639.3                        34.45
                    1644.1                        34.53
                    1649.0                        34.61
                    1653.9                        34.69
                    1658.8                        34.77
                    1663.6                        34.86
                    1668.5                        34.94
                    1673.4                        35.02
                    1678.3                        35.10
                    1683.1                        35.18
                    1688.0                        35.26
                    1692.9                        35.34
                    1697.8                        35.42
                    1702.6                        35.51
                    1707.5                        35.59
                    1712.4                        35.67
                    1717.3                        35.75
                    1722.1                        35.83
                    1727.0                        35.91
                    1731.9                        35.99
                    1736.8                        36.07
                    1741.6                        36.15
                    1746.5                        36.24
                    1751.4                        36.32
                    1756.3                        36.40
                    1761.1                        36.48
                    1766.0                        36.56
                    1770.9                        36.64
                    1775.8                        36.72
                    1780.6                        36.80
                    1785.5                        36.88
                    1790.4                        36.96
                    1795.3                        37.04
                    1800.1                        37.12
                    1805.0                        37.20
                    1809.9                        37.28
                    1814.8                        37.36
                    1819.6                        37.44
                    1824.5                        37.53
                    1829.4                        37.61
                    1834.3                        37.69
                    1839.1                        37.77
                    1844.0                        37.85
                    1848.9                        37.93
                    1853.8                        38.01
                    1858.6                        38.09
                    1863.5                        38.17
                    1868.4                        38.25
                    1873.3                        38.33
                    1878.1                        38.41
                    1883.0                        38.49
                    1887.9                        38.57
                    1892.8                        38.65
                    1897.6                        38.73
                    1902.5                        38.81
                    1907.4                        38.89
                    1912.3                        38.97
                    1917.1                        39.05
                    1922.0                        39.13
                    1926.9                        39.21
                    1931.8                        39.29
                    1936.6                        39.37
                    1941.5                        39.45
                    1946.4                        39.53
                    1951.3                        39.61
                    1956.1                        39.68
                    1961.0                        39.76
                    1965.9                        39.84
                    1970.8                        39.92
                    1975.6                        40.00
                    1980.5                        40.08
                    1985.4                        40.16
                    1990.3                        40.24
                    1995.1                        40.32
                    2000.0                        40.40
