
ELEMENT:
                                      Nb

SOURCE:
                           Tanuma, Powell and Penn
                    Surface Interface Anal. 17 (1991) 911.
       IMFP values determined from optical data and a theoretical model
                                       

ATOMIC WEIGHT:                92.90638

DENSITY:                       8.5700 g/cm**3

TABULATION:

______________________________________________________________________________

                    Energy                         IMFP
                      eV                        Angstroms
______________________________________________________________________________
                      50.0                         6.08
                      54.9                         5.90
                      59.8                         5.78
                      64.6                         5.71
                      69.5                         5.69
                      74.4                         5.68
                      79.3                         5.70
                      84.1                         5.74
                      89.0                         5.78
                      93.9                         5.84
                      98.8                         5.90
                     103.6                         5.97
                     108.5                         6.05
                     113.4                         6.13
                     118.3                         6.21
                     123.1                         6.30
                     128.0                         6.38
                     132.9                         6.47
                     137.8                         6.57
                     142.6                         6.66
                     147.5                         6.75
                     152.4                         6.85
                     157.3                         6.94
                     162.1                         7.04
                     167.0                         7.14
                     171.9                         7.24
                     176.8                         7.33
                     181.6                         7.43
                     186.5                         7.53
                     191.4                         7.63
                     196.3                         7.73
                     201.1                         7.83
                     206.0                         7.93
                     210.9                         8.03
                     215.8                         8.13
                     220.6                         8.22
                     225.5                         8.32
                     230.4                         8.42
                     235.3                         8.52
                     240.1                         8.62
                     245.0                         8.72
                     249.9                         8.82
                     254.8                         8.92
                     259.6                         9.02
                     264.5                         9.12
                     269.4                         9.21
                     274.3                         9.31
                     279.1                         9.41
                     284.0                         9.51
                     288.9                         9.61
                     293.8                         9.70
                     298.6                         9.80
                     303.5                         9.90
                     308.4                        10.00
                     313.3                        10.09
                     318.1                        10.19
                     323.0                        10.29
                     327.9                        10.38
                     332.8                        10.48
                     337.6                        10.58
                     342.5                        10.67
                     347.4                        10.77
                     352.3                        10.87
                     357.1                        10.96
                     362.0                        11.06
                     366.9                        11.15
                     371.8                        11.25
                     376.6                        11.34
                     381.5                        11.44
                     386.4                        11.53
                     391.3                        11.63
                     396.1                        11.72
                     401.0                        11.82
                     405.9                        11.91
                     410.8                        12.01
                     415.6                        12.10
                     420.5                        12.19
                     425.4                        12.29
                     430.3                        12.38
                     435.1                        12.47
                     440.0                        12.57
                     444.9                        12.66
                     449.8                        12.75
                     454.6                        12.85
                     459.5                        12.94
                     464.4                        13.03
                     469.3                        13.12
                     474.1                        13.22
                     479.0                        13.31
                     483.9                        13.40
                     488.8                        13.49
                     493.6                        13.58
                     498.5                        13.67
                     503.4                        13.77
                     508.3                        13.86
                     513.1                        13.95
                     518.0                        14.04
                     522.9                        14.13
                     527.8                        14.22
                     532.6                        14.31
                     537.5                        14.40
                     542.4                        14.49
                     547.3                        14.58
                     552.1                        14.67
                     557.0                        14.76
                     561.9                        14.85
                     566.8                        14.94
                     571.6                        15.03
                     576.5                        15.12
                     581.4                        15.21
                     586.3                        15.30
                     591.1                        15.39
                     596.0                        15.48
                     600.9                        15.57
                     605.8                        15.66
                     610.6                        15.75
                     615.5                        15.84
                     620.4                        15.92
                     625.3                        16.01
                     630.1                        16.10
                     635.0                        16.19
                     639.9                        16.28
                     644.8                        16.37
                     649.6                        16.45
                     654.5                        16.54
                     659.4                        16.63
                     664.3                        16.72
                     669.1                        16.81
                     674.0                        16.89
                     678.9                        16.98
                     683.8                        17.07
                     688.6                        17.15
                     693.5                        17.24
                     698.4                        17.33
                     703.3                        17.42
                     708.1                        17.50
                     713.0                        17.59
                     717.9                        17.68
                     722.8                        17.76
                     727.6                        17.85
                     732.5                        17.94
                     737.4                        18.02
                     742.3                        18.11
                     747.1                        18.19
                     752.0                        18.28
                     756.9                        18.37
                     761.8                        18.45
                     766.6                        18.54
                     771.5                        18.62
                     776.4                        18.71
                     781.3                        18.79
                     786.1                        18.88
                     791.0                        18.97
                     795.9                        19.05
                     800.8                        19.14
                     805.6                        19.22
                     810.5                        19.31
                     815.4                        19.39
                     820.3                        19.48
                     825.1                        19.56
                     830.0                        19.65
                     834.9                        19.73
                     839.8                        19.81
                     844.6                        19.90
                     849.5                        19.98
                     854.4                        20.07
                     859.3                        20.15
                     864.1                        20.24
                     869.0                        20.32
                     873.9                        20.40
                     878.8                        20.49
                     883.6                        20.57
                     888.5                        20.66
                     893.4                        20.74
                     898.3                        20.82
                     903.1                        20.91
                     908.0                        20.99
                     912.9                        21.07
                     917.8                        21.16
                     922.6                        21.24
                     927.5                        21.32
                     932.4                        21.41
                     937.3                        21.49
                     942.1                        21.57
                     947.0                        21.66
                     951.9                        21.74
                     956.8                        21.82
                     961.6                        21.90
                     966.5                        21.99
                     971.4                        22.07
                     976.3                        22.15
                     981.1                        22.24
                     986.0                        22.32
                     990.9                        22.40
                     995.8                        22.48
                    1000.6                        22.56
                    1005.5                        22.65
                    1010.4                        22.73
                    1015.3                        22.81
                    1020.1                        22.89
                    1025.0                        22.97
                    1029.9                        23.06
                    1034.8                        23.14
                    1039.6                        23.22
                    1044.5                        23.30
                    1049.4                        23.38
                    1054.3                        23.47
                    1059.1                        23.55
                    1064.0                        23.63
                    1068.9                        23.71
                    1073.8                        23.79
                    1078.6                        23.87
                    1083.5                        23.95
                    1088.4                        24.03
                    1093.3                        24.12
                    1098.1                        24.20
                    1103.0                        24.28
                    1107.9                        24.36
                    1112.8                        24.44
                    1117.6                        24.52
                    1122.5                        24.60
                    1127.4                        24.68
                    1132.3                        24.76
                    1137.1                        24.84
                    1142.0                        24.92
                    1146.9                        25.00
                    1151.8                        25.08
                    1156.6                        25.17
                    1161.5                        25.25
                    1166.4                        25.33
                    1171.3                        25.41
                    1176.1                        25.49
                    1181.0                        25.57
                    1185.9                        25.65
                    1190.8                        25.73
                    1195.6                        25.81
                    1200.5                        25.89
                    1205.4                        25.97
                    1210.3                        26.05
                    1215.1                        26.13
                    1220.0                        26.21
                    1224.9                        26.29
                    1229.8                        26.37
                    1234.6                        26.44
                    1239.5                        26.52
                    1244.4                        26.60
                    1249.3                        26.68
                    1254.1                        26.76
                    1259.0                        26.84
                    1263.9                        26.92
                    1268.8                        27.00
                    1273.6                        27.08
                    1278.5                        27.16
                    1283.4                        27.24
                    1288.3                        27.32
                    1293.1                        27.40
                    1298.0                        27.48
                    1302.9                        27.55
                    1307.8                        27.63
                    1312.6                        27.71
                    1317.5                        27.79
                    1322.4                        27.87
                    1327.3                        27.95
                    1332.1                        28.03
                    1337.0                        28.11
                    1341.9                        28.18
                    1346.8                        28.26
                    1351.6                        28.34
                    1356.5                        28.42
                    1361.4                        28.50
                    1366.3                        28.58
                    1371.1                        28.65
                    1376.0                        28.73
                    1380.9                        28.81
                    1385.8                        28.89
                    1390.6                        28.97
                    1395.5                        29.05
                    1400.4                        29.12
                    1405.3                        29.20
                    1410.1                        29.28
                    1415.0                        29.36
                    1419.9                        29.44
                    1424.8                        29.51
                    1429.6                        29.59
                    1434.5                        29.67
                    1439.4                        29.75
                    1444.3                        29.82
                    1449.1                        29.90
                    1454.0                        29.98
                    1458.9                        30.06
                    1463.8                        30.13
                    1468.6                        30.21
                    1473.5                        30.29
                    1478.4                        30.37
                    1483.3                        30.44
                    1488.1                        30.52
                    1493.0                        30.60
                    1497.9                        30.68
                    1502.8                        30.75
                    1507.6                        30.83
                    1512.5                        30.91
                    1517.4                        30.98
                    1522.3                        31.06
                    1527.1                        31.14
                    1532.0                        31.22
                    1536.9                        31.29
                    1541.8                        31.37
                    1546.6                        31.45
                    1551.5                        31.52
                    1556.4                        31.60
                    1561.3                        31.68
                    1566.1                        31.75
                    1571.0                        31.83
                    1575.9                        31.91
                    1580.8                        31.98
                    1585.6                        32.06
                    1590.5                        32.14
                    1595.4                        32.21
                    1600.3                        32.29
                    1605.1                        32.37
                    1610.0                        32.44
                    1614.9                        32.52
                    1619.8                        32.59
                    1624.6                        32.67
                    1629.5                        32.75
                    1634.4                        32.82
                    1639.3                        32.90
                    1644.1                        32.98
                    1649.0                        33.05
                    1653.9                        33.13
                    1658.8                        33.20
                    1663.6                        33.28
                    1668.5                        33.36
                    1673.4                        33.43
                    1678.3                        33.51
                    1683.1                        33.58
                    1688.0                        33.66
                    1692.9                        33.74
                    1697.8                        33.81
                    1702.6                        33.89
                    1707.5                        33.96
                    1712.4                        34.04
                    1717.3                        34.11
                    1722.1                        34.19
                    1727.0                        34.26
                    1731.9                        34.34
                    1736.8                        34.42
                    1741.6                        34.49
                    1746.5                        34.57
                    1751.4                        34.64
                    1756.3                        34.72
                    1761.1                        34.79
                    1766.0                        34.87
                    1770.9                        34.94
                    1775.8                        35.02
                    1780.6                        35.09
                    1785.5                        35.17
                    1790.4                        35.24
                    1795.3                        35.32
                    1800.1                        35.39
                    1805.0                        35.47
                    1809.9                        35.54
                    1814.8                        35.62
                    1819.6                        35.69
                    1824.5                        35.77
                    1829.4                        35.84
                    1834.3                        35.92
                    1839.1                        35.99
                    1844.0                        36.07
                    1848.9                        36.14
                    1853.8                        36.22
                    1858.6                        36.29
                    1863.5                        36.37
                    1868.4                        36.44
                    1873.3                        36.52
                    1878.1                        36.59
                    1883.0                        36.67
                    1887.9                        36.74
                    1892.8                        36.82
                    1897.6                        36.89
                    1902.5                        36.96
                    1907.4                        37.04
                    1912.3                        37.11
                    1917.1                        37.19
                    1922.0                        37.26
                    1926.9                        37.34
                    1931.8                        37.41
                    1936.6                        37.49
                    1941.5                        37.56
                    1946.4                        37.63
                    1951.3                        37.71
                    1956.1                        37.78
                    1961.0                        37.86
                    1965.9                        37.93
                    1970.8                        38.00
                    1975.6                        38.08
                    1980.5                        38.15
                    1985.4                        38.23
                    1990.3                        38.30
                    1995.1                        38.37
                    2000.0                        38.45
