
ELEMENT:
                                      Ru

SOURCE:
                           Tanuma, Powell and Penn
                    Surface Interface Anal. 17 (1991) 911.
       IMFP values determined from optical data and a theoretical model
                                       

ATOMIC WEIGHT:               101.07000

DENSITY:                      12.1000 g/cm**3

TABULATION:

______________________________________________________________________________

                    Energy                         IMFP
                      eV                        Angstroms
______________________________________________________________________________
                      50.0                         4.82
                      54.9                         4.60
                      59.8                         4.44
                      64.6                         4.32
                      69.5                         4.24
                      74.4                         4.19
                      79.3                         4.16
                      84.1                         4.14
                      89.0                         4.15
                      93.9                         4.16
                      98.8                         4.18
                     103.6                         4.20
                     108.5                         4.24
                     113.4                         4.28
                     118.3                         4.32
                     123.1                         4.36
                     128.0                         4.41
                     132.9                         4.46
                     137.8                         4.51
                     142.6                         4.57
                     147.5                         4.62
                     152.4                         4.68
                     157.3                         4.73
                     162.1                         4.79
                     167.0                         4.85
                     171.9                         4.91
                     176.8                         4.97
                     181.6                         5.03
                     186.5                         5.10
                     191.4                         5.16
                     196.3                         5.22
                     201.1                         5.28
                     206.0                         5.34
                     210.9                         5.41
                     215.8                         5.47
                     220.6                         5.53
                     225.5                         5.60
                     230.4                         5.66
                     235.3                         5.73
                     240.1                         5.79
                     245.0                         5.85
                     249.9                         5.92
                     254.8                         5.98
                     259.6                         6.05
                     264.5                         6.11
                     269.4                         6.17
                     274.3                         6.24
                     279.1                         6.30
                     284.0                         6.37
                     288.9                         6.43
                     293.8                         6.49
                     298.6                         6.56
                     303.5                         6.62
                     308.4                         6.69
                     313.3                         6.75
                     318.1                         6.81
                     323.0                         6.88
                     327.9                         6.94
                     332.8                         7.00
                     337.6                         7.07
                     342.5                         7.13
                     347.4                         7.19
                     352.3                         7.26
                     357.1                         7.32
                     362.0                         7.38
                     366.9                         7.45
                     371.8                         7.51
                     376.6                         7.57
                     381.5                         7.63
                     386.4                         7.70
                     391.3                         7.76
                     396.1                         7.82
                     401.0                         7.89
                     405.9                         7.95
                     410.8                         8.01
                     415.6                         8.07
                     420.5                         8.13
                     425.4                         8.20
                     430.3                         8.26
                     435.1                         8.32
                     440.0                         8.38
                     444.9                         8.44
                     449.8                         8.51
                     454.6                         8.57
                     459.5                         8.63
                     464.4                         8.69
                     469.3                         8.75
                     474.1                         8.81
                     479.0                         8.88
                     483.9                         8.94
                     488.8                         9.00
                     493.6                         9.06
                     498.5                         9.12
                     503.4                         9.18
                     508.3                         9.24
                     513.1                         9.30
                     518.0                         9.36
                     522.9                         9.42
                     527.8                         9.48
                     532.6                         9.54
                     537.5                         9.61
                     542.4                         9.67
                     547.3                         9.73
                     552.1                         9.79
                     557.0                         9.85
                     561.9                         9.91
                     566.8                         9.97
                     571.6                        10.03
                     576.5                        10.09
                     581.4                        10.15
                     586.3                        10.21
                     591.1                        10.27
                     596.0                        10.33
                     600.9                        10.38
                     605.8                        10.44
                     610.6                        10.50
                     615.5                        10.56
                     620.4                        10.62
                     625.3                        10.68
                     630.1                        10.74
                     635.0                        10.80
                     639.9                        10.86
                     644.8                        10.92
                     649.6                        10.98
                     654.5                        11.04
                     659.4                        11.09
                     664.3                        11.15
                     669.1                        11.21
                     674.0                        11.27
                     678.9                        11.33
                     683.8                        11.39
                     688.6                        11.45
                     693.5                        11.50
                     698.4                        11.56
                     703.3                        11.62
                     708.1                        11.68
                     713.0                        11.74
                     717.9                        11.80
                     722.8                        11.85
                     727.6                        11.91
                     732.5                        11.97
                     737.4                        12.03
                     742.3                        12.08
                     747.1                        12.14
                     752.0                        12.20
                     756.9                        12.26
                     761.8                        12.32
                     766.6                        12.37
                     771.5                        12.43
                     776.4                        12.49
                     781.3                        12.55
                     786.1                        12.60
                     791.0                        12.66
                     795.9                        12.72
                     800.8                        12.77
                     805.6                        12.83
                     810.5                        12.89
                     815.4                        12.95
                     820.3                        13.00
                     825.1                        13.06
                     830.0                        13.12
                     834.9                        13.17
                     839.8                        13.23
                     844.6                        13.29
                     849.5                        13.34
                     854.4                        13.40
                     859.3                        13.46
                     864.1                        13.51
                     869.0                        13.57
                     873.9                        13.63
                     878.8                        13.68
                     883.6                        13.74
                     888.5                        13.80
                     893.4                        13.85
                     898.3                        13.91
                     903.1                        13.97
                     908.0                        14.02
                     912.9                        14.08
                     917.8                        14.13
                     922.6                        14.19
                     927.5                        14.25
                     932.4                        14.30
                     937.3                        14.36
                     942.1                        14.41
                     947.0                        14.47
                     951.9                        14.52
                     956.8                        14.58
                     961.6                        14.64
                     966.5                        14.69
                     971.4                        14.75
                     976.3                        14.80
                     981.1                        14.86
                     986.0                        14.91
                     990.9                        14.97
                     995.8                        15.03
                    1000.6                        15.08
                    1005.5                        15.14
                    1010.4                        15.19
                    1015.3                        15.25
                    1020.1                        15.30
                    1025.0                        15.36
                    1029.9                        15.41
                    1034.8                        15.47
                    1039.6                        15.52
                    1044.5                        15.58
                    1049.4                        15.63
                    1054.3                        15.69
                    1059.1                        15.74
                    1064.0                        15.80
                    1068.9                        15.85
                    1073.8                        15.91
                    1078.6                        15.96
                    1083.5                        16.02
                    1088.4                        16.07
                    1093.3                        16.13
                    1098.1                        16.18
                    1103.0                        16.23
                    1107.9                        16.29
                    1112.8                        16.34
                    1117.6                        16.40
                    1122.5                        16.45
                    1127.4                        16.51
                    1132.3                        16.56
                    1137.1                        16.62
                    1142.0                        16.67
                    1146.9                        16.72
                    1151.8                        16.78
                    1156.6                        16.83
                    1161.5                        16.89
                    1166.4                        16.94
                    1171.3                        17.00
                    1176.1                        17.05
                    1181.0                        17.10
                    1185.9                        17.16
                    1190.8                        17.21
                    1195.6                        17.27
                    1200.5                        17.32
                    1205.4                        17.37
                    1210.3                        17.43
                    1215.1                        17.48
                    1220.0                        17.53
                    1224.9                        17.59
                    1229.8                        17.64
                    1234.6                        17.70
                    1239.5                        17.75
                    1244.4                        17.80
                    1249.3                        17.86
                    1254.1                        17.91
                    1259.0                        17.96
                    1263.9                        18.02
                    1268.8                        18.07
                    1273.6                        18.12
                    1278.5                        18.18
                    1283.4                        18.23
                    1288.3                        18.28
                    1293.1                        18.34
                    1298.0                        18.39
                    1302.9                        18.44
                    1307.8                        18.50
                    1312.6                        18.55
                    1317.5                        18.60
                    1322.4                        18.66
                    1327.3                        18.71
                    1332.1                        18.76
                    1337.0                        18.82
                    1341.9                        18.87
                    1346.8                        18.92
                    1351.6                        18.98
                    1356.5                        19.03
                    1361.4                        19.08
                    1366.3                        19.13
                    1371.1                        19.19
                    1376.0                        19.24
                    1380.9                        19.29
                    1385.8                        19.35
                    1390.6                        19.40
                    1395.5                        19.45
                    1400.4                        19.50
                    1405.3                        19.56
                    1410.1                        19.61
                    1415.0                        19.66
                    1419.9                        19.71
                    1424.8                        19.77
                    1429.6                        19.82
                    1434.5                        19.87
                    1439.4                        19.92
                    1444.3                        19.98
                    1449.1                        20.03
                    1454.0                        20.08
                    1458.9                        20.13
                    1463.8                        20.19
                    1468.6                        20.24
                    1473.5                        20.29
                    1478.4                        20.34
                    1483.3                        20.40
                    1488.1                        20.45
                    1493.0                        20.50
                    1497.9                        20.55
                    1502.8                        20.60
                    1507.6                        20.66
                    1512.5                        20.71
                    1517.4                        20.76
                    1522.3                        20.81
                    1527.1                        20.87
                    1532.0                        20.92
                    1536.9                        20.97
                    1541.8                        21.02
                    1546.6                        21.07
                    1551.5                        21.13
                    1556.4                        21.18
                    1561.3                        21.23
                    1566.1                        21.28
                    1571.0                        21.33
                    1575.9                        21.38
                    1580.8                        21.44
                    1585.6                        21.49
                    1590.5                        21.54
                    1595.4                        21.59
                    1600.3                        21.64
                    1605.1                        21.69
                    1610.0                        21.75
                    1614.9                        21.80
                    1619.8                        21.85
                    1624.6                        21.90
                    1629.5                        21.95
                    1634.4                        22.00
                    1639.3                        22.06
                    1644.1                        22.11
                    1649.0                        22.16
                    1653.9                        22.21
                    1658.8                        22.26
                    1663.6                        22.31
                    1668.5                        22.36
                    1673.4                        22.42
                    1678.3                        22.47
                    1683.1                        22.52
                    1688.0                        22.57
                    1692.9                        22.62
                    1697.8                        22.67
                    1702.6                        22.72
                    1707.5                        22.77
                    1712.4                        22.83
                    1717.3                        22.88
                    1722.1                        22.93
                    1727.0                        22.98
                    1731.9                        23.03
                    1736.8                        23.08
                    1741.6                        23.13
                    1746.5                        23.18
                    1751.4                        23.23
                    1756.3                        23.29
                    1761.1                        23.34
                    1766.0                        23.39
                    1770.9                        23.44
                    1775.8                        23.49
                    1780.6                        23.54
                    1785.5                        23.59
                    1790.4                        23.64
                    1795.3                        23.69
                    1800.1                        23.74
                    1805.0                        23.79
                    1809.9                        23.85
                    1814.8                        23.90
                    1819.6                        23.95
                    1824.5                        24.00
                    1829.4                        24.05
                    1834.3                        24.10
                    1839.1                        24.15
                    1844.0                        24.20
                    1848.9                        24.25
                    1853.8                        24.30
                    1858.6                        24.35
                    1863.5                        24.40
                    1868.4                        24.45
                    1873.3                        24.50
                    1878.1                        24.55
                    1883.0                        24.60
                    1887.9                        24.66
                    1892.8                        24.71
                    1897.6                        24.76
                    1902.5                        24.81
                    1907.4                        24.86
                    1912.3                        24.91
                    1917.1                        24.96
                    1922.0                        25.01
                    1926.9                        25.06
                    1931.8                        25.11
                    1936.6                        25.16
                    1941.5                        25.21
                    1946.4                        25.26
                    1951.3                        25.31
                    1956.1                        25.36
                    1961.0                        25.41
                    1965.9                        25.46
                    1970.8                        25.51
                    1975.6                        25.56
                    1980.5                        25.61
                    1985.4                        25.66
                    1990.3                        25.71
                    1995.1                        25.76
                    2000.0                        25.81
