
ELEMENT:
                                      Rh

SOURCE:
                           Tanuma, Powell and Penn
                    Surface Interface Anal. 17 (1991) 911.
       IMFP values determined from optical data and a theoretical model
                                       

ATOMIC WEIGHT:               102.90550

DENSITY:                      12.4000 g/cm**3

TABULATION:

______________________________________________________________________________

                    Energy                         IMFP
                      eV                        Angstroms
______________________________________________________________________________
                      50.0                         4.79
                      54.9                         4.60
                      59.8                         4.44
                      64.6                         4.31
                      69.5                         4.21
                      74.4                         4.15
                      79.3                         4.10
                      84.1                         4.08
                      89.0                         4.07
                      93.9                         4.07
                      98.8                         4.07
                     103.6                         4.09
                     108.5                         4.11
                     113.4                         4.14
                     118.3                         4.17
                     123.1                         4.21
                     128.0                         4.25
                     132.9                         4.29
                     137.8                         4.34
                     142.6                         4.38
                     147.5                         4.43
                     152.4                         4.48
                     157.3                         4.53
                     162.1                         4.58
                     167.0                         4.63
                     171.9                         4.69
                     176.8                         4.74
                     181.6                         4.79
                     186.5                         4.85
                     191.4                         4.91
                     196.3                         4.96
                     201.1                         5.02
                     206.0                         5.07
                     210.9                         5.13
                     215.8                         5.19
                     220.6                         5.25
                     225.5                         5.30
                     230.4                         5.36
                     235.3                         5.42
                     240.1                         5.48
                     245.0                         5.54
                     249.9                         5.59
                     254.8                         5.65
                     259.6                         5.71
                     264.5                         5.77
                     269.4                         5.83
                     274.3                         5.89
                     279.1                         5.95
                     284.0                         6.00
                     288.9                         6.06
                     293.8                         6.12
                     298.6                         6.18
                     303.5                         6.24
                     308.4                         6.30
                     313.3                         6.36
                     318.1                         6.41
                     323.0                         6.47
                     327.9                         6.53
                     332.8                         6.59
                     337.6                         6.65
                     342.5                         6.71
                     347.4                         6.76
                     352.3                         6.82
                     357.1                         6.88
                     362.0                         6.94
                     366.9                         7.00
                     371.8                         7.05
                     376.6                         7.11
                     381.5                         7.17
                     386.4                         7.23
                     391.3                         7.29
                     396.1                         7.34
                     401.0                         7.40
                     405.9                         7.46
                     410.8                         7.52
                     415.6                         7.57
                     420.5                         7.63
                     425.4                         7.69
                     430.3                         7.74
                     435.1                         7.80
                     440.0                         7.86
                     444.9                         7.92
                     449.8                         7.97
                     454.6                         8.03
                     459.5                         8.09
                     464.4                         8.14
                     469.3                         8.20
                     474.1                         8.26
                     479.0                         8.31
                     483.9                         8.37
                     488.8                         8.43
                     493.6                         8.48
                     498.5                         8.54
                     503.4                         8.59
                     508.3                         8.65
                     513.1                         8.71
                     518.0                         8.76
                     522.9                         8.82
                     527.8                         8.87
                     532.6                         8.93
                     537.5                         8.99
                     542.4                         9.04
                     547.3                         9.10
                     552.1                         9.15
                     557.0                         9.21
                     561.9                         9.26
                     566.8                         9.32
                     571.6                         9.38
                     576.5                         9.43
                     581.4                         9.49
                     586.3                         9.54
                     591.1                         9.60
                     596.0                         9.65
                     600.9                         9.71
                     605.8                         9.76
                     610.6                         9.82
                     615.5                         9.87
                     620.4                         9.93
                     625.3                         9.98
                     630.1                        10.03
                     635.0                        10.09
                     639.9                        10.14
                     644.8                        10.20
                     649.6                        10.25
                     654.5                        10.31
                     659.4                        10.36
                     664.3                        10.42
                     669.1                        10.47
                     674.0                        10.52
                     678.9                        10.58
                     683.8                        10.63
                     688.6                        10.69
                     693.5                        10.74
                     698.4                        10.79
                     703.3                        10.85
                     708.1                        10.90
                     713.0                        10.96
                     717.9                        11.01
                     722.8                        11.06
                     727.6                        11.12
                     732.5                        11.17
                     737.4                        11.22
                     742.3                        11.28
                     747.1                        11.33
                     752.0                        11.38
                     756.9                        11.44
                     761.8                        11.49
                     766.6                        11.54
                     771.5                        11.60
                     776.4                        11.65
                     781.3                        11.70
                     786.1                        11.76
                     791.0                        11.81
                     795.9                        11.86
                     800.8                        11.91
                     805.6                        11.97
                     810.5                        12.02
                     815.4                        12.07
                     820.3                        12.13
                     825.1                        12.18
                     830.0                        12.23
                     834.9                        12.28
                     839.8                        12.34
                     844.6                        12.39
                     849.5                        12.44
                     854.4                        12.49
                     859.3                        12.55
                     864.1                        12.60
                     869.0                        12.65
                     873.9                        12.70
                     878.8                        12.75
                     883.6                        12.81
                     888.5                        12.86
                     893.4                        12.91
                     898.3                        12.96
                     903.1                        13.01
                     908.0                        13.07
                     912.9                        13.12
                     917.8                        13.17
                     922.6                        13.22
                     927.5                        13.27
                     932.4                        13.33
                     937.3                        13.38
                     942.1                        13.43
                     947.0                        13.48
                     951.9                        13.53
                     956.8                        13.58
                     961.6                        13.63
                     966.5                        13.69
                     971.4                        13.74
                     976.3                        13.79
                     981.1                        13.84
                     986.0                        13.89
                     990.9                        13.94
                     995.8                        13.99
                    1000.6                        14.05
                    1005.5                        14.10
                    1010.4                        14.15
                    1015.3                        14.20
                    1020.1                        14.25
                    1025.0                        14.30
                    1029.9                        14.35
                    1034.8                        14.40
                    1039.6                        14.45
                    1044.5                        14.50
                    1049.4                        14.56
                    1054.3                        14.61
                    1059.1                        14.66
                    1064.0                        14.71
                    1068.9                        14.76
                    1073.8                        14.81
                    1078.6                        14.86
                    1083.5                        14.91
                    1088.4                        14.96
                    1093.3                        15.01
                    1098.1                        15.06
                    1103.0                        15.11
                    1107.9                        15.16
                    1112.8                        15.21
                    1117.6                        15.26
                    1122.5                        15.31
                    1127.4                        15.36
                    1132.3                        15.41
                    1137.1                        15.46
                    1142.0                        15.52
                    1146.9                        15.57
                    1151.8                        15.62
                    1156.6                        15.67
                    1161.5                        15.72
                    1166.4                        15.77
                    1171.3                        15.82
                    1176.1                        15.87
                    1181.0                        15.92
                    1185.9                        15.97
                    1190.8                        16.02
                    1195.6                        16.07
                    1200.5                        16.12
                    1205.4                        16.17
                    1210.3                        16.21
                    1215.1                        16.26
                    1220.0                        16.31
                    1224.9                        16.36
                    1229.8                        16.41
                    1234.6                        16.46
                    1239.5                        16.51
                    1244.4                        16.56
                    1249.3                        16.61
                    1254.1                        16.66
                    1259.0                        16.71
                    1263.9                        16.76
                    1268.8                        16.81
                    1273.6                        16.86
                    1278.5                        16.91
                    1283.4                        16.96
                    1288.3                        17.01
                    1293.1                        17.06
                    1298.0                        17.11
                    1302.9                        17.16
                    1307.8                        17.20
                    1312.6                        17.25
                    1317.5                        17.30
                    1322.4                        17.35
                    1327.3                        17.40
                    1332.1                        17.45
                    1337.0                        17.50
                    1341.9                        17.55
                    1346.8                        17.60
                    1351.6                        17.65
                    1356.5                        17.70
                    1361.4                        17.74
                    1366.3                        17.79
                    1371.1                        17.84
                    1376.0                        17.89
                    1380.9                        17.94
                    1385.8                        17.99
                    1390.6                        18.04
                    1395.5                        18.09
                    1400.4                        18.13
                    1405.3                        18.18
                    1410.1                        18.23
                    1415.0                        18.28
                    1419.9                        18.33
                    1424.8                        18.38
                    1429.6                        18.43
                    1434.5                        18.48
                    1439.4                        18.52
                    1444.3                        18.57
                    1449.1                        18.62
                    1454.0                        18.67
                    1458.9                        18.72
                    1463.8                        18.77
                    1468.6                        18.81
                    1473.5                        18.86
                    1478.4                        18.91
                    1483.3                        18.96
                    1488.1                        19.01
                    1493.0                        19.06
                    1497.9                        19.10
                    1502.8                        19.15
                    1507.6                        19.20
                    1512.5                        19.25
                    1517.4                        19.30
                    1522.3                        19.35
                    1527.1                        19.39
                    1532.0                        19.44
                    1536.9                        19.49
                    1541.8                        19.54
                    1546.6                        19.59
                    1551.5                        19.63
                    1556.4                        19.68
                    1561.3                        19.73
                    1566.1                        19.78
                    1571.0                        19.83
                    1575.9                        19.87
                    1580.8                        19.92
                    1585.6                        19.97
                    1590.5                        20.02
                    1595.4                        20.06
                    1600.3                        20.11
                    1605.1                        20.16
                    1610.0                        20.21
                    1614.9                        20.26
                    1619.8                        20.30
                    1624.6                        20.35
                    1629.5                        20.40
                    1634.4                        20.45
                    1639.3                        20.49
                    1644.1                        20.54
                    1649.0                        20.59
                    1653.9                        20.64
                    1658.8                        20.68
                    1663.6                        20.73
                    1668.5                        20.78
                    1673.4                        20.83
                    1678.3                        20.87
                    1683.1                        20.92
                    1688.0                        20.97
                    1692.9                        21.02
                    1697.8                        21.06
                    1702.6                        21.11
                    1707.5                        21.16
                    1712.4                        21.21
                    1717.3                        21.25
                    1722.1                        21.30
                    1727.0                        21.35
                    1731.9                        21.39
                    1736.8                        21.44
                    1741.6                        21.49
                    1746.5                        21.54
                    1751.4                        21.58
                    1756.3                        21.63
                    1761.1                        21.68
                    1766.0                        21.72
                    1770.9                        21.77
                    1775.8                        21.82
                    1780.6                        21.87
                    1785.5                        21.91
                    1790.4                        21.96
                    1795.3                        22.01
                    1800.1                        22.05
                    1805.0                        22.10
                    1809.9                        22.15
                    1814.8                        22.19
                    1819.6                        22.24
                    1824.5                        22.29
                    1829.4                        22.34
                    1834.3                        22.38
                    1839.1                        22.43
                    1844.0                        22.48
                    1848.9                        22.52
                    1853.8                        22.57
                    1858.6                        22.62
                    1863.5                        22.66
                    1868.4                        22.71
                    1873.3                        22.76
                    1878.1                        22.80
                    1883.0                        22.85
                    1887.9                        22.90
                    1892.8                        22.94
                    1897.6                        22.99
                    1902.5                        23.04
                    1907.4                        23.08
                    1912.3                        23.13
                    1917.1                        23.18
                    1922.0                        23.22
                    1926.9                        23.27
                    1931.8                        23.32
                    1936.6                        23.36
                    1941.5                        23.41
                    1946.4                        23.46
                    1951.3                        23.50
                    1956.1                        23.55
                    1961.0                        23.59
                    1965.9                        23.64
                    1970.8                        23.69
                    1975.6                        23.73
                    1980.5                        23.78
                    1985.4                        23.83
                    1990.3                        23.87
                    1995.1                        23.92
                    2000.0                        23.96
