
ELEMENT:
                                      Pd

SOURCE:
                          Kwei, Chen, Tung and Wang
        Surface Sci. 293 (1993) 202; Y. F. Chen, Private communication
       IMFP values determined from optical data and a theoretical model
                                       

ATOMIC WEIGHT:               106.42000

DENSITY:                      12.0000 g/cm**3

TABULATION:

______________________________________________________________________________

                    Energy                         IMFP
                      eV                        Angstroms
______________________________________________________________________________
                     100.0                         4.90
                     104.8                         4.90
                     109.5                         4.91
                     114.3                         4.93
                     119.0                         4.95
                     123.8                         4.98
                     128.5                         5.02
                     133.3                         5.05
                     138.0                         5.10
                     142.8                         5.14
                     147.5                         5.19
                     152.3                         5.23
                     157.0                         5.29
                     161.8                         5.34
                     166.5                         5.39
                     171.3                         5.45
                     176.0                         5.51
                     180.8                         5.57
                     185.5                         5.63
                     190.3                         5.69
                     195.0                         5.75
                     199.8                         5.82
                     204.5                         5.88
                     209.3                         5.95
                     214.0                         6.01
                     218.8                         6.08
                     223.5                         6.15
                     228.3                         6.22
                     233.0                         6.28
                     237.8                         6.35
                     242.5                         6.42
                     247.3                         6.49
                     252.0                         6.56
                     256.8                         6.63
                     261.5                         6.70
                     266.3                         6.77
                     271.0                         6.84
                     275.8                         6.91
                     280.5                         6.99
                     285.3                         7.06
                     290.0                         7.13
                     294.8                         7.20
                     299.5                         7.27
                     304.3                         7.34
                     309.0                         7.42
                     313.8                         7.49
                     318.5                         7.56
                     323.3                         7.63
                     328.0                         7.71
                     332.8                         7.78
                     337.5                         7.85
                     342.3                         7.92
                     347.0                         8.00
                     351.8                         8.07
                     356.5                         8.14
                     361.3                         8.21
                     366.0                         8.29
                     370.8                         8.36
                     375.5                         8.43
                     380.3                         8.50
                     385.0                         8.58
                     389.8                         8.65
                     394.5                         8.72
                     399.3                         8.79
                     404.0                         8.87
                     408.8                         8.94
                     413.5                         9.01
                     418.3                         9.08
                     423.0                         9.16
                     427.8                         9.23
                     432.5                         9.30
                     437.3                         9.37
                     442.0                         9.44
                     446.8                         9.52
                     451.5                         9.59
                     456.3                         9.66
                     461.0                         9.73
                     465.8                         9.81
                     470.5                         9.88
                     475.3                         9.95
                     480.0                        10.02
                     484.8                        10.09
                     489.5                        10.16
                     494.3                        10.24
                     499.0                        10.31
                     503.8                        10.38
                     508.5                        10.45
                     513.3                        10.52
                     518.0                        10.59
                     522.8                        10.66
                     527.5                        10.74
                     532.3                        10.81
                     537.0                        10.88
                     541.8                        10.95
                     546.5                        11.02
                     551.3                        11.09
                     556.0                        11.16
                     560.8                        11.23
                     565.5                        11.30
                     570.3                        11.37
                     575.0                        11.45
                     579.8                        11.52
                     584.5                        11.59
                     589.3                        11.66
                     594.0                        11.73
                     598.8                        11.80
                     603.5                        11.87
                     608.3                        11.94
                     613.0                        12.01
                     617.8                        12.08
                     622.5                        12.15
                     627.3                        12.22
                     632.0                        12.29
                     636.8                        12.36
                     641.5                        12.43
                     646.3                        12.50
                     651.0                        12.57
                     655.8                        12.64
                     660.5                        12.71
                     665.3                        12.77
                     670.0                        12.84
                     674.8                        12.91
                     679.5                        12.98
                     684.3                        13.05
                     689.0                        13.12
                     693.8                        13.19
                     698.5                        13.26
                     703.3                        13.33
                     708.0                        13.40
                     712.8                        13.46
                     717.5                        13.53
                     722.3                        13.60
                     727.0                        13.67
                     731.8                        13.74
                     736.5                        13.81
                     741.3                        13.88
                     746.0                        13.94
                     750.8                        14.01
                     755.5                        14.08
                     760.3                        14.15
                     765.0                        14.22
                     769.8                        14.29
                     774.5                        14.35
                     779.3                        14.42
                     784.0                        14.49
                     788.8                        14.56
                     793.5                        14.62
                     798.3                        14.69
                     803.0                        14.76
                     807.8                        14.83
                     812.5                        14.89
                     817.3                        14.96
                     822.0                        15.03
                     826.8                        15.10
                     831.5                        15.16
                     836.3                        15.23
                     841.0                        15.30
                     845.8                        15.37
                     850.5                        15.43
                     855.3                        15.50
                     860.0                        15.57
                     864.8                        15.63
                     869.5                        15.70
                     874.3                        15.77
                     879.0                        15.83
                     883.8                        15.90
                     888.5                        15.97
                     893.3                        16.03
                     898.0                        16.10
                     902.8                        16.17
                     907.5                        16.23
                     912.3                        16.30
                     917.0                        16.36
                     921.8                        16.43
                     926.5                        16.50
                     931.3                        16.56
                     936.0                        16.63
                     940.8                        16.69
                     945.5                        16.76
                     950.3                        16.83
                     955.0                        16.89
                     959.8                        16.96
                     964.5                        17.02
                     969.3                        17.09
                     974.0                        17.16
                     978.8                        17.22
                     983.5                        17.29
                     988.3                        17.35
                     993.0                        17.42
                     997.8                        17.48
                    1002.5                        17.55
                    1007.3                        17.61
                    1012.0                        17.68
                    1016.8                        17.74
                    1021.5                        17.81
                    1026.3                        17.87
                    1031.0                        17.94
                    1035.8                        18.00
                    1040.5                        18.07
                    1045.3                        18.13
                    1050.0                        18.20
                    1054.8                        18.26
                    1059.5                        18.33
                    1064.3                        18.39
                    1069.0                        18.46
                    1073.8                        18.52
                    1078.5                        18.59
                    1083.3                        18.65
                    1088.0                        18.71
                    1092.8                        18.78
                    1097.5                        18.84
                    1102.3                        18.91
                    1107.0                        18.97
                    1111.8                        19.04
                    1116.5                        19.10
                    1121.3                        19.16
                    1126.0                        19.23
                    1130.8                        19.29
                    1135.5                        19.36
                    1140.3                        19.42
                    1145.0                        19.48
                    1149.8                        19.55
                    1154.5                        19.61
                    1159.3                        19.68
                    1164.0                        19.74
                    1168.8                        19.80
                    1173.5                        19.87
                    1178.3                        19.93
                    1183.0                        19.99
                    1187.8                        20.06
                    1192.5                        20.12
                    1197.3                        20.18
                    1202.0                        20.25
                    1206.8                        20.31
                    1211.5                        20.37
                    1216.3                        20.44
                    1221.0                        20.50
                    1225.8                        20.56
                    1230.5                        20.63
                    1235.3                        20.69
                    1240.0                        20.75
                    1244.8                        20.81
                    1249.5                        20.88
                    1254.3                        20.94
                    1259.0                        21.00
                    1263.8                        21.07
                    1268.5                        21.13
                    1273.3                        21.19
                    1278.0                        21.25
                    1282.8                        21.32
                    1287.5                        21.38
                    1292.3                        21.44
                    1297.0                        21.50
                    1301.8                        21.57
                    1306.5                        21.63
                    1311.3                        21.69
                    1316.0                        21.75
                    1320.8                        21.82
                    1325.5                        21.88
                    1330.3                        21.94
                    1335.0                        22.00
                    1339.8                        22.07
                    1344.5                        22.13
                    1349.3                        22.19
                    1354.0                        22.25
                    1358.8                        22.31
                    1363.5                        22.38
                    1368.3                        22.44
                    1373.0                        22.50
                    1377.8                        22.56
                    1382.5                        22.62
                    1387.3                        22.69
                    1392.0                        22.75
                    1396.8                        22.81
                    1401.5                        22.87
                    1406.3                        22.93
                    1411.0                        22.99
                    1415.8                        23.06
                    1420.5                        23.12
                    1425.3                        23.18
                    1430.0                        23.24
                    1434.8                        23.30
                    1439.5                        23.36
                    1444.3                        23.42
                    1449.0                        23.49
                    1453.8                        23.55
                    1458.5                        23.61
                    1463.3                        23.67
                    1468.0                        23.73
                    1472.8                        23.79
                    1477.5                        23.85
                    1482.3                        23.91
                    1487.0                        23.97
                    1491.8                        24.04
                    1496.5                        24.10
                    1501.3                        24.16
                    1506.0                        24.22
                    1510.8                        24.28
                    1515.5                        24.34
                    1520.3                        24.40
                    1525.0                        24.46
                    1529.8                        24.52
                    1534.5                        24.58
                    1539.3                        24.64
                    1544.0                        24.70
                    1548.8                        24.76
                    1553.5                        24.83
                    1558.3                        24.89
                    1563.0                        24.95
                    1567.8                        25.01
                    1572.5                        25.07
                    1577.3                        25.13
                    1582.0                        25.19
                    1586.8                        25.25
                    1591.5                        25.31
                    1596.3                        25.37
                    1601.0                        25.43
                    1605.8                        25.49
                    1610.5                        25.55
                    1615.3                        25.61
                    1620.0                        25.67
                    1624.8                        25.73
                    1629.5                        25.79
                    1634.3                        25.85
                    1639.0                        25.91
                    1643.8                        25.97
                    1648.5                        26.03
                    1653.3                        26.09
                    1658.0                        26.15
                    1662.8                        26.21
                    1667.5                        26.27
                    1672.3                        26.33
                    1677.0                        26.39
                    1681.8                        26.45
                    1686.5                        26.51
                    1691.3                        26.57
                    1696.0                        26.63
                    1700.8                        26.69
                    1705.5                        26.75
                    1710.3                        26.81
                    1715.0                        26.87
                    1719.8                        26.92
                    1724.5                        26.98
                    1729.3                        27.04
                    1734.0                        27.10
                    1738.8                        27.16
                    1743.5                        27.22
                    1748.3                        27.28
                    1753.0                        27.34
                    1757.8                        27.40
                    1762.5                        27.46
                    1767.3                        27.52
                    1772.0                        27.58
                    1776.8                        27.64
                    1781.5                        27.70
                    1786.3                        27.75
                    1791.0                        27.81
                    1795.8                        27.87
                    1800.5                        27.93
                    1805.3                        27.99
                    1810.0                        28.05
                    1814.8                        28.11
                    1819.5                        28.17
                    1824.3                        28.23
                    1829.0                        28.28
                    1833.8                        28.34
                    1838.5                        28.40
                    1843.3                        28.46
                    1848.0                        28.52
                    1852.8                        28.58
                    1857.5                        28.64
                    1862.3                        28.70
                    1867.0                        28.75
                    1871.8                        28.81
                    1876.5                        28.87
                    1881.3                        28.93
                    1886.0                        28.99
                    1890.8                        29.05
                    1895.5                        29.10
                    1900.3                        29.16
                    1905.0                        29.22
                    1909.8                        29.28
                    1914.5                        29.34
                    1919.3                        29.40
                    1924.0                        29.45
                    1928.8                        29.51
                    1933.5                        29.57
                    1938.3                        29.63
                    1943.0                        29.69
                    1947.8                        29.75
                    1952.5                        29.80
                    1957.3                        29.86
                    1962.0                        29.92
                    1966.8                        29.98
                    1971.5                        30.04
                    1976.3                        30.09
                    1981.0                        30.15
                    1985.8                        30.21
                    1990.5                        30.27
                    1995.3                        30.33
                    2000.0                        30.38
