
ELEMENT:
                                      Pd

SOURCE:
                               Krawczyk et al.
                    Surface Interface Anal. 25 (1997) 356
           IMFPs determined from the intensity of the elastic peak
       Multiple elastic scattering simulated by the Monte Carlo method

ATOMIC WEIGHT:               106.42000

DENSITY:                      12.0000 g/cm**3

TABULATION:

______________________________________________________________________________

                    Energy                         IMFP
                      eV                        Angstroms
______________________________________________________________________________
                     200.0                         7.04
                     202.0                         7.07
                     204.0                         7.10
                     206.0                         7.13
                     208.0                         7.15
                     210.0                         7.18
                     212.0                         7.21
                     214.0                         7.23
                     216.0                         7.26
                     218.0                         7.29
                     220.0                         7.31
                     222.0                         7.34
                     224.0                         7.36
                     226.0                         7.39
                     228.0                         7.42
                     230.0                         7.44
                     232.0                         7.47
                     234.0                         7.49
                     236.0                         7.52
                     238.0                         7.54
                     240.0                         7.57
                     242.0                         7.59
                     244.0                         7.62
                     246.0                         7.64
                     248.0                         7.67
                     250.0                         7.69
                     252.0                         7.71
                     254.0                         7.74
                     256.0                         7.76
                     258.0                         7.79
                     260.0                         7.81
                     262.0                         7.83
                     264.0                         7.86
                     266.0                         7.88
                     268.0                         7.90
                     270.0                         7.93
                     272.0                         7.95
                     274.0                         7.97
                     276.0                         7.99
                     278.0                         8.02
                     280.0                         8.04
                     282.0                         8.06
                     284.0                         8.08
                     286.0                         8.11
                     288.0                         8.13
                     290.0                         8.15
                     292.0                         8.17
                     294.0                         8.20
                     296.0                         8.22
                     298.0                         8.24
                     300.0                         8.26
                     302.0                         8.28
                     304.0                         8.30
                     306.0                         8.32
                     308.0                         8.35
                     310.0                         8.37
                     312.0                         8.39
                     314.0                         8.41
                     316.0                         8.43
                     318.0                         8.45
                     320.0                         8.47
                     322.0                         8.49
                     324.0                         8.51
                     326.0                         8.53
                     328.0                         8.56
                     330.0                         8.58
                     332.0                         8.60
                     334.0                         8.62
                     336.0                         8.64
                     338.0                         8.66
                     340.0                         8.68
                     342.0                         8.70
                     344.0                         8.72
                     346.0                         8.74
                     348.0                         8.76
                     350.0                         8.78
                     352.0                         8.80
                     354.0                         8.82
                     356.0                         8.84
                     358.0                         8.85
                     360.0                         8.87
                     362.0                         8.89
                     364.0                         8.91
                     366.0                         8.93
                     368.0                         8.95
                     370.0                         8.97
                     372.0                         8.99
                     374.0                         9.01
                     376.0                         9.03
                     378.0                         9.05
                     380.0                         9.06
                     382.0                         9.08
                     384.0                         9.10
                     386.0                         9.12
                     388.0                         9.14
                     390.0                         9.16
                     392.0                         9.18
                     394.0                         9.19
                     396.0                         9.21
                     398.0                         9.23
                     400.0                         9.25
                     402.0                         9.27
                     404.0                         9.29
                     406.0                         9.30
                     408.0                         9.32
                     410.0                         9.34
                     412.0                         9.36
                     414.0                         9.38
                     416.0                         9.39
                     418.0                         9.41
                     420.0                         9.43
                     422.0                         9.45
                     424.0                         9.46
                     426.0                         9.48
                     428.0                         9.50
                     430.0                         9.52
                     432.0                         9.53
                     434.0                         9.55
                     436.0                         9.57
                     438.0                         9.59
                     440.0                         9.60
                     442.0                         9.62
                     444.0                         9.64
                     446.0                         9.65
                     448.0                         9.67
                     450.0                         9.69
                     452.0                         9.70
                     454.0                         9.72
                     456.0                         9.74
                     458.0                         9.75
                     460.0                         9.77
                     462.0                         9.79
                     464.0                         9.80
                     466.0                         9.82
                     468.0                         9.84
                     470.0                         9.85
                     472.0                         9.87
                     474.0                         9.89
                     476.0                         9.90
                     478.0                         9.92
                     480.0                         9.94
                     482.0                         9.95
                     484.0                         9.97
                     486.0                         9.98
                     488.0                        10.00
                     490.0                        10.02
                     492.0                        10.03
                     494.0                        10.05
                     496.0                        10.07
                     498.0                        10.08
                     500.0                        10.10
                     502.0                        10.11
                     504.0                        10.13
                     506.0                        10.14
                     508.0                        10.16
                     510.0                        10.18
                     512.0                        10.19
                     514.0                        10.21
                     516.0                        10.22
                     518.0                        10.24
                     520.0                        10.25
                     522.0                        10.27
                     524.0                        10.28
                     526.0                        10.30
                     528.0                        10.32
                     530.0                        10.33
                     532.0                        10.35
                     534.0                        10.36
                     536.0                        10.38
                     538.0                        10.39
                     540.0                        10.41
                     542.0                        10.42
                     544.0                        10.44
                     546.0                        10.45
                     548.0                        10.47
                     550.0                        10.48
                     552.0                        10.50
                     554.0                        10.51
                     556.0                        10.53
                     558.0                        10.54
                     560.0                        10.56
                     562.0                        10.57
                     564.0                        10.59
                     566.0                        10.60
                     568.0                        10.62
                     570.0                        10.63
                     572.0                        10.65
                     574.0                        10.66
                     576.0                        10.67
                     578.0                        10.69
                     580.0                        10.70
                     582.0                        10.72
                     584.0                        10.73
                     586.0                        10.75
                     588.0                        10.76
                     590.0                        10.78
                     592.0                        10.79
                     594.0                        10.80
                     596.0                        10.82
                     598.0                        10.83
                     600.0                        10.85
                     602.0                        10.86
                     604.0                        10.88
                     606.0                        10.89
                     608.0                        10.90
                     610.0                        10.92
                     612.0                        10.93
                     614.0                        10.95
                     616.0                        10.96
                     618.0                        10.97
                     620.0                        10.99
                     622.0                        11.00
                     624.0                        11.02
                     626.0                        11.03
                     628.0                        11.04
                     630.0                        11.06
                     632.0                        11.07
                     634.0                        11.08
                     636.0                        11.10
                     638.0                        11.11
                     640.0                        11.13
                     642.0                        11.14
                     644.0                        11.15
                     646.0                        11.17
                     648.0                        11.18
                     650.0                        11.19
                     652.0                        11.21
                     654.0                        11.22
                     656.0                        11.23
                     658.0                        11.25
                     660.0                        11.26
                     662.0                        11.27
                     664.0                        11.29
                     666.0                        11.30
                     668.0                        11.31
                     670.0                        11.33
                     672.0                        11.34
                     674.0                        11.35
                     676.0                        11.37
                     678.0                        11.38
                     680.0                        11.39
                     682.0                        11.41
                     684.0                        11.42
                     686.0                        11.43
                     688.0                        11.45
                     690.0                        11.46
                     692.0                        11.47
                     694.0                        11.49
                     696.0                        11.50
                     698.0                        11.51
                     700.0                        11.52
                     702.0                        11.54
                     704.0                        11.55
                     706.0                        11.56
                     708.0                        11.58
                     710.0                        11.59
                     712.0                        11.60
                     714.0                        11.61
                     716.0                        11.63
                     718.0                        11.64
                     720.0                        11.65
                     722.0                        11.67
                     724.0                        11.68
                     726.0                        11.69
                     728.0                        11.70
                     730.0                        11.72
                     732.0                        11.73
                     734.0                        11.74
                     736.0                        11.75
                     738.0                        11.77
                     740.0                        11.78
                     742.0                        11.79
                     744.0                        11.80
                     746.0                        11.82
                     748.0                        11.83
                     750.0                        11.84
                     752.0                        11.85
                     754.0                        11.87
                     756.0                        11.88
                     758.0                        11.89
                     760.0                        11.90
                     762.0                        11.92
                     764.0                        11.93
                     766.0                        11.94
                     768.0                        11.95
                     770.0                        11.96
                     772.0                        11.98
                     774.0                        11.99
                     776.0                        12.00
                     778.0                        12.01
                     780.0                        12.03
                     782.0                        12.04
                     784.0                        12.05
                     786.0                        12.06
                     788.0                        12.07
                     790.0                        12.09
                     792.0                        12.10
                     794.0                        12.11
                     796.0                        12.12
                     798.0                        12.13
                     800.0                        12.15
                     802.0                        12.16
                     804.0                        12.17
                     806.0                        12.18
                     808.0                        12.19
                     810.0                        12.20
                     812.0                        12.22
                     814.0                        12.23
                     816.0                        12.24
                     818.0                        12.25
                     820.0                        12.26
                     822.0                        12.28
                     824.0                        12.29
                     826.0                        12.30
                     828.0                        12.31
                     830.0                        12.32
                     832.0                        12.33
                     834.0                        12.35
                     836.0                        12.36
                     838.0                        12.37
                     840.0                        12.38
                     842.0                        12.39
                     844.0                        12.40
                     846.0                        12.42
                     848.0                        12.43
                     850.0                        12.44
                     852.0                        12.45
                     854.0                        12.46
                     856.0                        12.47
                     858.0                        12.48
                     860.0                        12.50
                     862.0                        12.51
                     864.0                        12.52
                     866.0                        12.53
                     868.0                        12.54
                     870.0                        12.55
                     872.0                        12.56
                     874.0                        12.58
                     876.0                        12.59
                     878.0                        12.60
                     880.0                        12.61
                     882.0                        12.62
                     884.0                        12.63
                     886.0                        12.64
                     888.0                        12.65
                     890.0                        12.66
                     892.0                        12.68
                     894.0                        12.69
                     896.0                        12.70
                     898.0                        12.71
                     900.0                        12.72
                     902.0                        12.73
                     904.0                        12.74
                     906.0                        12.75
                     908.0                        12.77
                     910.0                        12.78
                     912.0                        12.79
                     914.0                        12.80
                     916.0                        12.81
                     918.0                        12.82
                     920.0                        12.83
                     922.0                        12.84
                     924.0                        12.85
                     926.0                        12.86
                     928.0                        12.87
                     930.0                        12.89
                     932.0                        12.90
                     934.0                        12.91
                     936.0                        12.92
                     938.0                        12.93
                     940.0                        12.94
                     942.0                        12.95
                     944.0                        12.96
                     946.0                        12.97
                     948.0                        12.98
                     950.0                        12.99
                     952.0                        13.00
                     954.0                        13.02
                     956.0                        13.03
                     958.0                        13.04
                     960.0                        13.05
                     962.0                        13.06
                     964.0                        13.07
                     966.0                        13.08
                     968.0                        13.09
                     970.0                        13.10
                     972.0                        13.11
                     974.0                        13.12
                     976.0                        13.13
                     978.0                        13.14
                     980.0                        13.15
                     982.0                        13.16
                     984.0                        13.17
                     986.0                        13.19
                     988.0                        13.20
                     990.0                        13.21
                     992.0                        13.22
                     994.0                        13.23
                     996.0                        13.24
                     998.0                        13.25
                    1000.0                        13.26
