
ELEMENT:
                                      In

SOURCE:
                           Tanuma, Powell and Penn
                    Surface Interface Anal. 21 (1994) 165.
                 IMFP values determined from TPP-2M equation
                                       

ATOMIC WEIGHT:               114.81800

DENSITY:                       7.3100 g/cm**3

TABULATION:

______________________________________________________________________________

                    Energy                         IMFP
                      eV                        Angstroms
______________________________________________________________________________
                      50.0                         5.39
                      54.9                         5.42
                      59.8                         5.46
                      64.6                         5.52
                      69.5                         5.58
                      74.4                         5.65
                      79.3                         5.74
                      84.1                         5.82
                      89.0                         5.92
                      93.9                         6.02
                      98.8                         6.12
                     103.6                         6.22
                     108.5                         6.33
                     113.4                         6.44
                     118.3                         6.54
                     123.1                         6.66
                     128.0                         6.77
                     132.9                         6.88
                     137.8                         6.99
                     142.6                         7.11
                     147.5                         7.22
                     152.4                         7.34
                     157.3                         7.45
                     162.1                         7.57
                     167.0                         7.69
                     171.9                         7.80
                     176.8                         7.92
                     181.6                         8.03
                     186.5                         8.15
                     191.4                         8.26
                     196.3                         8.38
                     201.1                         8.49
                     206.0                         8.61
                     210.9                         8.73
                     215.8                         8.84
                     220.6                         8.96
                     225.5                         9.07
                     230.4                         9.18
                     235.3                         9.30
                     240.1                         9.41
                     245.0                         9.53
                     249.9                         9.64
                     254.8                         9.75
                     259.6                         9.87
                     264.5                         9.98
                     269.4                        10.09
                     274.3                        10.21
                     279.1                        10.32
                     284.0                        10.43
                     288.9                        10.54
                     293.8                        10.65
                     298.6                        10.76
                     303.5                        10.88
                     308.4                        10.99
                     313.3                        11.10
                     318.1                        11.21
                     323.0                        11.32
                     327.9                        11.43
                     332.8                        11.54
                     337.6                        11.65
                     342.5                        11.76
                     347.4                        11.87
                     352.3                        11.98
                     357.1                        12.09
                     362.0                        12.19
                     366.9                        12.30
                     371.8                        12.41
                     376.6                        12.52
                     381.5                        12.63
                     386.4                        12.74
                     391.3                        12.84
                     396.1                        12.95
                     401.0                        13.06
                     405.9                        13.16
                     410.8                        13.27
                     415.6                        13.38
                     420.5                        13.48
                     425.4                        13.59
                     430.3                        13.70
                     435.1                        13.80
                     440.0                        13.91
                     444.9                        14.01
                     449.8                        14.12
                     454.6                        14.22
                     459.5                        14.33
                     464.4                        14.43
                     469.3                        14.54
                     474.1                        14.64
                     479.0                        14.75
                     483.9                        14.85
                     488.8                        14.96
                     493.6                        15.06
                     498.5                        15.16
                     503.4                        15.27
                     508.3                        15.37
                     513.1                        15.47
                     518.0                        15.58
                     522.9                        15.68
                     527.8                        15.78
                     532.6                        15.89
                     537.5                        15.99
                     542.4                        16.09
                     547.3                        16.19
                     552.1                        16.30
                     557.0                        16.40
                     561.9                        16.50
                     566.8                        16.60
                     571.6                        16.70
                     576.5                        16.80
                     581.4                        16.91
                     586.3                        17.01
                     591.1                        17.11
                     596.0                        17.21
                     600.9                        17.31
                     605.8                        17.41
                     610.6                        17.51
                     615.5                        17.61
                     620.4                        17.71
                     625.3                        17.81
                     630.1                        17.91
                     635.0                        18.01
                     639.9                        18.11
                     644.8                        18.21
                     649.6                        18.31
                     654.5                        18.41
                     659.4                        18.51
                     664.3                        18.61
                     669.1                        18.71
                     674.0                        18.81
                     678.9                        18.91
                     683.8                        19.00
                     688.6                        19.10
                     693.5                        19.20
                     698.4                        19.30
                     703.3                        19.40
                     708.1                        19.50
                     713.0                        19.59
                     717.9                        19.69
                     722.8                        19.79
                     727.6                        19.89
                     732.5                        19.99
                     737.4                        20.08
                     742.3                        20.18
                     747.1                        20.28
                     752.0                        20.38
                     756.9                        20.47
                     761.8                        20.57
                     766.6                        20.67
                     771.5                        20.76
                     776.4                        20.86
                     781.3                        20.96
                     786.1                        21.05
                     791.0                        21.15
                     795.9                        21.25
                     800.8                        21.34
                     805.6                        21.44
                     810.5                        21.54
                     815.4                        21.63
                     820.3                        21.73
                     825.1                        21.82
                     830.0                        21.92
                     834.9                        22.02
                     839.8                        22.11
                     844.6                        22.21
                     849.5                        22.30
                     854.4                        22.40
                     859.3                        22.49
                     864.1                        22.59
                     869.0                        22.68
                     873.9                        22.78
                     878.8                        22.87
                     883.6                        22.97
                     888.5                        23.06
                     893.4                        23.16
                     898.3                        23.25
                     903.1                        23.35
                     908.0                        23.44
                     912.9                        23.54
                     917.8                        23.63
                     922.6                        23.72
                     927.5                        23.82
                     932.4                        23.91
                     937.3                        24.01
                     942.1                        24.10
                     947.0                        24.19
                     951.9                        24.29
                     956.8                        24.38
                     961.6                        24.47
                     966.5                        24.57
                     971.4                        24.66
                     976.3                        24.76
                     981.1                        24.85
                     986.0                        24.94
                     990.9                        25.03
                     995.8                        25.13
                    1000.6                        25.22
                    1005.5                        25.31
                    1010.4                        25.41
                    1015.3                        25.50
                    1020.1                        25.59
                    1025.0                        25.68
                    1029.9                        25.78
                    1034.8                        25.87
                    1039.6                        25.96
                    1044.5                        26.05
                    1049.4                        26.15
                    1054.3                        26.24
                    1059.1                        26.33
                    1064.0                        26.42
                    1068.9                        26.52
                    1073.8                        26.61
                    1078.6                        26.70
                    1083.5                        26.79
                    1088.4                        26.88
                    1093.3                        26.98
                    1098.1                        27.07
                    1103.0                        27.16
                    1107.9                        27.25
                    1112.8                        27.34
                    1117.6                        27.43
                    1122.5                        27.52
                    1127.4                        27.62
                    1132.3                        27.71
                    1137.1                        27.80
                    1142.0                        27.89
                    1146.9                        27.98
                    1151.8                        28.07
                    1156.6                        28.16
                    1161.5                        28.25
                    1166.4                        28.34
                    1171.3                        28.43
                    1176.1                        28.53
                    1181.0                        28.62
                    1185.9                        28.71
                    1190.8                        28.80
                    1195.6                        28.89
                    1200.5                        28.98
                    1205.4                        29.07
                    1210.3                        29.16
                    1215.1                        29.25
                    1220.0                        29.34
                    1224.9                        29.43
                    1229.8                        29.52
                    1234.6                        29.61
                    1239.5                        29.70
                    1244.4                        29.79
                    1249.3                        29.88
                    1254.1                        29.97
                    1259.0                        30.06
                    1263.9                        30.15
                    1268.8                        30.24
                    1273.6                        30.33
                    1278.5                        30.42
                    1283.4                        30.51
                    1288.3                        30.60
                    1293.1                        30.69
                    1298.0                        30.77
                    1302.9                        30.86
                    1307.8                        30.95
                    1312.6                        31.04
                    1317.5                        31.13
                    1322.4                        31.22
                    1327.3                        31.31
                    1332.1                        31.40
                    1337.0                        31.49
                    1341.9                        31.58
                    1346.8                        31.67
                    1351.6                        31.75
                    1356.5                        31.84
                    1361.4                        31.93
                    1366.3                        32.02
                    1371.1                        32.11
                    1376.0                        32.20
                    1380.9                        32.29
                    1385.8                        32.37
                    1390.6                        32.46
                    1395.5                        32.55
                    1400.4                        32.64
                    1405.3                        32.73
                    1410.1                        32.82
                    1415.0                        32.90
                    1419.9                        32.99
                    1424.8                        33.08
                    1429.6                        33.17
                    1434.5                        33.26
                    1439.4                        33.34
                    1444.3                        33.43
                    1449.1                        33.52
                    1454.0                        33.61
                    1458.9                        33.69
                    1463.8                        33.78
                    1468.6                        33.87
                    1473.5                        33.96
                    1478.4                        34.05
                    1483.3                        34.13
                    1488.1                        34.22
                    1493.0                        34.31
                    1497.9                        34.39
                    1502.8                        34.48
                    1507.6                        34.57
                    1512.5                        34.66
                    1517.4                        34.74
                    1522.3                        34.83
                    1527.1                        34.92
                    1532.0                        35.01
                    1536.9                        35.09
                    1541.8                        35.18
                    1546.6                        35.27
                    1551.5                        35.35
                    1556.4                        35.44
                    1561.3                        35.53
                    1566.1                        35.61
                    1571.0                        35.70
                    1575.9                        35.79
                    1580.8                        35.87
                    1585.6                        35.96
                    1590.5                        36.05
                    1595.4                        36.13
                    1600.3                        36.22
                    1605.1                        36.31
                    1610.0                        36.39
                    1614.9                        36.48
                    1619.8                        36.57
                    1624.6                        36.65
                    1629.5                        36.74
                    1634.4                        36.82
                    1639.3                        36.91
                    1644.1                        37.00
                    1649.0                        37.08
                    1653.9                        37.17
                    1658.8                        37.25
                    1663.6                        37.34
                    1668.5                        37.43
                    1673.4                        37.51
                    1678.3                        37.60
                    1683.1                        37.68
                    1688.0                        37.77
                    1692.9                        37.86
                    1697.8                        37.94
                    1702.6                        38.03
                    1707.5                        38.11
                    1712.4                        38.20
                    1717.3                        38.28
                    1722.1                        38.37
                    1727.0                        38.46
                    1731.9                        38.54
                    1736.8                        38.63
                    1741.6                        38.71
                    1746.5                        38.80
                    1751.4                        38.88
                    1756.3                        38.97
                    1761.1                        39.05
                    1766.0                        39.14
                    1770.9                        39.22
                    1775.8                        39.31
                    1780.6                        39.39
                    1785.5                        39.48
                    1790.4                        39.56
                    1795.3                        39.65
                    1800.1                        39.73
                    1805.0                        39.82
                    1809.9                        39.90
                    1814.8                        39.99
                    1819.6                        40.07
                    1824.5                        40.16
                    1829.4                        40.24
                    1834.3                        40.33
                    1839.1                        40.41
                    1844.0                        40.50
                    1848.9                        40.58
                    1853.8                        40.67
                    1858.6                        40.75
                    1863.5                        40.84
                    1868.4                        40.92
                    1873.3                        41.00
                    1878.1                        41.09
                    1883.0                        41.17
                    1887.9                        41.26
                    1892.8                        41.34
                    1897.6                        41.43
                    1902.5                        41.51
                    1907.4                        41.59
                    1912.3                        41.68
                    1917.1                        41.76
                    1922.0                        41.85
                    1926.9                        41.93
                    1931.8                        42.02
                    1936.6                        42.10
                    1941.5                        42.18
                    1946.4                        42.27
                    1951.3                        42.35
                    1956.1                        42.44
                    1961.0                        42.52
                    1965.9                        42.60
                    1970.8                        42.69
                    1975.6                        42.77
                    1980.5                        42.85
                    1985.4                        42.94
                    1990.3                        43.02
                    1995.1                        43.11
                    2000.0                        43.19
