
ELEMENT:
                                      Sn

SOURCE:
                           Tanuma, Powell and Penn
                    Surface Interface Anal. 21 (1994) 165.
                 IMFP values determined from TPP-2M equation
                                       

COMMENT:
                                  Grey  tin

ATOMIC WEIGHT:               118.71000

DENSITY:                       5.7690 g/cm**3

TABULATION:

______________________________________________________________________________

                    Energy                         IMFP
                      eV                        Angstroms
______________________________________________________________________________
                      50.0                         5.00
                      54.9                         5.07
                      59.8                         5.15
                      64.6                         5.23
                      69.5                         5.31
                      74.4                         5.40
                      79.3                         5.50
                      84.1                         5.60
                      89.0                         5.70
                      93.9                         5.81
                      98.8                         5.92
                     103.6                         6.03
                     108.5                         6.14
                     113.4                         6.25
                     118.3                         6.37
                     123.1                         6.48
                     128.0                         6.60
                     132.9                         6.72
                     137.8                         6.83
                     142.6                         6.95
                     147.5                         7.07
                     152.4                         7.19
                     157.3                         7.30
                     162.1                         7.42
                     167.0                         7.54
                     171.9                         7.66
                     176.8                         7.78
                     181.6                         7.89
                     186.5                         8.01
                     191.4                         8.13
                     196.3                         8.25
                     201.1                         8.36
                     206.0                         8.48
                     210.9                         8.60
                     215.8                         8.71
                     220.6                         8.83
                     225.5                         8.95
                     230.4                         9.06
                     235.3                         9.18
                     240.1                         9.29
                     245.0                         9.41
                     249.9                         9.52
                     254.8                         9.64
                     259.6                         9.75
                     264.5                         9.87
                     269.4                         9.98
                     274.3                        10.09
                     279.1                        10.21
                     284.0                        10.32
                     288.9                        10.43
                     293.8                        10.55
                     298.6                        10.66
                     303.5                        10.77
                     308.4                        10.88
                     313.3                        11.00
                     318.1                        11.11
                     323.0                        11.22
                     327.9                        11.33
                     332.8                        11.44
                     337.6                        11.55
                     342.5                        11.66
                     347.4                        11.77
                     352.3                        11.88
                     357.1                        11.99
                     362.0                        12.10
                     366.9                        12.21
                     371.8                        12.32
                     376.6                        12.43
                     381.5                        12.54
                     386.4                        12.65
                     391.3                        12.76
                     396.1                        12.86
                     401.0                        12.97
                     405.9                        13.08
                     410.8                        13.19
                     415.6                        13.30
                     420.5                        13.40
                     425.4                        13.51
                     430.3                        13.62
                     435.1                        13.72
                     440.0                        13.83
                     444.9                        13.94
                     449.8                        14.04
                     454.6                        14.15
                     459.5                        14.25
                     464.4                        14.36
                     469.3                        14.47
                     474.1                        14.57
                     479.0                        14.68
                     483.9                        14.78
                     488.8                        14.89
                     493.6                        14.99
                     498.5                        15.10
                     503.4                        15.20
                     508.3                        15.30
                     513.1                        15.41
                     518.0                        15.51
                     522.9                        15.62
                     527.8                        15.72
                     532.6                        15.82
                     537.5                        15.93
                     542.4                        16.03
                     547.3                        16.13
                     552.1                        16.24
                     557.0                        16.34
                     561.9                        16.44
                     566.8                        16.55
                     571.6                        16.65
                     576.5                        16.75
                     581.4                        16.85
                     586.3                        16.95
                     591.1                        17.06
                     596.0                        17.16
                     600.9                        17.26
                     605.8                        17.36
                     610.6                        17.46
                     615.5                        17.56
                     620.4                        17.66
                     625.3                        17.77
                     630.1                        17.87
                     635.0                        17.97
                     639.9                        18.07
                     644.8                        18.17
                     649.6                        18.27
                     654.5                        18.37
                     659.4                        18.47
                     664.3                        18.57
                     669.1                        18.67
                     674.0                        18.77
                     678.9                        18.87
                     683.8                        18.97
                     688.6                        19.07
                     693.5                        19.17
                     698.4                        19.27
                     703.3                        19.37
                     708.1                        19.47
                     713.0                        19.56
                     717.9                        19.66
                     722.8                        19.76
                     727.6                        19.86
                     732.5                        19.96
                     737.4                        20.06
                     742.3                        20.16
                     747.1                        20.25
                     752.0                        20.35
                     756.9                        20.45
                     761.8                        20.55
                     766.6                        20.65
                     771.5                        20.74
                     776.4                        20.84
                     781.3                        20.94
                     786.1                        21.04
                     791.0                        21.13
                     795.9                        21.23
                     800.8                        21.33
                     805.6                        21.43
                     810.5                        21.52
                     815.4                        21.62
                     820.3                        21.72
                     825.1                        21.81
                     830.0                        21.91
                     834.9                        22.01
                     839.8                        22.10
                     844.6                        22.20
                     849.5                        22.29
                     854.4                        22.39
                     859.3                        22.49
                     864.1                        22.58
                     869.0                        22.68
                     873.9                        22.77
                     878.8                        22.87
                     883.6                        22.97
                     888.5                        23.06
                     893.4                        23.16
                     898.3                        23.25
                     903.1                        23.35
                     908.0                        23.44
                     912.9                        23.54
                     917.8                        23.63
                     922.6                        23.73
                     927.5                        23.82
                     932.4                        23.92
                     937.3                        24.01
                     942.1                        24.11
                     947.0                        24.20
                     951.9                        24.30
                     956.8                        24.39
                     961.6                        24.49
                     966.5                        24.58
                     971.4                        24.68
                     976.3                        24.77
                     981.1                        24.86
                     986.0                        24.96
                     990.9                        25.05
                     995.8                        25.15
                    1000.6                        25.24
                    1005.5                        25.33
                    1010.4                        25.43
                    1015.3                        25.52
                    1020.1                        25.61
                    1025.0                        25.71
                    1029.9                        25.80
                    1034.8                        25.89
                    1039.6                        25.99
                    1044.5                        26.08
                    1049.4                        26.17
                    1054.3                        26.27
                    1059.1                        26.36
                    1064.0                        26.45
                    1068.9                        26.55
                    1073.8                        26.64
                    1078.6                        26.73
                    1083.5                        26.82
                    1088.4                        26.92
                    1093.3                        27.01
                    1098.1                        27.10
                    1103.0                        27.19
                    1107.9                        27.29
                    1112.8                        27.38
                    1117.6                        27.47
                    1122.5                        27.56
                    1127.4                        27.66
                    1132.3                        27.75
                    1137.1                        27.84
                    1142.0                        27.93
                    1146.9                        28.02
                    1151.8                        28.12
                    1156.6                        28.21
                    1161.5                        28.30
                    1166.4                        28.39
                    1171.3                        28.48
                    1176.1                        28.57
                    1181.0                        28.67
                    1185.9                        28.76
                    1190.8                        28.85
                    1195.6                        28.94
                    1200.5                        29.03
                    1205.4                        29.12
                    1210.3                        29.21
                    1215.1                        29.30
                    1220.0                        29.40
                    1224.9                        29.49
                    1229.8                        29.58
                    1234.6                        29.67
                    1239.5                        29.76
                    1244.4                        29.85
                    1249.3                        29.94
                    1254.1                        30.03
                    1259.0                        30.12
                    1263.9                        30.21
                    1268.8                        30.30
                    1273.6                        30.39
                    1278.5                        30.48
                    1283.4                        30.57
                    1288.3                        30.66
                    1293.1                        30.75
                    1298.0                        30.84
                    1302.9                        30.93
                    1307.8                        31.02
                    1312.6                        31.11
                    1317.5                        31.20
                    1322.4                        31.29
                    1327.3                        31.38
                    1332.1                        31.47
                    1337.0                        31.56
                    1341.9                        31.65
                    1346.8                        31.74
                    1351.6                        31.83
                    1356.5                        31.92
                    1361.4                        32.01
                    1366.3                        32.10
                    1371.1                        32.19
                    1376.0                        32.28
                    1380.9                        32.37
                    1385.8                        32.46
                    1390.6                        32.55
                    1395.5                        32.64
                    1400.4                        32.73
                    1405.3                        32.82
                    1410.1                        32.90
                    1415.0                        32.99
                    1419.9                        33.08
                    1424.8                        33.17
                    1429.6                        33.26
                    1434.5                        33.35
                    1439.4                        33.44
                    1444.3                        33.53
                    1449.1                        33.62
                    1454.0                        33.70
                    1458.9                        33.79
                    1463.8                        33.88
                    1468.6                        33.97
                    1473.5                        34.06
                    1478.4                        34.15
                    1483.3                        34.24
                    1488.1                        34.32
                    1493.0                        34.41
                    1497.9                        34.50
                    1502.8                        34.59
                    1507.6                        34.68
                    1512.5                        34.76
                    1517.4                        34.85
                    1522.3                        34.94
                    1527.1                        35.03
                    1532.0                        35.12
                    1536.9                        35.20
                    1541.8                        35.29
                    1546.6                        35.38
                    1551.5                        35.47
                    1556.4                        35.56
                    1561.3                        35.64
                    1566.1                        35.73
                    1571.0                        35.82
                    1575.9                        35.91
                    1580.8                        35.99
                    1585.6                        36.08
                    1590.5                        36.17
                    1595.4                        36.26
                    1600.3                        36.34
                    1605.1                        36.43
                    1610.0                        36.52
                    1614.9                        36.60
                    1619.8                        36.69
                    1624.6                        36.78
                    1629.5                        36.87
                    1634.4                        36.95
                    1639.3                        37.04
                    1644.1                        37.13
                    1649.0                        37.21
                    1653.9                        37.30
                    1658.8                        37.39
                    1663.6                        37.48
                    1668.5                        37.56
                    1673.4                        37.65
                    1678.3                        37.74
                    1683.1                        37.82
                    1688.0                        37.91
                    1692.9                        38.00
                    1697.8                        38.08
                    1702.6                        38.17
                    1707.5                        38.26
                    1712.4                        38.34
                    1717.3                        38.43
                    1722.1                        38.51
                    1727.0                        38.60
                    1731.9                        38.69
                    1736.8                        38.77
                    1741.6                        38.86
                    1746.5                        38.95
                    1751.4                        39.03
                    1756.3                        39.12
                    1761.1                        39.20
                    1766.0                        39.29
                    1770.9                        39.38
                    1775.8                        39.46
                    1780.6                        39.55
                    1785.5                        39.63
                    1790.4                        39.72
                    1795.3                        39.81
                    1800.1                        39.89
                    1805.0                        39.98
                    1809.9                        40.06
                    1814.8                        40.15
                    1819.6                        40.23
                    1824.5                        40.32
                    1829.4                        40.41
                    1834.3                        40.49
                    1839.1                        40.58
                    1844.0                        40.66
                    1848.9                        40.75
                    1853.8                        40.83
                    1858.6                        40.92
                    1863.5                        41.00
                    1868.4                        41.09
                    1873.3                        41.18
                    1878.1                        41.26
                    1883.0                        41.35
                    1887.9                        41.43
                    1892.8                        41.52
                    1897.6                        41.60
                    1902.5                        41.69
                    1907.4                        41.77
                    1912.3                        41.86
                    1917.1                        41.94
                    1922.0                        42.03
                    1926.9                        42.11
                    1931.8                        42.20
                    1936.6                        42.28
                    1941.5                        42.37
                    1946.4                        42.45
                    1951.3                        42.54
                    1956.1                        42.62
                    1961.0                        42.71
                    1965.9                        42.79
                    1970.8                        42.88
                    1975.6                        42.96
                    1980.5                        43.04
                    1985.4                        43.13
                    1990.3                        43.21
                    1995.1                        43.30
                    2000.0                        43.38
