
ELEMENT:
                                      Ce

SOURCE:
                           Tanuma, Powell and Penn
                    Surface Interface Anal. 21 (1994) 165.
                 IMFP values determined from TPP-2M equation
                                       

ATOMIC WEIGHT:               140.11600

DENSITY:                       6.7700 g/cm**3

TABULATION:

______________________________________________________________________________

                    Energy                         IMFP
                      eV                        Angstroms
______________________________________________________________________________
                      50.0                         4.70
                      54.9                         4.70
                      59.8                         4.70
                      64.6                         4.71
                      69.5                         4.73
                      74.4                         4.76
                      79.3                         4.80
                      84.1                         4.85
                      89.0                         4.90
                      93.9                         4.96
                      98.8                         5.03
                     103.6                         5.09
                     108.5                         5.16
                     113.4                         5.24
                     118.3                         5.31
                     123.1                         5.39
                     128.0                         5.47
                     132.9                         5.55
                     137.8                         5.63
                     142.6                         5.71
                     147.5                         5.80
                     152.4                         5.88
                     157.3                         5.96
                     162.1                         6.05
                     167.0                         6.13
                     171.9                         6.22
                     176.8                         6.31
                     181.6                         6.39
                     186.5                         6.48
                     191.4                         6.56
                     196.3                         6.65
                     201.1                         6.74
                     206.0                         6.82
                     210.9                         6.91
                     215.8                         7.00
                     220.6                         7.08
                     225.5                         7.17
                     230.4                         7.26
                     235.3                         7.34
                     240.1                         7.43
                     245.0                         7.52
                     249.9                         7.60
                     254.8                         7.69
                     259.6                         7.77
                     264.5                         7.86
                     269.4                         7.95
                     274.3                         8.03
                     279.1                         8.12
                     284.0                         8.20
                     288.9                         8.29
                     293.8                         8.37
                     298.6                         8.46
                     303.5                         8.54
                     308.4                         8.63
                     313.3                         8.71
                     318.1                         8.80
                     323.0                         8.88
                     327.9                         8.97
                     332.8                         9.05
                     337.6                         9.14
                     342.5                         9.22
                     347.4                         9.30
                     352.3                         9.39
                     357.1                         9.47
                     362.0                         9.56
                     366.9                         9.64
                     371.8                         9.72
                     376.6                         9.81
                     381.5                         9.89
                     386.4                         9.97
                     391.3                        10.05
                     396.1                        10.14
                     401.0                        10.22
                     405.9                        10.30
                     410.8                        10.38
                     415.6                        10.47
                     420.5                        10.55
                     425.4                        10.63
                     430.3                        10.71
                     435.1                        10.79
                     440.0                        10.87
                     444.9                        10.96
                     449.8                        11.04
                     454.6                        11.12
                     459.5                        11.20
                     464.4                        11.28
                     469.3                        11.36
                     474.1                        11.44
                     479.0                        11.52
                     483.9                        11.60
                     488.8                        11.68
                     493.6                        11.76
                     498.5                        11.84
                     503.4                        11.92
                     508.3                        12.00
                     513.1                        12.08
                     518.0                        12.16
                     522.9                        12.24
                     527.8                        12.32
                     532.6                        12.40
                     537.5                        12.48
                     542.4                        12.56
                     547.3                        12.64
                     552.1                        12.72
                     557.0                        12.80
                     561.9                        12.88
                     566.8                        12.95
                     571.6                        13.03
                     576.5                        13.11
                     581.4                        13.19
                     586.3                        13.27
                     591.1                        13.35
                     596.0                        13.42
                     600.9                        13.50
                     605.8                        13.58
                     610.6                        13.66
                     615.5                        13.73
                     620.4                        13.81
                     625.3                        13.89
                     630.1                        13.97
                     635.0                        14.04
                     639.9                        14.12
                     644.8                        14.20
                     649.6                        14.28
                     654.5                        14.35
                     659.4                        14.43
                     664.3                        14.51
                     669.1                        14.58
                     674.0                        14.66
                     678.9                        14.74
                     683.8                        14.81
                     688.6                        14.89
                     693.5                        14.97
                     698.4                        15.04
                     703.3                        15.12
                     708.1                        15.19
                     713.0                        15.27
                     717.9                        15.35
                     722.8                        15.42
                     727.6                        15.50
                     732.5                        15.57
                     737.4                        15.65
                     742.3                        15.72
                     747.1                        15.80
                     752.0                        15.88
                     756.9                        15.95
                     761.8                        16.03
                     766.6                        16.10
                     771.5                        16.18
                     776.4                        16.25
                     781.3                        16.33
                     786.1                        16.40
                     791.0                        16.48
                     795.9                        16.55
                     800.8                        16.63
                     805.6                        16.70
                     810.5                        16.77
                     815.4                        16.85
                     820.3                        16.92
                     825.1                        17.00
                     830.0                        17.07
                     834.9                        17.15
                     839.8                        17.22
                     844.6                        17.29
                     849.5                        17.37
                     854.4                        17.44
                     859.3                        17.52
                     864.1                        17.59
                     869.0                        17.66
                     873.9                        17.74
                     878.8                        17.81
                     883.6                        17.88
                     888.5                        17.96
                     893.4                        18.03
                     898.3                        18.10
                     903.1                        18.18
                     908.0                        18.25
                     912.9                        18.32
                     917.8                        18.40
                     922.6                        18.47
                     927.5                        18.54
                     932.4                        18.62
                     937.3                        18.69
                     942.1                        18.76
                     947.0                        18.84
                     951.9                        18.91
                     956.8                        18.98
                     961.6                        19.05
                     966.5                        19.13
                     971.4                        19.20
                     976.3                        19.27
                     981.1                        19.34
                     986.0                        19.42
                     990.9                        19.49
                     995.8                        19.56
                    1000.6                        19.63
                    1005.5                        19.70
                    1010.4                        19.78
                    1015.3                        19.85
                    1020.1                        19.92
                    1025.0                        19.99
                    1029.9                        20.06
                    1034.8                        20.14
                    1039.6                        20.21
                    1044.5                        20.28
                    1049.4                        20.35
                    1054.3                        20.42
                    1059.1                        20.49
                    1064.0                        20.57
                    1068.9                        20.64
                    1073.8                        20.71
                    1078.6                        20.78
                    1083.5                        20.85
                    1088.4                        20.92
                    1093.3                        20.99
                    1098.1                        21.06
                    1103.0                        21.14
                    1107.9                        21.21
                    1112.8                        21.28
                    1117.6                        21.35
                    1122.5                        21.42
                    1127.4                        21.49
                    1132.3                        21.56
                    1137.1                        21.63
                    1142.0                        21.70
                    1146.9                        21.77
                    1151.8                        21.84
                    1156.6                        21.91
                    1161.5                        21.99
                    1166.4                        22.06
                    1171.3                        22.13
                    1176.1                        22.20
                    1181.0                        22.27
                    1185.9                        22.34
                    1190.8                        22.41
                    1195.6                        22.48
                    1200.5                        22.55
                    1205.4                        22.62
                    1210.3                        22.69
                    1215.1                        22.76
                    1220.0                        22.83
                    1224.9                        22.90
                    1229.8                        22.97
                    1234.6                        23.04
                    1239.5                        23.11
                    1244.4                        23.18
                    1249.3                        23.25
                    1254.1                        23.32
                    1259.0                        23.39
                    1263.9                        23.46
                    1268.8                        23.53
                    1273.6                        23.60
                    1278.5                        23.67
                    1283.4                        23.73
                    1288.3                        23.80
                    1293.1                        23.87
                    1298.0                        23.94
                    1302.9                        24.01
                    1307.8                        24.08
                    1312.6                        24.15
                    1317.5                        24.22
                    1322.4                        24.29
                    1327.3                        24.36
                    1332.1                        24.43
                    1337.0                        24.50
                    1341.9                        24.57
                    1346.8                        24.63
                    1351.6                        24.70
                    1356.5                        24.77
                    1361.4                        24.84
                    1366.3                        24.91
                    1371.1                        24.98
                    1376.0                        25.05
                    1380.9                        25.12
                    1385.8                        25.18
                    1390.6                        25.25
                    1395.5                        25.32
                    1400.4                        25.39
                    1405.3                        25.46
                    1410.1                        25.53
                    1415.0                        25.60
                    1419.9                        25.66
                    1424.8                        25.73
                    1429.6                        25.80
                    1434.5                        25.87
                    1439.4                        25.94
                    1444.3                        26.01
                    1449.1                        26.07
                    1454.0                        26.14
                    1458.9                        26.21
                    1463.8                        26.28
                    1468.6                        26.35
                    1473.5                        26.42
                    1478.4                        26.48
                    1483.3                        26.55
                    1488.1                        26.62
                    1493.0                        26.69
                    1497.9                        26.75
                    1502.8                        26.82
                    1507.6                        26.89
                    1512.5                        26.96
                    1517.4                        27.03
                    1522.3                        27.09
                    1527.1                        27.16
                    1532.0                        27.23
                    1536.9                        27.30
                    1541.8                        27.36
                    1546.6                        27.43
                    1551.5                        27.50
                    1556.4                        27.57
                    1561.3                        27.63
                    1566.1                        27.70
                    1571.0                        27.77
                    1575.9                        27.84
                    1580.8                        27.90
                    1585.6                        27.97
                    1590.5                        28.04
                    1595.4                        28.11
                    1600.3                        28.17
                    1605.1                        28.24
                    1610.0                        28.31
                    1614.9                        28.37
                    1619.8                        28.44
                    1624.6                        28.51
                    1629.5                        28.58
                    1634.4                        28.64
                    1639.3                        28.71
                    1644.1                        28.78
                    1649.0                        28.84
                    1653.9                        28.91
                    1658.8                        28.98
                    1663.6                        29.04
                    1668.5                        29.11
                    1673.4                        29.18
                    1678.3                        29.24
                    1683.1                        29.31
                    1688.0                        29.38
                    1692.9                        29.44
                    1697.8                        29.51
                    1702.6                        29.58
                    1707.5                        29.64
                    1712.4                        29.71
                    1717.3                        29.78
                    1722.1                        29.84
                    1727.0                        29.91
                    1731.9                        29.98
                    1736.8                        30.04
                    1741.6                        30.11
                    1746.5                        30.18
                    1751.4                        30.24
                    1756.3                        30.31
                    1761.1                        30.37
                    1766.0                        30.44
                    1770.9                        30.51
                    1775.8                        30.57
                    1780.6                        30.64
                    1785.5                        30.70
                    1790.4                        30.77
                    1795.3                        30.84
                    1800.1                        30.90
                    1805.0                        30.97
                    1809.9                        31.04
                    1814.8                        31.10
                    1819.6                        31.17
                    1824.5                        31.23
                    1829.4                        31.30
                    1834.3                        31.36
                    1839.1                        31.43
                    1844.0                        31.50
                    1848.9                        31.56
                    1853.8                        31.63
                    1858.6                        31.69
                    1863.5                        31.76
                    1868.4                        31.82
                    1873.3                        31.89
                    1878.1                        31.96
                    1883.0                        32.02
                    1887.9                        32.09
                    1892.8                        32.15
                    1897.6                        32.22
                    1902.5                        32.28
                    1907.4                        32.35
                    1912.3                        32.41
                    1917.1                        32.48
                    1922.0                        32.55
                    1926.9                        32.61
                    1931.8                        32.68
                    1936.6                        32.74
                    1941.5                        32.81
                    1946.4                        32.87
                    1951.3                        32.94
                    1956.1                        33.00
                    1961.0                        33.07
                    1965.9                        33.13
                    1970.8                        33.20
                    1975.6                        33.26
                    1980.5                        33.33
                    1985.4                        33.39
                    1990.3                        33.46
                    1995.1                        33.52
                    2000.0                        33.59
