
ELEMENT:
                                      Tb

SOURCE:
                           Tanuma, Powell and Penn
                               Unpublished data
       IMFP values determined from optical data and a theoretical model
                                       

ATOMIC WEIGHT:               158.92534

DENSITY:                       8.2300 g/cm**3

TABULATION:

______________________________________________________________________________

                    Energy                         IMFP
                      eV                        Angstroms
______________________________________________________________________________
                      50.0                         4.17
                      54.9                         4.10
                      59.8                         4.06
                      64.6                         4.04
                      69.5                         4.04
                      74.4                         4.05
                      79.3                         4.08
                      84.1                         4.11
                      89.0                         4.15
                      93.9                         4.20
                      98.8                         4.25
                     103.6                         4.31
                     108.5                         4.37
                     113.4                         4.43
                     118.3                         4.49
                     123.1                         4.56
                     128.0                         4.63
                     132.9                         4.70
                     137.8                         4.77
                     142.6                         4.84
                     147.5                         4.91
                     152.4                         4.98
                     157.3                         5.06
                     162.1                         5.13
                     167.0                         5.20
                     171.9                         5.28
                     176.8                         5.35
                     181.6                         5.43
                     186.5                         5.50
                     191.4                         5.58
                     196.3                         5.65
                     201.1                         5.73
                     206.0                         5.80
                     210.9                         5.88
                     215.8                         5.95
                     220.6                         6.03
                     225.5                         6.10
                     230.4                         6.18
                     235.3                         6.25
                     240.1                         6.33
                     245.0                         6.40
                     249.9                         6.48
                     254.8                         6.55
                     259.6                         6.63
                     264.5                         6.70
                     269.4                         6.78
                     274.3                         6.85
                     279.1                         6.93
                     284.0                         7.00
                     288.9                         7.08
                     293.8                         7.15
                     298.6                         7.22
                     303.5                         7.30
                     308.4                         7.37
                     313.3                         7.45
                     318.1                         7.52
                     323.0                         7.59
                     327.9                         7.67
                     332.8                         7.74
                     337.6                         7.81
                     342.5                         7.89
                     347.4                         7.96
                     352.3                         8.03
                     357.1                         8.11
                     362.0                         8.18
                     366.9                         8.25
                     371.8                         8.32
                     376.6                         8.40
                     381.5                         8.47
                     386.4                         8.54
                     391.3                         8.61
                     396.1                         8.68
                     401.0                         8.76
                     405.9                         8.83
                     410.8                         8.90
                     415.6                         8.97
                     420.5                         9.04
                     425.4                         9.11
                     430.3                         9.18
                     435.1                         9.25
                     440.0                         9.33
                     444.9                         9.40
                     449.8                         9.47
                     454.6                         9.54
                     459.5                         9.61
                     464.4                         9.68
                     469.3                         9.75
                     474.1                         9.82
                     479.0                         9.89
                     483.9                         9.96
                     488.8                        10.03
                     493.6                        10.10
                     498.5                        10.17
                     503.4                        10.24
                     508.3                        10.31
                     513.1                        10.38
                     518.0                        10.45
                     522.9                        10.52
                     527.8                        10.59
                     532.6                        10.65
                     537.5                        10.72
                     542.4                        10.79
                     547.3                        10.86
                     552.1                        10.93
                     557.0                        11.00
                     561.9                        11.07
                     566.8                        11.14
                     571.6                        11.20
                     576.5                        11.27
                     581.4                        11.34
                     586.3                        11.41
                     591.1                        11.48
                     596.0                        11.55
                     600.9                        11.61
                     605.8                        11.68
                     610.6                        11.75
                     615.5                        11.82
                     620.4                        11.88
                     625.3                        11.95
                     630.1                        12.02
                     635.0                        12.09
                     639.9                        12.15
                     644.8                        12.22
                     649.6                        12.29
                     654.5                        12.36
                     659.4                        12.42
                     664.3                        12.49
                     669.1                        12.56
                     674.0                        12.62
                     678.9                        12.69
                     683.8                        12.76
                     688.6                        12.82
                     693.5                        12.89
                     698.4                        12.96
                     703.3                        13.02
                     708.1                        13.09
                     713.0                        13.16
                     717.9                        13.22
                     722.8                        13.29
                     727.6                        13.35
                     732.5                        13.42
                     737.4                        13.49
                     742.3                        13.55
                     747.1                        13.62
                     752.0                        13.68
                     756.9                        13.75
                     761.8                        13.81
                     766.6                        13.88
                     771.5                        13.95
                     776.4                        14.01
                     781.3                        14.08
                     786.1                        14.14
                     791.0                        14.21
                     795.9                        14.27
                     800.8                        14.34
                     805.6                        14.40
                     810.5                        14.47
                     815.4                        14.53
                     820.3                        14.60
                     825.1                        14.66
                     830.0                        14.73
                     834.9                        14.79
                     839.8                        14.86
                     844.6                        14.92
                     849.5                        14.99
                     854.4                        15.05
                     859.3                        15.11
                     864.1                        15.18
                     869.0                        15.24
                     873.9                        15.31
                     878.8                        15.37
                     883.6                        15.44
                     888.5                        15.50
                     893.4                        15.56
                     898.3                        15.63
                     903.1                        15.69
                     908.0                        15.76
                     912.9                        15.82
                     917.8                        15.88
                     922.6                        15.95
                     927.5                        16.01
                     932.4                        16.07
                     937.3                        16.14
                     942.1                        16.20
                     947.0                        16.27
                     951.9                        16.33
                     956.8                        16.39
                     961.6                        16.46
                     966.5                        16.52
                     971.4                        16.58
                     976.3                        16.65
                     981.1                        16.71
                     986.0                        16.77
                     990.9                        16.83
                     995.8                        16.90
                    1000.6                        16.96
                    1005.5                        17.02
                    1010.4                        17.09
                    1015.3                        17.15
                    1020.1                        17.21
                    1025.0                        17.28
                    1029.9                        17.34
                    1034.8                        17.40
                    1039.6                        17.46
                    1044.5                        17.53
                    1049.4                        17.59
                    1054.3                        17.65
                    1059.1                        17.71
                    1064.0                        17.78
                    1068.9                        17.84
                    1073.8                        17.90
                    1078.6                        17.96
                    1083.5                        18.02
                    1088.4                        18.09
                    1093.3                        18.15
                    1098.1                        18.21
                    1103.0                        18.27
                    1107.9                        18.34
                    1112.8                        18.40
                    1117.6                        18.46
                    1122.5                        18.52
                    1127.4                        18.58
                    1132.3                        18.65
                    1137.1                        18.71
                    1142.0                        18.77
                    1146.9                        18.83
                    1151.8                        18.89
                    1156.6                        18.95
                    1161.5                        19.02
                    1166.4                        19.08
                    1171.3                        19.14
                    1176.1                        19.20
                    1181.0                        19.26
                    1185.9                        19.32
                    1190.8                        19.38
                    1195.6                        19.45
                    1200.5                        19.51
                    1205.4                        19.57
                    1210.3                        19.63
                    1215.1                        19.69
                    1220.0                        19.75
                    1224.9                        19.81
                    1229.8                        19.87
                    1234.6                        19.93
                    1239.5                        20.00
                    1244.4                        20.06
                    1249.3                        20.12
                    1254.1                        20.18
                    1259.0                        20.24
                    1263.9                        20.30
                    1268.8                        20.36
                    1273.6                        20.42
                    1278.5                        20.48
                    1283.4                        20.54
                    1288.3                        20.60
                    1293.1                        20.66
                    1298.0                        20.73
                    1302.9                        20.79
                    1307.8                        20.85
                    1312.6                        20.91
                    1317.5                        20.97
                    1322.4                        21.03
                    1327.3                        21.09
                    1332.1                        21.15
                    1337.0                        21.21
                    1341.9                        21.27
                    1346.8                        21.33
                    1351.6                        21.39
                    1356.5                        21.45
                    1361.4                        21.51
                    1366.3                        21.57
                    1371.1                        21.63
                    1376.0                        21.69
                    1380.9                        21.75
                    1385.8                        21.81
                    1390.6                        21.87
                    1395.5                        21.93
                    1400.4                        21.99
                    1405.3                        22.05
                    1410.1                        22.11
                    1415.0                        22.17
                    1419.9                        22.23
                    1424.8                        22.29
                    1429.6                        22.35
                    1434.5                        22.41
                    1439.4                        22.47
                    1444.3                        22.53
                    1449.1                        22.59
                    1454.0                        22.65
                    1458.9                        22.71
                    1463.8                        22.77
                    1468.6                        22.83
                    1473.5                        22.89
                    1478.4                        22.95
                    1483.3                        23.00
                    1488.1                        23.06
                    1493.0                        23.12
                    1497.9                        23.18
                    1502.8                        23.24
                    1507.6                        23.30
                    1512.5                        23.36
                    1517.4                        23.42
                    1522.3                        23.48
                    1527.1                        23.54
                    1532.0                        23.60
                    1536.9                        23.66
                    1541.8                        23.72
                    1546.6                        23.77
                    1551.5                        23.83
                    1556.4                        23.89
                    1561.3                        23.95
                    1566.1                        24.01
                    1571.0                        24.07
                    1575.9                        24.13
                    1580.8                        24.19
                    1585.6                        24.25
                    1590.5                        24.30
                    1595.4                        24.36
                    1600.3                        24.42
                    1605.1                        24.48
                    1610.0                        24.54
                    1614.9                        24.60
                    1619.8                        24.66
                    1624.6                        24.72
                    1629.5                        24.77
                    1634.4                        24.83
                    1639.3                        24.89
                    1644.1                        24.95
                    1649.0                        25.01
                    1653.9                        25.07
                    1658.8                        25.13
                    1663.6                        25.18
                    1668.5                        25.24
                    1673.4                        25.30
                    1678.3                        25.36
                    1683.1                        25.42
                    1688.0                        25.48
                    1692.9                        25.53
                    1697.8                        25.59
                    1702.6                        25.65
                    1707.5                        25.71
                    1712.4                        25.77
                    1717.3                        25.82
                    1722.1                        25.88
                    1727.0                        25.94
                    1731.9                        26.00
                    1736.8                        26.06
                    1741.6                        26.11
                    1746.5                        26.17
                    1751.4                        26.23
                    1756.3                        26.29
                    1761.1                        26.35
                    1766.0                        26.40
                    1770.9                        26.46
                    1775.8                        26.52
                    1780.6                        26.58
                    1785.5                        26.64
                    1790.4                        26.69
                    1795.3                        26.75
                    1800.1                        26.81
                    1805.0                        26.87
                    1809.9                        26.93
                    1814.8                        26.98
                    1819.6                        27.04
                    1824.5                        27.10
                    1829.4                        27.16
                    1834.3                        27.21
                    1839.1                        27.27
                    1844.0                        27.33
                    1848.9                        27.39
                    1853.8                        27.44
                    1858.6                        27.50
                    1863.5                        27.56
                    1868.4                        27.62
                    1873.3                        27.67
                    1878.1                        27.73
                    1883.0                        27.79
                    1887.9                        27.85
                    1892.8                        27.90
                    1897.6                        27.96
                    1902.5                        28.02
                    1907.4                        28.07
                    1912.3                        28.13
                    1917.1                        28.19
                    1922.0                        28.25
                    1926.9                        28.30
                    1931.8                        28.36
                    1936.6                        28.42
                    1941.5                        28.47
                    1946.4                        28.53
                    1951.3                        28.59
                    1956.1                        28.65
                    1961.0                        28.70
                    1965.9                        28.76
                    1970.8                        28.82
                    1975.6                        28.87
                    1980.5                        28.93
                    1985.4                        28.99
                    1990.3                        29.05
                    1995.1                        29.10
                    2000.0                        29.16
