
ELEMENT:
                                      Dy

SOURCE:
                           Tanuma, Powell and Penn
                               Unpublished data
       IMFP values determined from optical data and a theoretical model
                                       

ATOMIC WEIGHT:               162.50000

DENSITY:                       8.5500 g/cm**3

TABULATION:

______________________________________________________________________________

                    Energy                         IMFP
                      eV                        Angstroms
______________________________________________________________________________
                      50.0                         3.91
                      54.9                         3.91
                      59.8                         3.91
                      64.6                         3.94
                      69.5                         3.97
                      74.4                         4.01
                      79.3                         4.06
                      84.1                         4.11
                      89.0                         4.17
                      93.9                         4.23
                      98.8                         4.30
                     103.6                         4.36
                     108.5                         4.43
                     113.4                         4.50
                     118.3                         4.58
                     123.1                         4.65
                     128.0                         4.73
                     132.9                         4.80
                     137.8                         4.88
                     142.6                         4.96
                     147.5                         5.04
                     152.4                         5.11
                     157.3                         5.19
                     162.1                         5.27
                     167.0                         5.35
                     171.9                         5.43
                     176.8                         5.51
                     181.6                         5.59
                     186.5                         5.67
                     191.4                         5.74
                     196.3                         5.82
                     201.1                         5.90
                     206.0                         5.98
                     210.9                         6.06
                     215.8                         6.14
                     220.6                         6.22
                     225.5                         6.30
                     230.4                         6.38
                     235.3                         6.46
                     240.1                         6.53
                     245.0                         6.61
                     249.9                         6.69
                     254.8                         6.77
                     259.6                         6.85
                     264.5                         6.92
                     269.4                         7.00
                     274.3                         7.08
                     279.1                         7.16
                     284.0                         7.23
                     288.9                         7.31
                     293.8                         7.39
                     298.6                         7.47
                     303.5                         7.54
                     308.4                         7.62
                     313.3                         7.70
                     318.1                         7.77
                     323.0                         7.85
                     327.9                         7.92
                     332.8                         8.00
                     337.6                         8.08
                     342.5                         8.15
                     347.4                         8.23
                     352.3                         8.30
                     357.1                         8.38
                     362.0                         8.45
                     366.9                         8.53
                     371.8                         8.60
                     376.6                         8.68
                     381.5                         8.75
                     386.4                         8.83
                     391.3                         8.90
                     396.1                         8.98
                     401.0                         9.05
                     405.9                         9.12
                     410.8                         9.20
                     415.6                         9.27
                     420.5                         9.34
                     425.4                         9.42
                     430.3                         9.49
                     435.1                         9.57
                     440.0                         9.64
                     444.9                         9.71
                     449.8                         9.78
                     454.6                         9.86
                     459.5                         9.93
                     464.4                        10.00
                     469.3                        10.07
                     474.1                        10.15
                     479.0                        10.22
                     483.9                        10.29
                     488.8                        10.36
                     493.6                        10.44
                     498.5                        10.51
                     503.4                        10.58
                     508.3                        10.65
                     513.1                        10.72
                     518.0                        10.79
                     522.9                        10.86
                     527.8                        10.94
                     532.6                        11.01
                     537.5                        11.08
                     542.4                        11.15
                     547.3                        11.22
                     552.1                        11.29
                     557.0                        11.36
                     561.9                        11.43
                     566.8                        11.50
                     571.6                        11.57
                     576.5                        11.64
                     581.4                        11.71
                     586.3                        11.78
                     591.1                        11.85
                     596.0                        11.92
                     600.9                        11.99
                     605.8                        12.06
                     610.6                        12.13
                     615.5                        12.20
                     620.4                        12.27
                     625.3                        12.34
                     630.1                        12.41
                     635.0                        12.48
                     639.9                        12.55
                     644.8                        12.62
                     649.6                        12.69
                     654.5                        12.76
                     659.4                        12.82
                     664.3                        12.89
                     669.1                        12.96
                     674.0                        13.03
                     678.9                        13.10
                     683.8                        13.17
                     688.6                        13.24
                     693.5                        13.30
                     698.4                        13.37
                     703.3                        13.44
                     708.1                        13.51
                     713.0                        13.58
                     717.9                        13.64
                     722.8                        13.71
                     727.6                        13.78
                     732.5                        13.85
                     737.4                        13.92
                     742.3                        13.98
                     747.1                        14.05
                     752.0                        14.12
                     756.9                        14.19
                     761.8                        14.25
                     766.6                        14.32
                     771.5                        14.39
                     776.4                        14.45
                     781.3                        14.52
                     786.1                        14.59
                     791.0                        14.65
                     795.9                        14.72
                     800.8                        14.79
                     805.6                        14.86
                     810.5                        14.92
                     815.4                        14.99
                     820.3                        15.05
                     825.1                        15.12
                     830.0                        15.19
                     834.9                        15.25
                     839.8                        15.32
                     844.6                        15.39
                     849.5                        15.45
                     854.4                        15.52
                     859.3                        15.58
                     864.1                        15.65
                     869.0                        15.72
                     873.9                        15.78
                     878.8                        15.85
                     883.6                        15.91
                     888.5                        15.98
                     893.4                        16.05
                     898.3                        16.11
                     903.1                        16.18
                     908.0                        16.24
                     912.9                        16.31
                     917.8                        16.37
                     922.6                        16.44
                     927.5                        16.50
                     932.4                        16.57
                     937.3                        16.63
                     942.1                        16.70
                     947.0                        16.76
                     951.9                        16.83
                     956.8                        16.89
                     961.6                        16.96
                     966.5                        17.02
                     971.4                        17.09
                     976.3                        17.15
                     981.1                        17.22
                     986.0                        17.28
                     990.9                        17.35
                     995.8                        17.41
                    1000.6                        17.48
                    1005.5                        17.54
                    1010.4                        17.61
                    1015.3                        17.67
                    1020.1                        17.73
                    1025.0                        17.80
                    1029.9                        17.86
                    1034.8                        17.93
                    1039.6                        17.99
                    1044.5                        18.06
                    1049.4                        18.12
                    1054.3                        18.18
                    1059.1                        18.25
                    1064.0                        18.31
                    1068.9                        18.37
                    1073.8                        18.44
                    1078.6                        18.50
                    1083.5                        18.57
                    1088.4                        18.63
                    1093.3                        18.69
                    1098.1                        18.76
                    1103.0                        18.82
                    1107.9                        18.88
                    1112.8                        18.95
                    1117.6                        19.01
                    1122.5                        19.07
                    1127.4                        19.14
                    1132.3                        19.20
                    1137.1                        19.26
                    1142.0                        19.33
                    1146.9                        19.39
                    1151.8                        19.45
                    1156.6                        19.52
                    1161.5                        19.58
                    1166.4                        19.64
                    1171.3                        19.71
                    1176.1                        19.77
                    1181.0                        19.83
                    1185.9                        19.89
                    1190.8                        19.96
                    1195.6                        20.02
                    1200.5                        20.08
                    1205.4                        20.15
                    1210.3                        20.21
                    1215.1                        20.27
                    1220.0                        20.33
                    1224.9                        20.40
                    1229.8                        20.46
                    1234.6                        20.52
                    1239.5                        20.58
                    1244.4                        20.65
                    1249.3                        20.71
                    1254.1                        20.77
                    1259.0                        20.83
                    1263.9                        20.89
                    1268.8                        20.96
                    1273.6                        21.02
                    1278.5                        21.08
                    1283.4                        21.14
                    1288.3                        21.20
                    1293.1                        21.27
                    1298.0                        21.33
                    1302.9                        21.39
                    1307.8                        21.45
                    1312.6                        21.51
                    1317.5                        21.58
                    1322.4                        21.64
                    1327.3                        21.70
                    1332.1                        21.76
                    1337.0                        21.82
                    1341.9                        21.88
                    1346.8                        21.95
                    1351.6                        22.01
                    1356.5                        22.07
                    1361.4                        22.13
                    1366.3                        22.19
                    1371.1                        22.25
                    1376.0                        22.32
                    1380.9                        22.38
                    1385.8                        22.44
                    1390.6                        22.50
                    1395.5                        22.56
                    1400.4                        22.62
                    1405.3                        22.68
                    1410.1                        22.74
                    1415.0                        22.81
                    1419.9                        22.87
                    1424.8                        22.93
                    1429.6                        22.99
                    1434.5                        23.05
                    1439.4                        23.11
                    1444.3                        23.17
                    1449.1                        23.23
                    1454.0                        23.29
                    1458.9                        23.35
                    1463.8                        23.42
                    1468.6                        23.48
                    1473.5                        23.54
                    1478.4                        23.60
                    1483.3                        23.66
                    1488.1                        23.72
                    1493.0                        23.78
                    1497.9                        23.84
                    1502.8                        23.90
                    1507.6                        23.96
                    1512.5                        24.02
                    1517.4                        24.08
                    1522.3                        24.14
                    1527.1                        24.20
                    1532.0                        24.26
                    1536.9                        24.32
                    1541.8                        24.38
                    1546.6                        24.45
                    1551.5                        24.51
                    1556.4                        24.57
                    1561.3                        24.63
                    1566.1                        24.69
                    1571.0                        24.75
                    1575.9                        24.81
                    1580.8                        24.87
                    1585.6                        24.93
                    1590.5                        24.99
                    1595.4                        25.05
                    1600.3                        25.11
                    1605.1                        25.17
                    1610.0                        25.23
                    1614.9                        25.29
                    1619.8                        25.35
                    1624.6                        25.41
                    1629.5                        25.47
                    1634.4                        25.53
                    1639.3                        25.59
                    1644.1                        25.65
                    1649.0                        25.71
                    1653.9                        25.77
                    1658.8                        25.83
                    1663.6                        25.88
                    1668.5                        25.94
                    1673.4                        26.00
                    1678.3                        26.06
                    1683.1                        26.12
                    1688.0                        26.18
                    1692.9                        26.24
                    1697.8                        26.30
                    1702.6                        26.36
                    1707.5                        26.42
                    1712.4                        26.48
                    1717.3                        26.54
                    1722.1                        26.60
                    1727.0                        26.66
                    1731.9                        26.72
                    1736.8                        26.78
                    1741.6                        26.84
                    1746.5                        26.90
                    1751.4                        26.95
                    1756.3                        27.01
                    1761.1                        27.07
                    1766.0                        27.13
                    1770.9                        27.19
                    1775.8                        27.25
                    1780.6                        27.31
                    1785.5                        27.37
                    1790.4                        27.43
                    1795.3                        27.49
                    1800.1                        27.55
                    1805.0                        27.60
                    1809.9                        27.66
                    1814.8                        27.72
                    1819.6                        27.78
                    1824.5                        27.84
                    1829.4                        27.90
                    1834.3                        27.96
                    1839.1                        28.02
                    1844.0                        28.08
                    1848.9                        28.13
                    1853.8                        28.19
                    1858.6                        28.25
                    1863.5                        28.31
                    1868.4                        28.37
                    1873.3                        28.43
                    1878.1                        28.49
                    1883.0                        28.54
                    1887.9                        28.60
                    1892.8                        28.66
                    1897.6                        28.72
                    1902.5                        28.78
                    1907.4                        28.84
                    1912.3                        28.90
                    1917.1                        28.95
                    1922.0                        29.01
                    1926.9                        29.07
                    1931.8                        29.13
                    1936.6                        29.19
                    1941.5                        29.25
                    1946.4                        29.30
                    1951.3                        29.36
                    1956.1                        29.42
                    1961.0                        29.48
                    1965.9                        29.54
                    1970.8                        29.60
                    1975.6                        29.65
                    1980.5                        29.71
                    1985.4                        29.77
                    1990.3                        29.83
                    1995.1                        29.89
                    2000.0                        29.94
