
ELEMENT:
                                      Ho

SOURCE:
                           Tanuma, Powell and Penn
                    Surface Interface Anal. 21 (1994) 165.
                 IMFP values determined from TPP-2M equation
                                       

ATOMIC WEIGHT:               164.93032

DENSITY:                       8.8000 g/cm**3

TABULATION:

______________________________________________________________________________

                    Energy                         IMFP
                      eV                        Angstroms
______________________________________________________________________________
                      50.0                         4.95
                      54.9                         4.88
                      59.8                         4.83
                      64.6                         4.80
                      69.5                         4.78
                      74.4                         4.78
                      79.3                         4.80
                      84.1                         4.82
                      89.0                         4.86
                      93.9                         4.90
                      98.8                         4.95
                     103.6                         5.00
                     108.5                         5.06
                     113.4                         5.12
                     118.3                         5.18
                     123.1                         5.25
                     128.0                         5.32
                     132.9                         5.39
                     137.8                         5.46
                     142.6                         5.53
                     147.5                         5.61
                     152.4                         5.68
                     157.3                         5.76
                     162.1                         5.84
                     167.0                         5.91
                     171.9                         5.99
                     176.8                         6.07
                     181.6                         6.15
                     186.5                         6.22
                     191.4                         6.30
                     196.3                         6.38
                     201.1                         6.46
                     206.0                         6.54
                     210.9                         6.62
                     215.8                         6.70
                     220.6                         6.78
                     225.5                         6.86
                     230.4                         6.94
                     235.3                         7.02
                     240.1                         7.10
                     245.0                         7.18
                     249.9                         7.26
                     254.8                         7.34
                     259.6                         7.42
                     264.5                         7.50
                     269.4                         7.58
                     274.3                         7.66
                     279.1                         7.74
                     284.0                         7.81
                     288.9                         7.89
                     293.8                         7.97
                     298.6                         8.05
                     303.5                         8.13
                     308.4                         8.21
                     313.3                         8.29
                     318.1                         8.37
                     323.0                         8.45
                     327.9                         8.52
                     332.8                         8.60
                     337.6                         8.68
                     342.5                         8.76
                     347.4                         8.84
                     352.3                         8.91
                     357.1                         8.99
                     362.0                         9.07
                     366.9                         9.15
                     371.8                         9.22
                     376.6                         9.30
                     381.5                         9.38
                     386.4                         9.45
                     391.3                         9.53
                     396.1                         9.61
                     401.0                         9.68
                     405.9                         9.76
                     410.8                         9.84
                     415.6                         9.91
                     420.5                         9.99
                     425.4                        10.07
                     430.3                        10.14
                     435.1                        10.22
                     440.0                        10.29
                     444.9                        10.37
                     449.8                        10.44
                     454.6                        10.52
                     459.5                        10.60
                     464.4                        10.67
                     469.3                        10.75
                     474.1                        10.82
                     479.0                        10.90
                     483.9                        10.97
                     488.8                        11.04
                     493.6                        11.12
                     498.5                        11.19
                     503.4                        11.27
                     508.3                        11.34
                     513.1                        11.42
                     518.0                        11.49
                     522.9                        11.56
                     527.8                        11.64
                     532.6                        11.71
                     537.5                        11.79
                     542.4                        11.86
                     547.3                        11.93
                     552.1                        12.01
                     557.0                        12.08
                     561.9                        12.15
                     566.8                        12.23
                     571.6                        12.30
                     576.5                        12.37
                     581.4                        12.45
                     586.3                        12.52
                     591.1                        12.59
                     596.0                        12.66
                     600.9                        12.74
                     605.8                        12.81
                     610.6                        12.88
                     615.5                        12.95
                     620.4                        13.03
                     625.3                        13.10
                     630.1                        13.17
                     635.0                        13.24
                     639.9                        13.31
                     644.8                        13.38
                     649.6                        13.46
                     654.5                        13.53
                     659.4                        13.60
                     664.3                        13.67
                     669.1                        13.74
                     674.0                        13.81
                     678.9                        13.88
                     683.8                        13.96
                     688.6                        14.03
                     693.5                        14.10
                     698.4                        14.17
                     703.3                        14.24
                     708.1                        14.31
                     713.0                        14.38
                     717.9                        14.45
                     722.8                        14.52
                     727.6                        14.59
                     732.5                        14.66
                     737.4                        14.73
                     742.3                        14.80
                     747.1                        14.87
                     752.0                        14.94
                     756.9                        15.01
                     761.8                        15.08
                     766.6                        15.15
                     771.5                        15.22
                     776.4                        15.29
                     781.3                        15.36
                     786.1                        15.43
                     791.0                        15.50
                     795.9                        15.57
                     800.8                        15.64
                     805.6                        15.71
                     810.5                        15.78
                     815.4                        15.85
                     820.3                        15.92
                     825.1                        15.99
                     830.0                        16.06
                     834.9                        16.13
                     839.8                        16.19
                     844.6                        16.26
                     849.5                        16.33
                     854.4                        16.40
                     859.3                        16.47
                     864.1                        16.54
                     869.0                        16.61
                     873.9                        16.68
                     878.8                        16.74
                     883.6                        16.81
                     888.5                        16.88
                     893.4                        16.95
                     898.3                        17.02
                     903.1                        17.09
                     908.0                        17.15
                     912.9                        17.22
                     917.8                        17.29
                     922.6                        17.36
                     927.5                        17.43
                     932.4                        17.49
                     937.3                        17.56
                     942.1                        17.63
                     947.0                        17.70
                     951.9                        17.76
                     956.8                        17.83
                     961.6                        17.90
                     966.5                        17.97
                     971.4                        18.03
                     976.3                        18.10
                     981.1                        18.17
                     986.0                        18.24
                     990.9                        18.30
                     995.8                        18.37
                    1000.6                        18.44
                    1005.5                        18.50
                    1010.4                        18.57
                    1015.3                        18.64
                    1020.1                        18.70
                    1025.0                        18.77
                    1029.9                        18.84
                    1034.8                        18.91
                    1039.6                        18.97
                    1044.5                        19.04
                    1049.4                        19.11
                    1054.3                        19.17
                    1059.1                        19.24
                    1064.0                        19.30
                    1068.9                        19.37
                    1073.8                        19.44
                    1078.6                        19.50
                    1083.5                        19.57
                    1088.4                        19.64
                    1093.3                        19.70
                    1098.1                        19.77
                    1103.0                        19.83
                    1107.9                        19.90
                    1112.8                        19.97
                    1117.6                        20.03
                    1122.5                        20.10
                    1127.4                        20.16
                    1132.3                        20.23
                    1137.1                        20.30
                    1142.0                        20.36
                    1146.9                        20.43
                    1151.8                        20.49
                    1156.6                        20.56
                    1161.5                        20.62
                    1166.4                        20.69
                    1171.3                        20.76
                    1176.1                        20.82
                    1181.0                        20.89
                    1185.9                        20.95
                    1190.8                        21.02
                    1195.6                        21.08
                    1200.5                        21.15
                    1205.4                        21.21
                    1210.3                        21.28
                    1215.1                        21.34
                    1220.0                        21.41
                    1224.9                        21.47
                    1229.8                        21.54
                    1234.6                        21.60
                    1239.5                        21.67
                    1244.4                        21.73
                    1249.3                        21.80
                    1254.1                        21.86
                    1259.0                        21.93
                    1263.9                        21.99
                    1268.8                        22.06
                    1273.6                        22.12
                    1278.5                        22.19
                    1283.4                        22.25
                    1288.3                        22.32
                    1293.1                        22.38
                    1298.0                        22.44
                    1302.9                        22.51
                    1307.8                        22.57
                    1312.6                        22.64
                    1317.5                        22.70
                    1322.4                        22.77
                    1327.3                        22.83
                    1332.1                        22.89
                    1337.0                        22.96
                    1341.9                        23.02
                    1346.8                        23.09
                    1351.6                        23.15
                    1356.5                        23.21
                    1361.4                        23.28
                    1366.3                        23.34
                    1371.1                        23.41
                    1376.0                        23.47
                    1380.9                        23.53
                    1385.8                        23.60
                    1390.6                        23.66
                    1395.5                        23.73
                    1400.4                        23.79
                    1405.3                        23.85
                    1410.1                        23.92
                    1415.0                        23.98
                    1419.9                        24.04
                    1424.8                        24.11
                    1429.6                        24.17
                    1434.5                        24.23
                    1439.4                        24.30
                    1444.3                        24.36
                    1449.1                        24.42
                    1454.0                        24.49
                    1458.9                        24.55
                    1463.8                        24.61
                    1468.6                        24.68
                    1473.5                        24.74
                    1478.4                        24.80
                    1483.3                        24.87
                    1488.1                        24.93
                    1493.0                        24.99
                    1497.9                        25.06
                    1502.8                        25.12
                    1507.6                        25.18
                    1512.5                        25.25
                    1517.4                        25.31
                    1522.3                        25.37
                    1527.1                        25.43
                    1532.0                        25.50
                    1536.9                        25.56
                    1541.8                        25.62
                    1546.6                        25.69
                    1551.5                        25.75
                    1556.4                        25.81
                    1561.3                        25.87
                    1566.1                        25.94
                    1571.0                        26.00
                    1575.9                        26.06
                    1580.8                        26.12
                    1585.6                        26.19
                    1590.5                        26.25
                    1595.4                        26.31
                    1600.3                        26.37
                    1605.1                        26.44
                    1610.0                        26.50
                    1614.9                        26.56
                    1619.8                        26.62
                    1624.6                        26.69
                    1629.5                        26.75
                    1634.4                        26.81
                    1639.3                        26.87
                    1644.1                        26.93
                    1649.0                        27.00
                    1653.9                        27.06
                    1658.8                        27.12
                    1663.6                        27.18
                    1668.5                        27.25
                    1673.4                        27.31
                    1678.3                        27.37
                    1683.1                        27.43
                    1688.0                        27.49
                    1692.9                        27.55
                    1697.8                        27.62
                    1702.6                        27.68
                    1707.5                        27.74
                    1712.4                        27.80
                    1717.3                        27.86
                    1722.1                        27.93
                    1727.0                        27.99
                    1731.9                        28.05
                    1736.8                        28.11
                    1741.6                        28.17
                    1746.5                        28.23
                    1751.4                        28.30
                    1756.3                        28.36
                    1761.1                        28.42
                    1766.0                        28.48
                    1770.9                        28.54
                    1775.8                        28.60
                    1780.6                        28.66
                    1785.5                        28.73
                    1790.4                        28.79
                    1795.3                        28.85
                    1800.1                        28.91
                    1805.0                        28.97
                    1809.9                        29.03
                    1814.8                        29.09
                    1819.6                        29.16
                    1824.5                        29.22
                    1829.4                        29.28
                    1834.3                        29.34
                    1839.1                        29.40
                    1844.0                        29.46
                    1848.9                        29.52
                    1853.8                        29.58
                    1858.6                        29.64
                    1863.5                        29.71
                    1868.4                        29.77
                    1873.3                        29.83
                    1878.1                        29.89
                    1883.0                        29.95
                    1887.9                        30.01
                    1892.8                        30.07
                    1897.6                        30.13
                    1902.5                        30.19
                    1907.4                        30.25
                    1912.3                        30.31
                    1917.1                        30.37
                    1922.0                        30.44
                    1926.9                        30.50
                    1931.8                        30.56
                    1936.6                        30.62
                    1941.5                        30.68
                    1946.4                        30.74
                    1951.3                        30.80
                    1956.1                        30.86
                    1961.0                        30.92
                    1965.9                        30.98
                    1970.8                        31.04
                    1975.6                        31.10
                    1980.5                        31.16
                    1985.4                        31.22
                    1990.3                        31.28
                    1995.1                        31.34
                    2000.0                        31.40
