
ELEMENT:
                                      Er

SOURCE:
                           Tanuma, Powell and Penn
                    Surface Interface Anal. 21 (1994) 165.
                 IMFP values determined from TPP-2M equation
                                       

ATOMIC WEIGHT:               167.26000

DENSITY:                       9.0700 g/cm**3

TABULATION:

______________________________________________________________________________

                    Energy                         IMFP
                      eV                        Angstroms
______________________________________________________________________________
                      50.0                         4.98
                      54.9                         4.91
                      59.8                         4.85
                      64.6                         4.81
                      69.5                         4.79
                      74.4                         4.79
                      79.3                         4.80
                      84.1                         4.82
                      89.0                         4.85
                      93.9                         4.89
                      98.8                         4.94
                     103.6                         4.99
                     108.5                         5.04
                     113.4                         5.10
                     118.3                         5.16
                     123.1                         5.23
                     128.0                         5.30
                     132.9                         5.37
                     137.8                         5.44
                     142.6                         5.51
                     147.5                         5.58
                     152.4                         5.65
                     157.3                         5.73
                     162.1                         5.80
                     167.0                         5.88
                     171.9                         5.96
                     176.8                         6.03
                     181.6                         6.11
                     186.5                         6.19
                     191.4                         6.27
                     196.3                         6.35
                     201.1                         6.42
                     206.0                         6.50
                     210.9                         6.58
                     215.8                         6.66
                     220.6                         6.74
                     225.5                         6.82
                     230.4                         6.90
                     235.3                         6.97
                     240.1                         7.05
                     245.0                         7.13
                     249.9                         7.21
                     254.8                         7.29
                     259.6                         7.37
                     264.5                         7.45
                     269.4                         7.53
                     274.3                         7.60
                     279.1                         7.68
                     284.0                         7.76
                     288.9                         7.84
                     293.8                         7.92
                     298.6                         8.00
                     303.5                         8.07
                     308.4                         8.15
                     313.3                         8.23
                     318.1                         8.31
                     323.0                         8.38
                     327.9                         8.46
                     332.8                         8.54
                     337.6                         8.62
                     342.5                         8.69
                     347.4                         8.77
                     352.3                         8.85
                     357.1                         8.93
                     362.0                         9.00
                     366.9                         9.08
                     371.8                         9.16
                     376.6                         9.23
                     381.5                         9.31
                     386.4                         9.38
                     391.3                         9.46
                     396.1                         9.54
                     401.0                         9.61
                     405.9                         9.69
                     410.8                         9.76
                     415.6                         9.84
                     420.5                         9.91
                     425.4                         9.99
                     430.3                        10.06
                     435.1                        10.14
                     440.0                        10.21
                     444.9                        10.29
                     449.8                        10.36
                     454.6                        10.44
                     459.5                        10.51
                     464.4                        10.59
                     469.3                        10.66
                     474.1                        10.74
                     479.0                        10.81
                     483.9                        10.88
                     488.8                        10.96
                     493.6                        11.03
                     498.5                        11.11
                     503.4                        11.18
                     508.3                        11.25
                     513.1                        11.33
                     518.0                        11.40
                     522.9                        11.47
                     527.8                        11.55
                     532.6                        11.62
                     537.5                        11.69
                     542.4                        11.77
                     547.3                        11.84
                     552.1                        11.91
                     557.0                        11.98
                     561.9                        12.06
                     566.8                        12.13
                     571.6                        12.20
                     576.5                        12.27
                     581.4                        12.35
                     586.3                        12.42
                     591.1                        12.49
                     596.0                        12.56
                     600.9                        12.63
                     605.8                        12.70
                     610.6                        12.78
                     615.5                        12.85
                     620.4                        12.92
                     625.3                        12.99
                     630.1                        13.06
                     635.0                        13.13
                     639.9                        13.20
                     644.8                        13.28
                     649.6                        13.35
                     654.5                        13.42
                     659.4                        13.49
                     664.3                        13.56
                     669.1                        13.63
                     674.0                        13.70
                     678.9                        13.77
                     683.8                        13.84
                     688.6                        13.91
                     693.5                        13.98
                     698.4                        14.05
                     703.3                        14.12
                     708.1                        14.19
                     713.0                        14.26
                     717.9                        14.33
                     722.8                        14.40
                     727.6                        14.47
                     732.5                        14.54
                     737.4                        14.61
                     742.3                        14.68
                     747.1                        14.75
                     752.0                        14.82
                     756.9                        14.89
                     761.8                        14.96
                     766.6                        15.03
                     771.5                        15.10
                     776.4                        15.17
                     781.3                        15.23
                     786.1                        15.30
                     791.0                        15.37
                     795.9                        15.44
                     800.8                        15.51
                     805.6                        15.58
                     810.5                        15.65
                     815.4                        15.72
                     820.3                        15.78
                     825.1                        15.85
                     830.0                        15.92
                     834.9                        15.99
                     839.8                        16.06
                     844.6                        16.13
                     849.5                        16.19
                     854.4                        16.26
                     859.3                        16.33
                     864.1                        16.40
                     869.0                        16.47
                     873.9                        16.53
                     878.8                        16.60
                     883.6                        16.67
                     888.5                        16.74
                     893.4                        16.80
                     898.3                        16.87
                     903.1                        16.94
                     908.0                        17.01
                     912.9                        17.07
                     917.8                        17.14
                     922.6                        17.21
                     927.5                        17.28
                     932.4                        17.34
                     937.3                        17.41
                     942.1                        17.48
                     947.0                        17.54
                     951.9                        17.61
                     956.8                        17.68
                     961.6                        17.75
                     966.5                        17.81
                     971.4                        17.88
                     976.3                        17.95
                     981.1                        18.01
                     986.0                        18.08
                     990.9                        18.15
                     995.8                        18.21
                    1000.6                        18.28
                    1005.5                        18.34
                    1010.4                        18.41
                    1015.3                        18.48
                    1020.1                        18.54
                    1025.0                        18.61
                    1029.9                        18.68
                    1034.8                        18.74
                    1039.6                        18.81
                    1044.5                        18.87
                    1049.4                        18.94
                    1054.3                        19.01
                    1059.1                        19.07
                    1064.0                        19.14
                    1068.9                        19.20
                    1073.8                        19.27
                    1078.6                        19.33
                    1083.5                        19.40
                    1088.4                        19.47
                    1093.3                        19.53
                    1098.1                        19.60
                    1103.0                        19.66
                    1107.9                        19.73
                    1112.8                        19.79
                    1117.6                        19.86
                    1122.5                        19.92
                    1127.4                        19.99
                    1132.3                        20.05
                    1137.1                        20.12
                    1142.0                        20.18
                    1146.9                        20.25
                    1151.8                        20.31
                    1156.6                        20.38
                    1161.5                        20.44
                    1166.4                        20.51
                    1171.3                        20.57
                    1176.1                        20.64
                    1181.0                        20.70
                    1185.9                        20.77
                    1190.8                        20.83
                    1195.6                        20.90
                    1200.5                        20.96
                    1205.4                        21.03
                    1210.3                        21.09
                    1215.1                        21.16
                    1220.0                        21.22
                    1224.9                        21.28
                    1229.8                        21.35
                    1234.6                        21.41
                    1239.5                        21.48
                    1244.4                        21.54
                    1249.3                        21.61
                    1254.1                        21.67
                    1259.0                        21.73
                    1263.9                        21.80
                    1268.8                        21.86
                    1273.6                        21.93
                    1278.5                        21.99
                    1283.4                        22.05
                    1288.3                        22.12
                    1293.1                        22.18
                    1298.0                        22.25
                    1302.9                        22.31
                    1307.8                        22.37
                    1312.6                        22.44
                    1317.5                        22.50
                    1322.4                        22.56
                    1327.3                        22.63
                    1332.1                        22.69
                    1337.0                        22.76
                    1341.9                        22.82
                    1346.8                        22.88
                    1351.6                        22.95
                    1356.5                        23.01
                    1361.4                        23.07
                    1366.3                        23.14
                    1371.1                        23.20
                    1376.0                        23.26
                    1380.9                        23.33
                    1385.8                        23.39
                    1390.6                        23.45
                    1395.5                        23.51
                    1400.4                        23.58
                    1405.3                        23.64
                    1410.1                        23.70
                    1415.0                        23.77
                    1419.9                        23.83
                    1424.8                        23.89
                    1429.6                        23.96
                    1434.5                        24.02
                    1439.4                        24.08
                    1444.3                        24.14
                    1449.1                        24.21
                    1454.0                        24.27
                    1458.9                        24.33
                    1463.8                        24.39
                    1468.6                        24.46
                    1473.5                        24.52
                    1478.4                        24.58
                    1483.3                        24.65
                    1488.1                        24.71
                    1493.0                        24.77
                    1497.9                        24.83
                    1502.8                        24.90
                    1507.6                        24.96
                    1512.5                        25.02
                    1517.4                        25.08
                    1522.3                        25.14
                    1527.1                        25.21
                    1532.0                        25.27
                    1536.9                        25.33
                    1541.8                        25.39
                    1546.6                        25.46
                    1551.5                        25.52
                    1556.4                        25.58
                    1561.3                        25.64
                    1566.1                        25.70
                    1571.0                        25.77
                    1575.9                        25.83
                    1580.8                        25.89
                    1585.6                        25.95
                    1590.5                        26.01
                    1595.4                        26.08
                    1600.3                        26.14
                    1605.1                        26.20
                    1610.0                        26.26
                    1614.9                        26.32
                    1619.8                        26.38
                    1624.6                        26.45
                    1629.5                        26.51
                    1634.4                        26.57
                    1639.3                        26.63
                    1644.1                        26.69
                    1649.0                        26.75
                    1653.9                        26.81
                    1658.8                        26.88
                    1663.6                        26.94
                    1668.5                        27.00
                    1673.4                        27.06
                    1678.3                        27.12
                    1683.1                        27.18
                    1688.0                        27.24
                    1692.9                        27.31
                    1697.8                        27.37
                    1702.6                        27.43
                    1707.5                        27.49
                    1712.4                        27.55
                    1717.3                        27.61
                    1722.1                        27.67
                    1727.0                        27.73
                    1731.9                        27.80
                    1736.8                        27.86
                    1741.6                        27.92
                    1746.5                        27.98
                    1751.4                        28.04
                    1756.3                        28.10
                    1761.1                        28.16
                    1766.0                        28.22
                    1770.9                        28.28
                    1775.8                        28.34
                    1780.6                        28.40
                    1785.5                        28.47
                    1790.4                        28.53
                    1795.3                        28.59
                    1800.1                        28.65
                    1805.0                        28.71
                    1809.9                        28.77
                    1814.8                        28.83
                    1819.6                        28.89
                    1824.5                        28.95
                    1829.4                        29.01
                    1834.3                        29.07
                    1839.1                        29.13
                    1844.0                        29.19
                    1848.9                        29.25
                    1853.8                        29.31
                    1858.6                        29.37
                    1863.5                        29.43
                    1868.4                        29.50
                    1873.3                        29.56
                    1878.1                        29.62
                    1883.0                        29.68
                    1887.9                        29.74
                    1892.8                        29.80
                    1897.6                        29.86
                    1902.5                        29.92
                    1907.4                        29.98
                    1912.3                        30.04
                    1917.1                        30.10
                    1922.0                        30.16
                    1926.9                        30.22
                    1931.8                        30.28
                    1936.6                        30.34
                    1941.5                        30.40
                    1946.4                        30.46
                    1951.3                        30.52
                    1956.1                        30.58
                    1961.0                        30.64
                    1965.9                        30.70
                    1970.8                        30.76
                    1975.6                        30.82
                    1980.5                        30.88
                    1985.4                        30.94
                    1990.3                        31.00
                    1995.1                        31.06
                    2000.0                        31.12
