
ELEMENT:
                                      Lu

SOURCE:
                           Tanuma, Powell and Penn
                    Surface Interface Anal. 21 (1994) 165.
                 IMFP values determined from TPP-2M equation
                                       

ATOMIC WEIGHT:               174.96700

DENSITY:                       9.8400 g/cm**3

TABULATION:

______________________________________________________________________________

                    Energy                         IMFP
                      eV                        Angstroms
______________________________________________________________________________
                      50.0                         5.07
                      54.9                         4.97
                      59.8                         4.89
                      64.6                         4.83
                      69.5                         4.80
                      74.4                         4.79
                      79.3                         4.79
                      84.1                         4.80
                      89.0                         4.83
                      93.9                         4.86
                      98.8                         4.90
                     103.6                         4.95
                     108.5                         5.00
                     113.4                         5.06
                     118.3                         5.12
                     123.1                         5.18
                     128.0                         5.24
                     132.9                         5.31
                     137.8                         5.37
                     142.6                         5.44
                     147.5                         5.51
                     152.4                         5.58
                     157.3                         5.65
                     162.1                         5.73
                     167.0                         5.80
                     171.9                         5.87
                     176.8                         5.95
                     181.6                         6.02
                     186.5                         6.10
                     191.4                         6.17
                     196.3                         6.25
                     201.1                         6.33
                     206.0                         6.40
                     210.9                         6.48
                     215.8                         6.55
                     220.6                         6.63
                     225.5                         6.71
                     230.4                         6.78
                     235.3                         6.86
                     240.1                         6.94
                     245.0                         7.01
                     249.9                         7.09
                     254.8                         7.17
                     259.6                         7.24
                     264.5                         7.32
                     269.4                         7.40
                     274.3                         7.47
                     279.1                         7.55
                     284.0                         7.63
                     288.9                         7.70
                     293.8                         7.78
                     298.6                         7.85
                     303.5                         7.93
                     308.4                         8.01
                     313.3                         8.08
                     318.1                         8.16
                     323.0                         8.23
                     327.9                         8.31
                     332.8                         8.38
                     337.6                         8.46
                     342.5                         8.53
                     347.4                         8.61
                     352.3                         8.68
                     357.1                         8.76
                     362.0                         8.83
                     366.9                         8.91
                     371.8                         8.98
                     376.6                         9.06
                     381.5                         9.13
                     386.4                         9.21
                     391.3                         9.28
                     396.1                         9.35
                     401.0                         9.43
                     405.9                         9.50
                     410.8                         9.58
                     415.6                         9.65
                     420.5                         9.72
                     425.4                         9.80
                     430.3                         9.87
                     435.1                         9.94
                     440.0                        10.02
                     444.9                        10.09
                     449.8                        10.16
                     454.6                        10.23
                     459.5                        10.31
                     464.4                        10.38
                     469.3                        10.45
                     474.1                        10.52
                     479.0                        10.60
                     483.9                        10.67
                     488.8                        10.74
                     493.6                        10.81
                     498.5                        10.88
                     503.4                        10.96
                     508.3                        11.03
                     513.1                        11.10
                     518.0                        11.17
                     522.9                        11.24
                     527.8                        11.31
                     532.6                        11.38
                     537.5                        11.46
                     542.4                        11.53
                     547.3                        11.60
                     552.1                        11.67
                     557.0                        11.74
                     561.9                        11.81
                     566.8                        11.88
                     571.6                        11.95
                     576.5                        12.02
                     581.4                        12.09
                     586.3                        12.16
                     591.1                        12.23
                     596.0                        12.30
                     600.9                        12.37
                     605.8                        12.44
                     610.6                        12.51
                     615.5                        12.58
                     620.4                        12.65
                     625.3                        12.72
                     630.1                        12.79
                     635.0                        12.86
                     639.9                        12.93
                     644.8                        13.00
                     649.6                        13.07
                     654.5                        13.14
                     659.4                        13.21
                     664.3                        13.27
                     669.1                        13.34
                     674.0                        13.41
                     678.9                        13.48
                     683.8                        13.55
                     688.6                        13.62
                     693.5                        13.69
                     698.4                        13.76
                     703.3                        13.82
                     708.1                        13.89
                     713.0                        13.96
                     717.9                        14.03
                     722.8                        14.10
                     727.6                        14.16
                     732.5                        14.23
                     737.4                        14.30
                     742.3                        14.37
                     747.1                        14.44
                     752.0                        14.50
                     756.9                        14.57
                     761.8                        14.64
                     766.6                        14.71
                     771.5                        14.77
                     776.4                        14.84
                     781.3                        14.91
                     786.1                        14.98
                     791.0                        15.04
                     795.9                        15.11
                     800.8                        15.18
                     805.6                        15.24
                     810.5                        15.31
                     815.4                        15.38
                     820.3                        15.44
                     825.1                        15.51
                     830.0                        15.58
                     834.9                        15.64
                     839.8                        15.71
                     844.6                        15.78
                     849.5                        15.84
                     854.4                        15.91
                     859.3                        15.98
                     864.1                        16.04
                     869.0                        16.11
                     873.9                        16.17
                     878.8                        16.24
                     883.6                        16.31
                     888.5                        16.37
                     893.4                        16.44
                     898.3                        16.50
                     903.1                        16.57
                     908.0                        16.64
                     912.9                        16.70
                     917.8                        16.77
                     922.6                        16.83
                     927.5                        16.90
                     932.4                        16.96
                     937.3                        17.03
                     942.1                        17.09
                     947.0                        17.16
                     951.9                        17.23
                     956.8                        17.29
                     961.6                        17.36
                     966.5                        17.42
                     971.4                        17.49
                     976.3                        17.55
                     981.1                        17.62
                     986.0                        17.68
                     990.9                        17.75
                     995.8                        17.81
                    1000.6                        17.88
                    1005.5                        17.94
                    1010.4                        18.00
                    1015.3                        18.07
                    1020.1                        18.13
                    1025.0                        18.20
                    1029.9                        18.26
                    1034.8                        18.33
                    1039.6                        18.39
                    1044.5                        18.46
                    1049.4                        18.52
                    1054.3                        18.58
                    1059.1                        18.65
                    1064.0                        18.71
                    1068.9                        18.78
                    1073.8                        18.84
                    1078.6                        18.90
                    1083.5                        18.97
                    1088.4                        19.03
                    1093.3                        19.10
                    1098.1                        19.16
                    1103.0                        19.22
                    1107.9                        19.29
                    1112.8                        19.35
                    1117.6                        19.42
                    1122.5                        19.48
                    1127.4                        19.54
                    1132.3                        19.61
                    1137.1                        19.67
                    1142.0                        19.73
                    1146.9                        19.80
                    1151.8                        19.86
                    1156.6                        19.92
                    1161.5                        19.99
                    1166.4                        20.05
                    1171.3                        20.11
                    1176.1                        20.18
                    1181.0                        20.24
                    1185.9                        20.30
                    1190.8                        20.37
                    1195.6                        20.43
                    1200.5                        20.49
                    1205.4                        20.55
                    1210.3                        20.62
                    1215.1                        20.68
                    1220.0                        20.74
                    1224.9                        20.81
                    1229.8                        20.87
                    1234.6                        20.93
                    1239.5                        20.99
                    1244.4                        21.06
                    1249.3                        21.12
                    1254.1                        21.18
                    1259.0                        21.24
                    1263.9                        21.31
                    1268.8                        21.37
                    1273.6                        21.43
                    1278.5                        21.49
                    1283.4                        21.56
                    1288.3                        21.62
                    1293.1                        21.68
                    1298.0                        21.74
                    1302.9                        21.80
                    1307.8                        21.87
                    1312.6                        21.93
                    1317.5                        21.99
                    1322.4                        22.05
                    1327.3                        22.11
                    1332.1                        22.18
                    1337.0                        22.24
                    1341.9                        22.30
                    1346.8                        22.36
                    1351.6                        22.42
                    1356.5                        22.49
                    1361.4                        22.55
                    1366.3                        22.61
                    1371.1                        22.67
                    1376.0                        22.73
                    1380.9                        22.79
                    1385.8                        22.86
                    1390.6                        22.92
                    1395.5                        22.98
                    1400.4                        23.04
                    1405.3                        23.10
                    1410.1                        23.16
                    1415.0                        23.22
                    1419.9                        23.29
                    1424.8                        23.35
                    1429.6                        23.41
                    1434.5                        23.47
                    1439.4                        23.53
                    1444.3                        23.59
                    1449.1                        23.65
                    1454.0                        23.71
                    1458.9                        23.78
                    1463.8                        23.84
                    1468.6                        23.90
                    1473.5                        23.96
                    1478.4                        24.02
                    1483.3                        24.08
                    1488.1                        24.14
                    1493.0                        24.20
                    1497.9                        24.26
                    1502.8                        24.32
                    1507.6                        24.38
                    1512.5                        24.45
                    1517.4                        24.51
                    1522.3                        24.57
                    1527.1                        24.63
                    1532.0                        24.69
                    1536.9                        24.75
                    1541.8                        24.81
                    1546.6                        24.87
                    1551.5                        24.93
                    1556.4                        24.99
                    1561.3                        25.05
                    1566.1                        25.11
                    1571.0                        25.17
                    1575.9                        25.23
                    1580.8                        25.29
                    1585.6                        25.35
                    1590.5                        25.41
                    1595.4                        25.47
                    1600.3                        25.53
                    1605.1                        25.59
                    1610.0                        25.65
                    1614.9                        25.71
                    1619.8                        25.77
                    1624.6                        25.84
                    1629.5                        25.90
                    1634.4                        25.96
                    1639.3                        26.02
                    1644.1                        26.08
                    1649.0                        26.14
                    1653.9                        26.20
                    1658.8                        26.25
                    1663.6                        26.31
                    1668.5                        26.37
                    1673.4                        26.43
                    1678.3                        26.49
                    1683.1                        26.55
                    1688.0                        26.61
                    1692.9                        26.67
                    1697.8                        26.73
                    1702.6                        26.79
                    1707.5                        26.85
                    1712.4                        26.91
                    1717.3                        26.97
                    1722.1                        27.03
                    1727.0                        27.09
                    1731.9                        27.15
                    1736.8                        27.21
                    1741.6                        27.27
                    1746.5                        27.33
                    1751.4                        27.39
                    1756.3                        27.45
                    1761.1                        27.51
                    1766.0                        27.57
                    1770.9                        27.63
                    1775.8                        27.68
                    1780.6                        27.74
                    1785.5                        27.80
                    1790.4                        27.86
                    1795.3                        27.92
                    1800.1                        27.98
                    1805.0                        28.04
                    1809.9                        28.10
                    1814.8                        28.16
                    1819.6                        28.22
                    1824.5                        28.28
                    1829.4                        28.34
                    1834.3                        28.39
                    1839.1                        28.45
                    1844.0                        28.51
                    1848.9                        28.57
                    1853.8                        28.63
                    1858.6                        28.69
                    1863.5                        28.75
                    1868.4                        28.81
                    1873.3                        28.87
                    1878.1                        28.92
                    1883.0                        28.98
                    1887.9                        29.04
                    1892.8                        29.10
                    1897.6                        29.16
                    1902.5                        29.22
                    1907.4                        29.28
                    1912.3                        29.34
                    1917.1                        29.39
                    1922.0                        29.45
                    1926.9                        29.51
                    1931.8                        29.57
                    1936.6                        29.63
                    1941.5                        29.69
                    1946.4                        29.75
                    1951.3                        29.80
                    1956.1                        29.86
                    1961.0                        29.92
                    1965.9                        29.98
                    1970.8                        30.04
                    1975.6                        30.10
                    1980.5                        30.15
                    1985.4                        30.21
                    1990.3                        30.27
                    1995.1                        30.33
                    2000.0                        30.39
