
ELEMENT:
                                      Hf

SOURCE:
                           Tanuma, Powell and Penn
                    Surface Interface Anal. 17 (1991) 911.
       IMFP values determined from optical data and a theoretical model
                                       

ATOMIC WEIGHT:               178.49000

DENSITY:                      13.3000 g/cm**3

TABULATION:

______________________________________________________________________________

                    Energy                         IMFP
                      eV                        Angstroms
______________________________________________________________________________
                      50.0                         5.87
                      54.9                         5.81
                      59.8                         5.79
                      64.6                         5.79
                      69.5                         5.81
                      74.4                         5.85
                      79.3                         5.90
                      84.1                         5.95
                      89.0                         6.02
                      93.9                         6.09
                      98.8                         6.17
                     103.6                         6.25
                     108.5                         6.33
                     113.4                         6.42
                     118.3                         6.51
                     123.1                         6.60
                     128.0                         6.69
                     132.9                         6.78
                     137.8                         6.87
                     142.6                         6.97
                     147.5                         7.07
                     152.4                         7.16
                     157.3                         7.26
                     162.1                         7.36
                     167.0                         7.45
                     171.9                         7.55
                     176.8                         7.65
                     181.6                         7.75
                     186.5                         7.84
                     191.4                         7.94
                     196.3                         8.04
                     201.1                         8.14
                     206.0                         8.24
                     210.9                         8.33
                     215.8                         8.43
                     220.6                         8.53
                     225.5                         8.63
                     230.4                         8.72
                     235.3                         8.82
                     240.1                         8.92
                     245.0                         9.01
                     249.9                         9.11
                     254.8                         9.21
                     259.6                         9.30
                     264.5                         9.40
                     269.4                         9.50
                     274.3                         9.59
                     279.1                         9.69
                     284.0                         9.78
                     288.9                         9.88
                     293.8                         9.97
                     298.6                        10.07
                     303.5                        10.16
                     308.4                        10.26
                     313.3                        10.35
                     318.1                        10.45
                     323.0                        10.54
                     327.9                        10.63
                     332.8                        10.73
                     337.6                        10.82
                     342.5                        10.91
                     347.4                        11.01
                     352.3                        11.10
                     357.1                        11.19
                     362.0                        11.29
                     366.9                        11.38
                     371.8                        11.47
                     376.6                        11.56
                     381.5                        11.65
                     386.4                        11.75
                     391.3                        11.84
                     396.1                        11.93
                     401.0                        12.02
                     405.9                        12.11
                     410.8                        12.20
                     415.6                        12.29
                     420.5                        12.38
                     425.4                        12.47
                     430.3                        12.56
                     435.1                        12.65
                     440.0                        12.74
                     444.9                        12.83
                     449.8                        12.92
                     454.6                        13.01
                     459.5                        13.10
                     464.4                        13.19
                     469.3                        13.28
                     474.1                        13.37
                     479.0                        13.46
                     483.9                        13.54
                     488.8                        13.63
                     493.6                        13.72
                     498.5                        13.81
                     503.4                        13.90
                     508.3                        13.98
                     513.1                        14.07
                     518.0                        14.16
                     522.9                        14.25
                     527.8                        14.33
                     532.6                        14.42
                     537.5                        14.51
                     542.4                        14.59
                     547.3                        14.68
                     552.1                        14.77
                     557.0                        14.85
                     561.9                        14.94
                     566.8                        15.03
                     571.6                        15.11
                     576.5                        15.20
                     581.4                        15.28
                     586.3                        15.37
                     591.1                        15.45
                     596.0                        15.54
                     600.9                        15.63
                     605.8                        15.71
                     610.6                        15.80
                     615.5                        15.88
                     620.4                        15.97
                     625.3                        16.05
                     630.1                        16.13
                     635.0                        16.22
                     639.9                        16.30
                     644.8                        16.39
                     649.6                        16.47
                     654.5                        16.56
                     659.4                        16.64
                     664.3                        16.72
                     669.1                        16.81
                     674.0                        16.89
                     678.9                        16.97
                     683.8                        17.06
                     688.6                        17.14
                     693.5                        17.22
                     698.4                        17.31
                     703.3                        17.39
                     708.1                        17.47
                     713.0                        17.56
                     717.9                        17.64
                     722.8                        17.72
                     727.6                        17.80
                     732.5                        17.89
                     737.4                        17.97
                     742.3                        18.05
                     747.1                        18.13
                     752.0                        18.22
                     756.9                        18.30
                     761.8                        18.38
                     766.6                        18.46
                     771.5                        18.54
                     776.4                        18.62
                     781.3                        18.71
                     786.1                        18.79
                     791.0                        18.87
                     795.9                        18.95
                     800.8                        19.03
                     805.6                        19.11
                     810.5                        19.19
                     815.4                        19.27
                     820.3                        19.36
                     825.1                        19.44
                     830.0                        19.52
                     834.9                        19.60
                     839.8                        19.68
                     844.6                        19.76
                     849.5                        19.84
                     854.4                        19.92
                     859.3                        20.00
                     864.1                        20.08
                     869.0                        20.16
                     873.9                        20.24
                     878.8                        20.32
                     883.6                        20.40
                     888.5                        20.48
                     893.4                        20.56
                     898.3                        20.64
                     903.1                        20.72
                     908.0                        20.80
                     912.9                        20.88
                     917.8                        20.96
                     922.6                        21.03
                     927.5                        21.11
                     932.4                        21.19
                     937.3                        21.27
                     942.1                        21.35
                     947.0                        21.43
                     951.9                        21.51
                     956.8                        21.59
                     961.6                        21.67
                     966.5                        21.74
                     971.4                        21.82
                     976.3                        21.90
                     981.1                        21.98
                     986.0                        22.06
                     990.9                        22.14
                     995.8                        22.21
                    1000.6                        22.29
                    1005.5                        22.37
                    1010.4                        22.45
                    1015.3                        22.53
                    1020.1                        22.60
                    1025.0                        22.68
                    1029.9                        22.76
                    1034.8                        22.84
                    1039.6                        22.92
                    1044.5                        22.99
                    1049.4                        23.07
                    1054.3                        23.15
                    1059.1                        23.23
                    1064.0                        23.30
                    1068.9                        23.38
                    1073.8                        23.46
                    1078.6                        23.53
                    1083.5                        23.61
                    1088.4                        23.69
                    1093.3                        23.77
                    1098.1                        23.84
                    1103.0                        23.92
                    1107.9                        24.00
                    1112.8                        24.07
                    1117.6                        24.15
                    1122.5                        24.23
                    1127.4                        24.30
                    1132.3                        24.38
                    1137.1                        24.46
                    1142.0                        24.53
                    1146.9                        24.61
                    1151.8                        24.68
                    1156.6                        24.76
                    1161.5                        24.84
                    1166.4                        24.91
                    1171.3                        24.99
                    1176.1                        25.06
                    1181.0                        25.14
                    1185.9                        25.22
                    1190.8                        25.29
                    1195.6                        25.37
                    1200.5                        25.44
                    1205.4                        25.52
                    1210.3                        25.60
                    1215.1                        25.67
                    1220.0                        25.75
                    1224.9                        25.82
                    1229.8                        25.90
                    1234.6                        25.97
                    1239.5                        26.05
                    1244.4                        26.12
                    1249.3                        26.20
                    1254.1                        26.27
                    1259.0                        26.35
                    1263.9                        26.42
                    1268.8                        26.50
                    1273.6                        26.57
                    1278.5                        26.65
                    1283.4                        26.72
                    1288.3                        26.80
                    1293.1                        26.87
                    1298.0                        26.95
                    1302.9                        27.02
                    1307.8                        27.10
                    1312.6                        27.17
                    1317.5                        27.25
                    1322.4                        27.32
                    1327.3                        27.40
                    1332.1                        27.47
                    1337.0                        27.54
                    1341.9                        27.62
                    1346.8                        27.69
                    1351.6                        27.77
                    1356.5                        27.84
                    1361.4                        27.92
                    1366.3                        27.99
                    1371.1                        28.06
                    1376.0                        28.14
                    1380.9                        28.21
                    1385.8                        28.29
                    1390.6                        28.36
                    1395.5                        28.43
                    1400.4                        28.51
                    1405.3                        28.58
                    1410.1                        28.65
                    1415.0                        28.73
                    1419.9                        28.80
                    1424.8                        28.88
                    1429.6                        28.95
                    1434.5                        29.02
                    1439.4                        29.10
                    1444.3                        29.17
                    1449.1                        29.24
                    1454.0                        29.32
                    1458.9                        29.39
                    1463.8                        29.46
                    1468.6                        29.54
                    1473.5                        29.61
                    1478.4                        29.68
                    1483.3                        29.75
                    1488.1                        29.83
                    1493.0                        29.90
                    1497.9                        29.97
                    1502.8                        30.05
                    1507.6                        30.12
                    1512.5                        30.19
                    1517.4                        30.26
                    1522.3                        30.34
                    1527.1                        30.41
                    1532.0                        30.48
                    1536.9                        30.56
                    1541.8                        30.63
                    1546.6                        30.70
                    1551.5                        30.77
                    1556.4                        30.85
                    1561.3                        30.92
                    1566.1                        30.99
                    1571.0                        31.06
                    1575.9                        31.14
                    1580.8                        31.21
                    1585.6                        31.28
                    1590.5                        31.35
                    1595.4                        31.42
                    1600.3                        31.50
                    1605.1                        31.57
                    1610.0                        31.64
                    1614.9                        31.71
                    1619.8                        31.78
                    1624.6                        31.86
                    1629.5                        31.93
                    1634.4                        32.00
                    1639.3                        32.07
                    1644.1                        32.14
                    1649.0                        32.22
                    1653.9                        32.29
                    1658.8                        32.36
                    1663.6                        32.43
                    1668.5                        32.50
                    1673.4                        32.57
                    1678.3                        32.65
                    1683.1                        32.72
                    1688.0                        32.79
                    1692.9                        32.86
                    1697.8                        32.93
                    1702.6                        33.00
                    1707.5                        33.07
                    1712.4                        33.15
                    1717.3                        33.22
                    1722.1                        33.29
                    1727.0                        33.36
                    1731.9                        33.43
                    1736.8                        33.50
                    1741.6                        33.57
                    1746.5                        33.64
                    1751.4                        33.72
                    1756.3                        33.79
                    1761.1                        33.86
                    1766.0                        33.93
                    1770.9                        34.00
                    1775.8                        34.07
                    1780.6                        34.14
                    1785.5                        34.21
                    1790.4                        34.28
                    1795.3                        34.35
                    1800.1                        34.42
                    1805.0                        34.50
                    1809.9                        34.57
                    1814.8                        34.64
                    1819.6                        34.71
                    1824.5                        34.78
                    1829.4                        34.85
                    1834.3                        34.92
                    1839.1                        34.99
                    1844.0                        35.06
                    1848.9                        35.13
                    1853.8                        35.20
                    1858.6                        35.27
                    1863.5                        35.34
                    1868.4                        35.41
                    1873.3                        35.48
                    1878.1                        35.55
                    1883.0                        35.62
                    1887.9                        35.69
                    1892.8                        35.76
                    1897.6                        35.83
                    1902.5                        35.90
                    1907.4                        35.97
                    1912.3                        36.04
                    1917.1                        36.11
                    1922.0                        36.18
                    1926.9                        36.25
                    1931.8                        36.32
                    1936.6                        36.39
                    1941.5                        36.46
                    1946.4                        36.53
                    1951.3                        36.60
                    1956.1                        36.67
                    1961.0                        36.74
                    1965.9                        36.81
                    1970.8                        36.88
                    1975.6                        36.95
                    1980.5                        37.02
                    1985.4                        37.09
                    1990.3                        37.16
                    1995.1                        37.23
                    2000.0                        37.30
