
ELEMENT:
                                      W 

SOURCE:
                      Elastic peak electron spectroscopy
                                       
           IMFPs determined from the intensity of the elastic peak
       Multiple elastic scattering simulated by the Monte Carlo method

COMMENT:
          Golek and Dolinski, Phys. Stat. Solidi (a) 151 (1995) K37

ATOMIC WEIGHT:               183.84000

DENSITY:                      19.3000 g/cm**3

TABULATION:

______________________________________________________________________________

                    Energy                         IMFP
                      eV                        Angstroms
______________________________________________________________________________
                     250.0                         4.37
                     253.1                         4.41
                     256.3                         4.45
                     259.4                         4.49
                     262.5                         4.53
                     265.6                         4.57
                     268.8                         4.61
                     271.9                         4.65
                     275.0                         4.69
                     278.1                         4.73
                     281.3                         4.77
                     284.4                         4.81
                     287.5                         4.85
                     290.6                         4.89
                     293.8                         4.93
                     296.9                         4.97
                     300.0                         5.01
                     303.1                         5.05
                     306.3                         5.08
                     309.4                         5.12
                     312.5                         5.16
                     315.6                         5.20
                     318.8                         5.24
                     321.9                         5.28
                     325.0                         5.31
                     328.1                         5.35
                     331.3                         5.39
                     334.4                         5.43
                     337.5                         5.46
                     340.6                         5.50
                     343.8                         5.54
                     346.9                         5.58
                     350.0                         5.61
                     353.1                         5.65
                     356.3                         5.69
                     359.4                         5.72
                     362.5                         5.76
                     365.6                         5.80
                     368.8                         5.84
                     371.9                         5.87
                     375.0                         5.91
                     378.1                         5.94
                     381.3                         5.98
                     384.4                         6.02
                     387.5                         6.05
                     390.6                         6.09
                     393.8                         6.13
                     396.9                         6.16
                     400.0                         6.20
                     403.1                         6.23
                     406.3                         6.27
                     409.4                         6.31
                     412.5                         6.34
                     415.6                         6.38
                     418.8                         6.41
                     421.9                         6.45
                     425.0                         6.48
                     428.1                         6.52
                     431.3                         6.55
                     434.4                         6.59
                     437.5                         6.62
                     440.6                         6.66
                     443.8                         6.69
                     446.9                         6.73
                     450.0                         6.76
                     453.1                         6.80
                     456.3                         6.83
                     459.4                         6.87
                     462.5                         6.90
                     465.6                         6.94
                     468.8                         6.97
                     471.9                         7.01
                     475.0                         7.04
                     478.1                         7.08
                     481.3                         7.11
                     484.4                         7.14
                     487.5                         7.18
                     490.6                         7.21
                     493.8                         7.25
                     496.9                         7.28
                     500.0                         7.31
                     503.1                         7.35
                     506.3                         7.38
                     509.4                         7.42
                     512.5                         7.45
                     515.6                         7.48
                     518.8                         7.52
                     521.9                         7.55
                     525.0                         7.58
                     528.1                         7.62
                     531.3                         7.65
                     534.4                         7.68
                     537.5                         7.72
                     540.6                         7.75
                     543.8                         7.78
                     546.9                         7.82
                     550.0                         7.85
                     553.1                         7.88
                     556.3                         7.92
                     559.4                         7.95
                     562.5                         7.98
                     565.6                         8.02
                     568.8                         8.05
                     571.9                         8.08
                     575.0                         8.11
                     578.1                         8.15
                     581.3                         8.18
                     584.4                         8.21
                     587.5                         8.24
                     590.6                         8.28
                     593.8                         8.31
                     596.9                         8.34
                     600.0                         8.37
                     603.1                         8.41
                     606.3                         8.44
                     609.4                         8.47
                     612.5                         8.50
                     615.6                         8.54
                     618.8                         8.57
                     621.9                         8.60
                     625.0                         8.63
                     628.1                         8.66
                     631.3                         8.70
                     634.4                         8.73
                     637.5                         8.76
                     640.6                         8.79
                     643.8                         8.82
                     646.9                         8.85
                     650.0                         8.89
                     653.1                         8.92
                     656.3                         8.95
                     659.4                         8.98
                     662.5                         9.01
                     665.6                         9.04
                     668.8                         9.08
                     671.9                         9.11
                     675.0                         9.14
                     678.1                         9.17
                     681.3                         9.20
                     684.4                         9.23
                     687.5                         9.26
                     690.6                         9.30
                     693.8                         9.33
                     696.9                         9.36
                     700.0                         9.39
                     703.1                         9.42
                     706.3                         9.45
                     709.4                         9.48
                     712.5                         9.51
                     715.6                         9.54
                     718.8                         9.57
                     721.9                         9.61
                     725.0                         9.64
                     728.1                         9.67
                     731.3                         9.70
                     734.4                         9.73
                     737.5                         9.76
                     740.6                         9.79
                     743.8                         9.82
                     746.9                         9.85
                     750.0                         9.88
                     753.1                         9.91
                     756.3                         9.94
                     759.4                         9.97
                     762.5                        10.00
                     765.6                        10.03
                     768.8                        10.06
                     771.9                        10.09
                     775.0                        10.13
                     778.1                        10.16
                     781.3                        10.19
                     784.4                        10.22
                     787.5                        10.25
                     790.6                        10.28
                     793.8                        10.31
                     796.9                        10.34
                     800.0                        10.37
                     803.1                        10.40
                     806.3                        10.43
                     809.4                        10.46
                     812.5                        10.49
                     815.6                        10.52
                     818.8                        10.55
                     821.9                        10.58
                     825.0                        10.61
                     828.1                        10.64
                     831.3                        10.67
                     834.4                        10.70
                     837.5                        10.72
                     840.6                        10.75
                     843.8                        10.78
                     846.9                        10.81
                     850.0                        10.84
                     853.1                        10.87
                     856.3                        10.90
                     859.4                        10.93
                     862.5                        10.96
                     865.6                        10.99
                     868.8                        11.02
                     871.9                        11.05
                     875.0                        11.08
                     878.1                        11.11
                     881.3                        11.14
                     884.4                        11.17
                     887.5                        11.20
                     890.6                        11.23
                     893.8                        11.25
                     896.9                        11.28
                     900.0                        11.31
                     903.1                        11.34
                     906.3                        11.37
                     909.4                        11.40
                     912.5                        11.43
                     915.6                        11.46
                     918.8                        11.49
                     921.9                        11.52
                     925.0                        11.55
                     928.1                        11.57
                     931.3                        11.60
                     934.4                        11.63
                     937.5                        11.66
                     940.6                        11.69
                     943.8                        11.72
                     946.9                        11.75
                     950.0                        11.78
                     953.1                        11.80
                     956.3                        11.83
                     959.4                        11.86
                     962.5                        11.89
                     965.6                        11.92
                     968.8                        11.95
                     971.9                        11.98
                     975.0                        12.01
                     978.1                        12.03
                     981.3                        12.06
                     984.4                        12.09
                     987.5                        12.12
                     990.6                        12.15
                     993.8                        12.18
                     996.9                        12.20
                    1000.0                        12.23
                    1003.1                        12.26
                    1006.3                        12.29
                    1009.4                        12.32
                    1012.5                        12.35
                    1015.6                        12.37
                    1018.8                        12.40
                    1021.9                        12.43
                    1025.0                        12.46
                    1028.1                        12.49
                    1031.3                        12.52
                    1034.4                        12.54
                    1037.5                        12.57
                    1040.6                        12.60
                    1043.8                        12.63
                    1046.9                        12.66
                    1050.0                        12.68
                    1053.1                        12.71
                    1056.3                        12.74
                    1059.4                        12.77
                    1062.5                        12.80
                    1065.6                        12.82
                    1068.8                        12.85
                    1071.9                        12.88
                    1075.0                        12.91
                    1078.1                        12.94
                    1081.3                        12.96
                    1084.4                        12.99
                    1087.5                        13.02
                    1090.6                        13.05
                    1093.8                        13.07
                    1096.9                        13.10
                    1100.0                        13.13
                    1103.1                        13.16
                    1106.3                        13.18
                    1109.4                        13.21
                    1112.5                        13.24
                    1115.6                        13.27
                    1118.8                        13.30
                    1121.9                        13.32
                    1125.0                        13.35
                    1128.1                        13.38
                    1131.3                        13.41
                    1134.4                        13.43
                    1137.5                        13.46
                    1140.6                        13.49
                    1143.8                        13.52
                    1146.9                        13.54
                    1150.0                        13.57
                    1153.1                        13.60
                    1156.3                        13.62
                    1159.4                        13.65
                    1162.5                        13.68
                    1165.6                        13.71
                    1168.8                        13.73
                    1171.9                        13.76
                    1175.0                        13.79
                    1178.1                        13.82
                    1181.3                        13.84
                    1184.4                        13.87
                    1187.5                        13.90
                    1190.6                        13.92
                    1193.8                        13.95
                    1196.9                        13.98
                    1200.0                        14.01
                    1203.1                        14.03
                    1206.3                        14.06
                    1209.4                        14.09
                    1212.5                        14.11
                    1215.6                        14.14
                    1218.8                        14.17
                    1221.9                        14.19
                    1225.0                        14.22
                    1228.1                        14.25
                    1231.3                        14.27
                    1234.4                        14.30
                    1237.5                        14.33
                    1240.6                        14.36
                    1243.8                        14.38
                    1246.9                        14.41
                    1250.0                        14.44
                    1253.1                        14.46
                    1256.3                        14.49
                    1259.4                        14.52
                    1262.5                        14.54
                    1265.6                        14.57
                    1268.8                        14.60
                    1271.9                        14.62
                    1275.0                        14.65
                    1278.1                        14.68
                    1281.3                        14.70
                    1284.4                        14.73
                    1287.5                        14.76
                    1290.6                        14.78
                    1293.8                        14.81
                    1296.9                        14.84
                    1300.0                        14.86
                    1303.1                        14.89
                    1306.3                        14.92
                    1309.4                        14.94
                    1312.5                        14.97
                    1315.6                        14.99
                    1318.8                        15.02
                    1321.9                        15.05
                    1325.0                        15.07
                    1328.1                        15.10
                    1331.3                        15.13
                    1334.4                        15.15
                    1337.5                        15.18
                    1340.6                        15.21
                    1343.8                        15.23
                    1346.9                        15.26
                    1350.0                        15.28
                    1353.1                        15.31
                    1356.3                        15.34
                    1359.4                        15.36
                    1362.5                        15.39
                    1365.6                        15.42
                    1368.8                        15.44
                    1371.9                        15.47
                    1375.0                        15.49
                    1378.1                        15.52
                    1381.3                        15.55
                    1384.4                        15.57
                    1387.5                        15.60
                    1390.6                        15.62
                    1393.8                        15.65
                    1396.9                        15.68
                    1400.0                        15.70
                    1403.1                        15.73
                    1406.3                        15.75
                    1409.4                        15.78
                    1412.5                        15.81
                    1415.6                        15.83
                    1418.8                        15.86
                    1421.9                        15.88
                    1425.0                        15.91
                    1428.1                        15.94
                    1431.3                        15.96
                    1434.4                        15.99
                    1437.5                        16.01
                    1440.6                        16.04
                    1443.8                        16.06
                    1446.9                        16.09
                    1450.0                        16.12
                    1453.1                        16.14
                    1456.3                        16.17
                    1459.4                        16.19
                    1462.5                        16.22
                    1465.6                        16.25
                    1468.8                        16.27
                    1471.9                        16.30
                    1475.0                        16.32
                    1478.1                        16.35
                    1481.3                        16.37
                    1484.4                        16.40
                    1487.5                        16.42
                    1490.6                        16.45
                    1493.8                        16.48
                    1496.9                        16.50
                    1500.0                        16.53
