
ELEMENT:
                                      W 

SOURCE:
                      Elastic peak electron spectroscopy
                                       
           IMFPs determined from the intensity of the elastic peak
       Multiple elastic scattering simulated by the Monte Carlo method

COMMENT:
              Lesiak, Jablonski and Gergely, Vacuum 40 (1990) 67

ATOMIC WEIGHT:               183.84000

DENSITY:                      19.3000 g/cm**3

TABULATION:

______________________________________________________________________________

                    Energy                         IMFP
                      eV                        Angstroms
______________________________________________________________________________
                     500.0                         5.38
                     506.3                         5.42
                     512.5                         5.46
                     518.8                         5.50
                     525.0                         5.54
                     531.3                         5.59
                     537.5                         5.63
                     543.8                         5.67
                     550.0                         5.71
                     556.3                         5.75
                     562.5                         5.79
                     568.8                         5.83
                     575.0                         5.87
                     581.3                         5.91
                     587.5                         5.95
                     593.8                         5.99
                     600.0                         6.03
                     606.3                         6.06
                     612.5                         6.10
                     618.8                         6.14
                     625.0                         6.18
                     631.3                         6.22
                     637.5                         6.26
                     643.8                         6.30
                     650.0                         6.33
                     656.3                         6.37
                     662.5                         6.41
                     668.8                         6.45
                     675.0                         6.48
                     681.3                         6.52
                     687.5                         6.56
                     693.8                         6.60
                     700.0                         6.63
                     706.3                         6.67
                     712.5                         6.71
                     718.8                         6.74
                     725.0                         6.78
                     731.3                         6.82
                     737.5                         6.85
                     743.8                         6.89
                     750.0                         6.92
                     756.3                         6.96
                     762.5                         7.00
                     768.8                         7.03
                     775.0                         7.07
                     781.3                         7.10
                     787.5                         7.14
                     793.8                         7.17
                     800.0                         7.21
                     806.3                         7.24
                     812.5                         7.28
                     818.8                         7.31
                     825.0                         7.35
                     831.3                         7.38
                     837.5                         7.42
                     843.8                         7.45
                     850.0                         7.49
                     856.3                         7.52
                     862.5                         7.55
                     868.8                         7.59
                     875.0                         7.62
                     881.3                         7.66
                     887.5                         7.69
                     893.8                         7.72
                     900.0                         7.76
                     906.3                         7.79
                     912.5                         7.82
                     918.8                         7.86
                     925.0                         7.89
                     931.3                         7.92
                     937.5                         7.96
                     943.8                         7.99
                     950.0                         8.02
                     956.3                         8.06
                     962.5                         8.09
                     968.8                         8.12
                     975.0                         8.15
                     981.3                         8.19
                     987.5                         8.22
                     993.8                         8.25
                    1000.0                         8.28
                    1006.3                         8.32
                    1012.5                         8.35
                    1018.8                         8.38
                    1025.0                         8.41
                    1031.3                         8.44
                    1037.5                         8.48
                    1043.8                         8.51
                    1050.0                         8.54
                    1056.3                         8.57
                    1062.5                         8.60
                    1068.8                         8.63
                    1075.0                         8.67
                    1081.3                         8.70
                    1087.5                         8.73
                    1093.8                         8.76
                    1100.0                         8.79
                    1106.3                         8.82
                    1112.5                         8.85
                    1118.8                         8.88
                    1125.0                         8.91
                    1131.3                         8.95
                    1137.5                         8.98
                    1143.8                         9.01
                    1150.0                         9.04
                    1156.3                         9.07
                    1162.5                         9.10
                    1168.8                         9.13
                    1175.0                         9.16
                    1181.3                         9.19
                    1187.5                         9.22
                    1193.8                         9.25
                    1200.0                         9.28
                    1206.3                         9.31
                    1212.5                         9.34
                    1218.8                         9.37
                    1225.0                         9.40
                    1231.3                         9.43
                    1237.5                         9.46
                    1243.8                         9.49
                    1250.0                         9.52
                    1256.3                         9.55
                    1262.5                         9.58
                    1268.8                         9.61
                    1275.0                         9.64
                    1281.3                         9.67
                    1287.5                         9.70
                    1293.8                         9.73
                    1300.0                         9.75
                    1306.3                         9.78
                    1312.5                         9.81
                    1318.8                         9.84
                    1325.0                         9.87
                    1331.3                         9.90
                    1337.5                         9.93
                    1343.8                         9.96
                    1350.0                         9.99
                    1356.3                        10.02
                    1362.5                        10.04
                    1368.8                        10.07
                    1375.0                        10.10
                    1381.3                        10.13
                    1387.5                        10.16
                    1393.8                        10.19
                    1400.0                        10.22
                    1406.3                        10.24
                    1412.5                        10.27
                    1418.8                        10.30
                    1425.0                        10.33
                    1431.3                        10.36
                    1437.5                        10.39
                    1443.8                        10.41
                    1450.0                        10.44
                    1456.3                        10.47
                    1462.5                        10.50
                    1468.8                        10.53
                    1475.0                        10.55
                    1481.3                        10.58
                    1487.5                        10.61
                    1493.8                        10.64
                    1500.0                        10.66
                    1506.3                        10.69
                    1512.5                        10.72
                    1518.8                        10.75
                    1525.0                        10.77
                    1531.3                        10.80
                    1537.5                        10.83
                    1543.8                        10.86
                    1550.0                        10.88
                    1556.3                        10.91
                    1562.5                        10.94
                    1568.8                        10.97
                    1575.0                        10.99
                    1581.3                        11.02
                    1587.5                        11.05
                    1593.8                        11.07
                    1600.0                        11.10
                    1606.3                        11.13
                    1612.5                        11.16
                    1618.8                        11.18
                    1625.0                        11.21
                    1631.3                        11.24
                    1637.5                        11.26
                    1643.8                        11.29
                    1650.0                        11.32
                    1656.3                        11.34
                    1662.5                        11.37
                    1668.8                        11.40
                    1675.0                        11.42
                    1681.3                        11.45
                    1687.5                        11.48
                    1693.8                        11.50
                    1700.0                        11.53
                    1706.3                        11.56
                    1712.5                        11.58
                    1718.8                        11.61
                    1725.0                        11.63
                    1731.3                        11.66
                    1737.5                        11.69
                    1743.8                        11.71
                    1750.0                        11.74
                    1756.3                        11.77
                    1762.5                        11.79
                    1768.8                        11.82
                    1775.0                        11.84
                    1781.3                        11.87
                    1787.5                        11.90
                    1793.8                        11.92
                    1800.0                        11.95
                    1806.3                        11.97
                    1812.5                        12.00
                    1818.8                        12.02
                    1825.0                        12.05
                    1831.3                        12.08
                    1837.5                        12.10
                    1843.8                        12.13
                    1850.0                        12.15
                    1856.3                        12.18
                    1862.5                        12.20
                    1868.8                        12.23
                    1875.0                        12.25
                    1881.3                        12.28
                    1887.5                        12.31
                    1893.8                        12.33
                    1900.0                        12.36
                    1906.3                        12.38
                    1912.5                        12.41
                    1918.8                        12.43
                    1925.0                        12.46
                    1931.3                        12.48
                    1937.5                        12.51
                    1943.8                        12.53
                    1950.0                        12.56
                    1956.3                        12.58
                    1962.5                        12.61
                    1968.8                        12.63
                    1975.0                        12.66
                    1981.3                        12.68
                    1987.5                        12.71
                    1993.8                        12.73
                    2000.0                        12.76
                    2006.3                        12.78
                    2012.5                        12.81
                    2018.8                        12.83
                    2025.0                        12.86
                    2031.3                        12.88
                    2037.5                        12.91
                    2043.8                        12.93
                    2050.0                        12.96
                    2056.3                        12.98
                    2062.5                        13.00
                    2068.8                        13.03
                    2075.0                        13.05
                    2081.3                        13.08
                    2087.5                        13.10
                    2093.8                        13.13
                    2100.0                        13.15
                    2106.3                        13.18
                    2112.5                        13.20
                    2118.8                        13.22
                    2125.0                        13.25
                    2131.3                        13.27
                    2137.5                        13.30
                    2143.8                        13.32
                    2150.0                        13.35
                    2156.3                        13.37
                    2162.5                        13.39
                    2168.8                        13.42
                    2175.0                        13.44
                    2181.3                        13.47
                    2187.5                        13.49
                    2193.8                        13.51
                    2200.0                        13.54
                    2206.3                        13.56
                    2212.5                        13.59
                    2218.8                        13.61
                    2225.0                        13.63
                    2231.3                        13.66
                    2237.5                        13.68
                    2243.8                        13.70
                    2250.0                        13.73
                    2256.3                        13.75
                    2262.5                        13.78
                    2268.8                        13.80
                    2275.0                        13.82
                    2281.3                        13.85
                    2287.5                        13.87
                    2293.8                        13.89
                    2300.0                        13.92
                    2306.3                        13.94
                    2312.5                        13.97
                    2318.8                        13.99
                    2325.0                        14.01
                    2331.3                        14.04
                    2337.5                        14.06
                    2343.8                        14.08
                    2350.0                        14.11
                    2356.3                        14.13
                    2362.5                        14.15
                    2368.8                        14.18
                    2375.0                        14.20
                    2381.3                        14.22
                    2387.5                        14.25
                    2393.8                        14.27
                    2400.0                        14.29
                    2406.3                        14.32
                    2412.5                        14.34
                    2418.8                        14.36
                    2425.0                        14.38
                    2431.3                        14.41
                    2437.5                        14.43
                    2443.8                        14.45
                    2450.0                        14.48
                    2456.3                        14.50
                    2462.5                        14.52
                    2468.8                        14.55
                    2475.0                        14.57
                    2481.3                        14.59
                    2487.5                        14.61
                    2493.8                        14.64
                    2500.0                        14.66
                    2506.3                        14.68
                    2512.5                        14.71
                    2518.8                        14.73
                    2525.0                        14.75
                    2531.3                        14.77
                    2537.5                        14.80
                    2543.8                        14.82
                    2550.0                        14.84
                    2556.3                        14.86
                    2562.5                        14.89
                    2568.8                        14.91
                    2575.0                        14.93
                    2581.3                        14.96
                    2587.5                        14.98
                    2593.8                        15.00
                    2600.0                        15.02
                    2606.3                        15.05
                    2612.5                        15.07
                    2618.8                        15.09
                    2625.0                        15.11
                    2631.3                        15.13
                    2637.5                        15.16
                    2643.8                        15.18
                    2650.0                        15.20
                    2656.3                        15.22
                    2662.5                        15.25
                    2668.8                        15.27
                    2675.0                        15.29
                    2681.3                        15.31
                    2687.5                        15.34
                    2693.8                        15.36
                    2700.0                        15.38
                    2706.3                        15.40
                    2712.5                        15.42
                    2718.8                        15.45
                    2725.0                        15.47
                    2731.3                        15.49
                    2737.5                        15.51
                    2743.8                        15.53
                    2750.0                        15.56
                    2756.3                        15.58
                    2762.5                        15.60
                    2768.8                        15.62
                    2775.0                        15.64
                    2781.3                        15.67
                    2787.5                        15.69
                    2793.8                        15.71
                    2800.0                        15.73
                    2806.3                        15.75
                    2812.5                        15.78
                    2818.8                        15.80
                    2825.0                        15.82
                    2831.3                        15.84
                    2837.5                        15.86
                    2843.8                        15.89
                    2850.0                        15.91
                    2856.3                        15.93
                    2862.5                        15.95
                    2868.8                        15.97
                    2875.0                        15.99
                    2881.3                        16.02
                    2887.5                        16.04
                    2893.8                        16.06
                    2900.0                        16.08
                    2906.3                        16.10
                    2912.5                        16.12
                    2918.8                        16.14
                    2925.0                        16.17
                    2931.3                        16.19
                    2937.5                        16.21
                    2943.8                        16.23
                    2950.0                        16.25
                    2956.3                        16.27
                    2962.5                        16.30
                    2968.8                        16.32
                    2975.0                        16.34
                    2981.3                        16.36
                    2987.5                        16.38
                    2993.8                        16.40
                    3000.0                        16.42
