
ELEMENT:
                                      Re

SOURCE:
                           Tanuma, Powell and Penn
                    Surface Interface Anal. 17 (1991) 911.
       IMFP values determined from optical data and a theoretical model
                                       

ATOMIC WEIGHT:               186.20700

DENSITY:                      20.8000 g/cm**3

TABULATION:

______________________________________________________________________________

                    Energy                         IMFP
                      eV                        Angstroms
______________________________________________________________________________
                      50.0                         5.09
                      54.9                         4.78
                      59.8                         4.51
                      64.6                         4.29
                      69.5                         4.13
                      74.4                         4.00
                      79.3                         3.91
                      84.1                         3.84
                      89.0                         3.79
                      93.9                         3.76
                      98.8                         3.74
                     103.6                         3.72
                     108.5                         3.72
                     113.4                         3.72
                     118.3                         3.73
                     123.1                         3.75
                     128.0                         3.76
                     132.9                         3.79
                     137.8                         3.81
                     142.6                         3.84
                     147.5                         3.86
                     152.4                         3.89
                     157.3                         3.93
                     162.1                         3.96
                     167.0                         3.99
                     171.9                         4.03
                     176.8                         4.06
                     181.6                         4.10
                     186.5                         4.14
                     191.4                         4.18
                     196.3                         4.22
                     201.1                         4.26
                     206.0                         4.30
                     210.9                         4.34
                     215.8                         4.38
                     220.6                         4.42
                     225.5                         4.46
                     230.4                         4.50
                     235.3                         4.54
                     240.1                         4.59
                     245.0                         4.63
                     249.9                         4.67
                     254.8                         4.71
                     259.6                         4.75
                     264.5                         4.80
                     269.4                         4.84
                     274.3                         4.88
                     279.1                         4.93
                     284.0                         4.97
                     288.9                         5.01
                     293.8                         5.05
                     298.6                         5.10
                     303.5                         5.14
                     308.4                         5.18
                     313.3                         5.23
                     318.1                         5.27
                     323.0                         5.31
                     327.9                         5.36
                     332.8                         5.40
                     337.6                         5.44
                     342.5                         5.49
                     347.4                         5.53
                     352.3                         5.57
                     357.1                         5.61
                     362.0                         5.66
                     366.9                         5.70
                     371.8                         5.74
                     376.6                         5.79
                     381.5                         5.83
                     386.4                         5.87
                     391.3                         5.91
                     396.1                         5.96
                     401.0                         6.00
                     405.9                         6.04
                     410.8                         6.09
                     415.6                         6.13
                     420.5                         6.17
                     425.4                         6.21
                     430.3                         6.26
                     435.1                         6.30
                     440.0                         6.34
                     444.9                         6.38
                     449.8                         6.43
                     454.6                         6.47
                     459.5                         6.51
                     464.4                         6.55
                     469.3                         6.59
                     474.1                         6.64
                     479.0                         6.68
                     483.9                         6.72
                     488.8                         6.76
                     493.6                         6.80
                     498.5                         6.85
                     503.4                         6.89
                     508.3                         6.93
                     513.1                         6.97
                     518.0                         7.01
                     522.9                         7.06
                     527.8                         7.10
                     532.6                         7.14
                     537.5                         7.18
                     542.4                         7.22
                     547.3                         7.26
                     552.1                         7.30
                     557.0                         7.35
                     561.9                         7.39
                     566.8                         7.43
                     571.6                         7.47
                     576.5                         7.51
                     581.4                         7.55
                     586.3                         7.59
                     591.1                         7.63
                     596.0                         7.67
                     600.9                         7.72
                     605.8                         7.76
                     610.6                         7.80
                     615.5                         7.84
                     620.4                         7.88
                     625.3                         7.92
                     630.1                         7.96
                     635.0                         8.00
                     639.9                         8.04
                     644.8                         8.08
                     649.6                         8.12
                     654.5                         8.16
                     659.4                         8.20
                     664.3                         8.24
                     669.1                         8.28
                     674.0                         8.32
                     678.9                         8.36
                     683.8                         8.40
                     688.6                         8.44
                     693.5                         8.48
                     698.4                         8.52
                     703.3                         8.56
                     708.1                         8.60
                     713.0                         8.64
                     717.9                         8.68
                     722.8                         8.72
                     727.6                         8.76
                     732.5                         8.80
                     737.4                         8.84
                     742.3                         8.88
                     747.1                         8.92
                     752.0                         8.96
                     756.9                         9.00
                     761.8                         9.04
                     766.6                         9.08
                     771.5                         9.12
                     776.4                         9.16
                     781.3                         9.20
                     786.1                         9.24
                     791.0                         9.28
                     795.9                         9.32
                     800.8                         9.36
                     805.6                         9.40
                     810.5                         9.44
                     815.4                         9.47
                     820.3                         9.51
                     825.1                         9.55
                     830.0                         9.59
                     834.9                         9.63
                     839.8                         9.67
                     844.6                         9.71
                     849.5                         9.75
                     854.4                         9.79
                     859.3                         9.83
                     864.1                         9.86
                     869.0                         9.90
                     873.9                         9.94
                     878.8                         9.98
                     883.6                        10.02
                     888.5                        10.06
                     893.4                        10.10
                     898.3                        10.13
                     903.1                        10.17
                     908.0                        10.21
                     912.9                        10.25
                     917.8                        10.29
                     922.6                        10.33
                     927.5                        10.37
                     932.4                        10.40
                     937.3                        10.44
                     942.1                        10.48
                     947.0                        10.52
                     951.9                        10.56
                     956.8                        10.60
                     961.6                        10.63
                     966.5                        10.67
                     971.4                        10.71
                     976.3                        10.75
                     981.1                        10.79
                     986.0                        10.82
                     990.9                        10.86
                     995.8                        10.90
                    1000.6                        10.94
                    1005.5                        10.98
                    1010.4                        11.01
                    1015.3                        11.05
                    1020.1                        11.09
                    1025.0                        11.13
                    1029.9                        11.16
                    1034.8                        11.20
                    1039.6                        11.24
                    1044.5                        11.28
                    1049.4                        11.32
                    1054.3                        11.35
                    1059.1                        11.39
                    1064.0                        11.43
                    1068.9                        11.47
                    1073.8                        11.50
                    1078.6                        11.54
                    1083.5                        11.58
                    1088.4                        11.62
                    1093.3                        11.65
                    1098.1                        11.69
                    1103.0                        11.73
                    1107.9                        11.77
                    1112.8                        11.80
                    1117.6                        11.84
                    1122.5                        11.88
                    1127.4                        11.91
                    1132.3                        11.95
                    1137.1                        11.99
                    1142.0                        12.03
                    1146.9                        12.06
                    1151.8                        12.10
                    1156.6                        12.14
                    1161.5                        12.17
                    1166.4                        12.21
                    1171.3                        12.25
                    1176.1                        12.29
                    1181.0                        12.32
                    1185.9                        12.36
                    1190.8                        12.40
                    1195.6                        12.43
                    1200.5                        12.47
                    1205.4                        12.51
                    1210.3                        12.54
                    1215.1                        12.58
                    1220.0                        12.62
                    1224.9                        12.65
                    1229.8                        12.69
                    1234.6                        12.73
                    1239.5                        12.76
                    1244.4                        12.80
                    1249.3                        12.84
                    1254.1                        12.87
                    1259.0                        12.91
                    1263.9                        12.95
                    1268.8                        12.98
                    1273.6                        13.02
                    1278.5                        13.06
                    1283.4                        13.09
                    1288.3                        13.13
                    1293.1                        13.17
                    1298.0                        13.20
                    1302.9                        13.24
                    1307.8                        13.27
                    1312.6                        13.31
                    1317.5                        13.35
                    1322.4                        13.38
                    1327.3                        13.42
                    1332.1                        13.46
                    1337.0                        13.49
                    1341.9                        13.53
                    1346.8                        13.57
                    1351.6                        13.60
                    1356.5                        13.64
                    1361.4                        13.67
                    1366.3                        13.71
                    1371.1                        13.75
                    1376.0                        13.78
                    1380.9                        13.82
                    1385.8                        13.85
                    1390.6                        13.89
                    1395.5                        13.93
                    1400.4                        13.96
                    1405.3                        14.00
                    1410.1                        14.03
                    1415.0                        14.07
                    1419.9                        14.11
                    1424.8                        14.14
                    1429.6                        14.18
                    1434.5                        14.21
                    1439.4                        14.25
                    1444.3                        14.28
                    1449.1                        14.32
                    1454.0                        14.36
                    1458.9                        14.39
                    1463.8                        14.43
                    1468.6                        14.46
                    1473.5                        14.50
                    1478.4                        14.53
                    1483.3                        14.57
                    1488.1                        14.61
                    1493.0                        14.64
                    1497.9                        14.68
                    1502.8                        14.71
                    1507.6                        14.75
                    1512.5                        14.78
                    1517.4                        14.82
                    1522.3                        14.85
                    1527.1                        14.89
                    1532.0                        14.93
                    1536.9                        14.96
                    1541.8                        15.00
                    1546.6                        15.03
                    1551.5                        15.07
                    1556.4                        15.10
                    1561.3                        15.14
                    1566.1                        15.17
                    1571.0                        15.21
                    1575.9                        15.24
                    1580.8                        15.28
                    1585.6                        15.31
                    1590.5                        15.35
                    1595.4                        15.39
                    1600.3                        15.42
                    1605.1                        15.46
                    1610.0                        15.49
                    1614.9                        15.53
                    1619.8                        15.56
                    1624.6                        15.60
                    1629.5                        15.63
                    1634.4                        15.67
                    1639.3                        15.70
                    1644.1                        15.74
                    1649.0                        15.77
                    1653.9                        15.81
                    1658.8                        15.84
                    1663.6                        15.88
                    1668.5                        15.91
                    1673.4                        15.95
                    1678.3                        15.98
                    1683.1                        16.02
                    1688.0                        16.05
                    1692.9                        16.09
                    1697.8                        16.12
                    1702.6                        16.16
                    1707.5                        16.19
                    1712.4                        16.23
                    1717.3                        16.26
                    1722.1                        16.30
                    1727.0                        16.33
                    1731.9                        16.37
                    1736.8                        16.40
                    1741.6                        16.43
                    1746.5                        16.47
                    1751.4                        16.50
                    1756.3                        16.54
                    1761.1                        16.57
                    1766.0                        16.61
                    1770.9                        16.64
                    1775.8                        16.68
                    1780.6                        16.71
                    1785.5                        16.75
                    1790.4                        16.78
                    1795.3                        16.82
                    1800.1                        16.85
                    1805.0                        16.88
                    1809.9                        16.92
                    1814.8                        16.95
                    1819.6                        16.99
                    1824.5                        17.02
                    1829.4                        17.06
                    1834.3                        17.09
                    1839.1                        17.13
                    1844.0                        17.16
                    1848.9                        17.20
                    1853.8                        17.23
                    1858.6                        17.26
                    1863.5                        17.30
                    1868.4                        17.33
                    1873.3                        17.37
                    1878.1                        17.40
                    1883.0                        17.44
                    1887.9                        17.47
                    1892.8                        17.50
                    1897.6                        17.54
                    1902.5                        17.57
                    1907.4                        17.61
                    1912.3                        17.64
                    1917.1                        17.68
                    1922.0                        17.71
                    1926.9                        17.74
                    1931.8                        17.78
                    1936.6                        17.81
                    1941.5                        17.85
                    1946.4                        17.88
                    1951.3                        17.91
                    1956.1                        17.95
                    1961.0                        17.98
                    1965.9                        18.02
                    1970.8                        18.05
                    1975.6                        18.09
                    1980.5                        18.12
                    1985.4                        18.15
                    1990.3                        18.19
                    1995.1                        18.22
                    2000.0                        18.26
