
ELEMENT:
                                      Os

SOURCE:
                           Tanuma, Powell and Penn
                    Surface Interface Anal. 17 (1991) 911.
       IMFP values determined from optical data and a theoretical model
                                       

ATOMIC WEIGHT:               190.23000

DENSITY:                      22.5900 g/cm**3

TABULATION:

______________________________________________________________________________

                    Energy                         IMFP
                      eV                        Angstroms
______________________________________________________________________________
                      50.0                         5.44
                      54.9                         5.14
                      59.8                         4.90
                      64.6                         4.71
                      69.5                         4.57
                      74.4                         4.47
                      79.3                         4.40
                      84.1                         4.34
                      89.0                         4.31
                      93.9                         4.29
                      98.8                         4.28
                     103.6                         4.28
                     108.5                         4.29
                     113.4                         4.30
                     118.3                         4.32
                     123.1                         4.35
                     128.0                         4.38
                     132.9                         4.41
                     137.8                         4.44
                     142.6                         4.48
                     147.5                         4.52
                     152.4                         4.56
                     157.3                         4.60
                     162.1                         4.64
                     167.0                         4.68
                     171.9                         4.73
                     176.8                         4.77
                     181.6                         4.82
                     186.5                         4.87
                     191.4                         4.91
                     196.3                         4.96
                     201.1                         5.01
                     206.0                         5.06
                     210.9                         5.11
                     215.8                         5.16
                     220.6                         5.21
                     225.5                         5.26
                     230.4                         5.31
                     235.3                         5.36
                     240.1                         5.41
                     245.0                         5.46
                     249.9                         5.51
                     254.8                         5.56
                     259.6                         5.61
                     264.5                         5.66
                     269.4                         5.71
                     274.3                         5.76
                     279.1                         5.82
                     284.0                         5.87
                     288.9                         5.92
                     293.8                         5.97
                     298.6                         6.02
                     303.5                         6.07
                     308.4                         6.12
                     313.3                         6.17
                     318.1                         6.23
                     323.0                         6.28
                     327.9                         6.33
                     332.8                         6.38
                     337.6                         6.43
                     342.5                         6.48
                     347.4                         6.53
                     352.3                         6.58
                     357.1                         6.63
                     362.0                         6.69
                     366.9                         6.74
                     371.8                         6.79
                     376.6                         6.84
                     381.5                         6.89
                     386.4                         6.94
                     391.3                         6.99
                     396.1                         7.04
                     401.0                         7.09
                     405.9                         7.14
                     410.8                         7.19
                     415.6                         7.24
                     420.5                         7.29
                     425.4                         7.34
                     430.3                         7.39
                     435.1                         7.44
                     440.0                         7.49
                     444.9                         7.54
                     449.8                         7.59
                     454.6                         7.64
                     459.5                         7.69
                     464.4                         7.74
                     469.3                         7.79
                     474.1                         7.84
                     479.0                         7.89
                     483.9                         7.94
                     488.8                         7.99
                     493.6                         8.04
                     498.5                         8.09
                     503.4                         8.14
                     508.3                         8.19
                     513.1                         8.24
                     518.0                         8.29
                     522.9                         8.34
                     527.8                         8.38
                     532.6                         8.43
                     537.5                         8.48
                     542.4                         8.53
                     547.3                         8.58
                     552.1                         8.63
                     557.0                         8.68
                     561.9                         8.73
                     566.8                         8.77
                     571.6                         8.82
                     576.5                         8.87
                     581.4                         8.92
                     586.3                         8.97
                     591.1                         9.02
                     596.0                         9.06
                     600.9                         9.11
                     605.8                         9.16
                     610.6                         9.21
                     615.5                         9.26
                     620.4                         9.30
                     625.3                         9.35
                     630.1                         9.40
                     635.0                         9.45
                     639.9                         9.49
                     644.8                         9.54
                     649.6                         9.59
                     654.5                         9.64
                     659.4                         9.69
                     664.3                         9.73
                     669.1                         9.78
                     674.0                         9.83
                     678.9                         9.87
                     683.8                         9.92
                     688.6                         9.97
                     693.5                        10.02
                     698.4                        10.06
                     703.3                        10.11
                     708.1                        10.16
                     713.0                        10.20
                     717.9                        10.25
                     722.8                        10.30
                     727.6                        10.34
                     732.5                        10.39
                     737.4                        10.44
                     742.3                        10.48
                     747.1                        10.53
                     752.0                        10.58
                     756.9                        10.62
                     761.8                        10.67
                     766.6                        10.72
                     771.5                        10.76
                     776.4                        10.81
                     781.3                        10.86
                     786.1                        10.90
                     791.0                        10.95
                     795.9                        10.99
                     800.8                        11.04
                     805.6                        11.09
                     810.5                        11.13
                     815.4                        11.18
                     820.3                        11.22
                     825.1                        11.27
                     830.0                        11.32
                     834.9                        11.36
                     839.8                        11.41
                     844.6                        11.45
                     849.5                        11.50
                     854.4                        11.54
                     859.3                        11.59
                     864.1                        11.63
                     869.0                        11.68
                     873.9                        11.73
                     878.8                        11.77
                     883.6                        11.82
                     888.5                        11.86
                     893.4                        11.91
                     898.3                        11.95
                     903.1                        12.00
                     908.0                        12.04
                     912.9                        12.09
                     917.8                        12.13
                     922.6                        12.18
                     927.5                        12.22
                     932.4                        12.27
                     937.3                        12.31
                     942.1                        12.36
                     947.0                        12.40
                     951.9                        12.45
                     956.8                        12.49
                     961.6                        12.54
                     966.5                        12.58
                     971.4                        12.63
                     976.3                        12.67
                     981.1                        12.72
                     986.0                        12.76
                     990.9                        12.80
                     995.8                        12.85
                    1000.6                        12.89
                    1005.5                        12.94
                    1010.4                        12.98
                    1015.3                        13.03
                    1020.1                        13.07
                    1025.0                        13.11
                    1029.9                        13.16
                    1034.8                        13.20
                    1039.6                        13.25
                    1044.5                        13.29
                    1049.4                        13.34
                    1054.3                        13.38
                    1059.1                        13.42
                    1064.0                        13.47
                    1068.9                        13.51
                    1073.8                        13.56
                    1078.6                        13.60
                    1083.5                        13.64
                    1088.4                        13.69
                    1093.3                        13.73
                    1098.1                        13.77
                    1103.0                        13.82
                    1107.9                        13.86
                    1112.8                        13.91
                    1117.6                        13.95
                    1122.5                        13.99
                    1127.4                        14.04
                    1132.3                        14.08
                    1137.1                        14.12
                    1142.0                        14.17
                    1146.9                        14.21
                    1151.8                        14.25
                    1156.6                        14.30
                    1161.5                        14.34
                    1166.4                        14.38
                    1171.3                        14.43
                    1176.1                        14.47
                    1181.0                        14.51
                    1185.9                        14.56
                    1190.8                        14.60
                    1195.6                        14.64
                    1200.5                        14.69
                    1205.4                        14.73
                    1210.3                        14.77
                    1215.1                        14.82
                    1220.0                        14.86
                    1224.9                        14.90
                    1229.8                        14.95
                    1234.6                        14.99
                    1239.5                        15.03
                    1244.4                        15.07
                    1249.3                        15.12
                    1254.1                        15.16
                    1259.0                        15.20
                    1263.9                        15.25
                    1268.8                        15.29
                    1273.6                        15.33
                    1278.5                        15.37
                    1283.4                        15.42
                    1288.3                        15.46
                    1293.1                        15.50
                    1298.0                        15.54
                    1302.9                        15.59
                    1307.8                        15.63
                    1312.6                        15.67
                    1317.5                        15.71
                    1322.4                        15.76
                    1327.3                        15.80
                    1332.1                        15.84
                    1337.0                        15.88
                    1341.9                        15.93
                    1346.8                        15.97
                    1351.6                        16.01
                    1356.5                        16.05
                    1361.4                        16.10
                    1366.3                        16.14
                    1371.1                        16.18
                    1376.0                        16.22
                    1380.9                        16.26
                    1385.8                        16.31
                    1390.6                        16.35
                    1395.5                        16.39
                    1400.4                        16.43
                    1405.3                        16.47
                    1410.1                        16.52
                    1415.0                        16.56
                    1419.9                        16.60
                    1424.8                        16.64
                    1429.6                        16.68
                    1434.5                        16.73
                    1439.4                        16.77
                    1444.3                        16.81
                    1449.1                        16.85
                    1454.0                        16.89
                    1458.9                        16.94
                    1463.8                        16.98
                    1468.6                        17.02
                    1473.5                        17.06
                    1478.4                        17.10
                    1483.3                        17.14
                    1488.1                        17.19
                    1493.0                        17.23
                    1497.9                        17.27
                    1502.8                        17.31
                    1507.6                        17.35
                    1512.5                        17.39
                    1517.4                        17.44
                    1522.3                        17.48
                    1527.1                        17.52
                    1532.0                        17.56
                    1536.9                        17.60
                    1541.8                        17.64
                    1546.6                        17.68
                    1551.5                        17.73
                    1556.4                        17.77
                    1561.3                        17.81
                    1566.1                        17.85
                    1571.0                        17.89
                    1575.9                        17.93
                    1580.8                        17.97
                    1585.6                        18.01
                    1590.5                        18.06
                    1595.4                        18.10
                    1600.3                        18.14
                    1605.1                        18.18
                    1610.0                        18.22
                    1614.9                        18.26
                    1619.8                        18.30
                    1624.6                        18.34
                    1629.5                        18.39
                    1634.4                        18.43
                    1639.3                        18.47
                    1644.1                        18.51
                    1649.0                        18.55
                    1653.9                        18.59
                    1658.8                        18.63
                    1663.6                        18.67
                    1668.5                        18.71
                    1673.4                        18.75
                    1678.3                        18.79
                    1683.1                        18.84
                    1688.0                        18.88
                    1692.9                        18.92
                    1697.8                        18.96
                    1702.6                        19.00
                    1707.5                        19.04
                    1712.4                        19.08
                    1717.3                        19.12
                    1722.1                        19.16
                    1727.0                        19.20
                    1731.9                        19.24
                    1736.8                        19.28
                    1741.6                        19.32
                    1746.5                        19.36
                    1751.4                        19.40
                    1756.3                        19.45
                    1761.1                        19.49
                    1766.0                        19.53
                    1770.9                        19.57
                    1775.8                        19.61
                    1780.6                        19.65
                    1785.5                        19.69
                    1790.4                        19.73
                    1795.3                        19.77
                    1800.1                        19.81
                    1805.0                        19.85
                    1809.9                        19.89
                    1814.8                        19.93
                    1819.6                        19.97
                    1824.5                        20.01
                    1829.4                        20.05
                    1834.3                        20.09
                    1839.1                        20.13
                    1844.0                        20.17
                    1848.9                        20.21
                    1853.8                        20.25
                    1858.6                        20.29
                    1863.5                        20.33
                    1868.4                        20.37
                    1873.3                        20.41
                    1878.1                        20.45
                    1883.0                        20.49
                    1887.9                        20.53
                    1892.8                        20.57
                    1897.6                        20.61
                    1902.5                        20.65
                    1907.4                        20.69
                    1912.3                        20.73
                    1917.1                        20.77
                    1922.0                        20.81
                    1926.9                        20.85
                    1931.8                        20.89
                    1936.6                        20.93
                    1941.5                        20.97
                    1946.4                        21.01
                    1951.3                        21.05
                    1956.1                        21.09
                    1961.0                        21.13
                    1965.9                        21.17
                    1970.8                        21.21
                    1975.6                        21.25
                    1980.5                        21.29
                    1985.4                        21.33
                    1990.3                        21.37
                    1995.1                        21.41
                    2000.0                        21.45
