
ELEMENT:
                                      Pt

SOURCE:
                                Lesiak et al.
                         Surface Sci. 223, (1989) 213
           IMFPs determined from the intensity of the elastic peak
       Multiple elastic scattering simulated by the Monte Carlo method

ATOMIC WEIGHT:               195.07800

DENSITY:                      21.5000 g/cm**3

TABULATION:

______________________________________________________________________________

                    Energy                         IMFP
                      eV                        Angstroms
______________________________________________________________________________
                     270.0                         5.38
                     275.2                         5.43
                     280.4                         5.48
                     285.6                         5.52
                     290.8                         5.57
                     296.0                         5.61
                     301.2                         5.66
                     306.4                         5.70
                     311.6                         5.74
                     316.8                         5.79
                     322.0                         5.83
                     327.2                         5.87
                     332.4                         5.91
                     337.6                         5.95
                     342.8                         5.99
                     348.0                         6.04
                     353.2                         6.08
                     358.4                         6.12
                     363.6                         6.16
                     368.8                         6.20
                     374.0                         6.24
                     379.2                         6.27
                     384.4                         6.31
                     389.6                         6.35
                     394.8                         6.39
                     400.0                         6.43
                     405.2                         6.46
                     410.4                         6.50
                     415.6                         6.54
                     420.8                         6.58
                     426.0                         6.61
                     431.2                         6.65
                     436.4                         6.68
                     441.6                         6.72
                     446.8                         6.76
                     452.0                         6.79
                     457.2                         6.83
                     462.4                         6.86
                     467.6                         6.90
                     472.8                         6.93
                     478.0                         6.96
                     483.2                         7.00
                     488.4                         7.03
                     493.6                         7.07
                     498.8                         7.10
                     504.0                         7.13
                     509.2                         7.17
                     514.4                         7.20
                     519.6                         7.23
                     524.8                         7.26
                     530.0                         7.30
                     535.2                         7.33
                     540.4                         7.36
                     545.6                         7.39
                     550.8                         7.42
                     556.0                         7.46
                     561.2                         7.49
                     566.4                         7.52
                     571.6                         7.55
                     576.8                         7.58
                     582.0                         7.61
                     587.2                         7.64
                     592.4                         7.67
                     597.6                         7.70
                     602.8                         7.73
                     608.0                         7.76
                     613.2                         7.79
                     618.4                         7.82
                     623.6                         7.85
                     628.8                         7.88
                     634.0                         7.91
                     639.2                         7.94
                     644.4                         7.97
                     649.6                         8.00
                     654.8                         8.03
                     660.0                         8.06
                     665.2                         8.08
                     670.4                         8.11
                     675.6                         8.14
                     680.8                         8.17
                     686.0                         8.20
                     691.2                         8.23
                     696.4                         8.25
                     701.6                         8.28
                     706.8                         8.31
                     712.0                         8.34
                     717.2                         8.36
                     722.4                         8.39
                     727.6                         8.42
                     732.8                         8.44
                     738.0                         8.47
                     743.2                         8.50
                     748.4                         8.53
                     753.6                         8.55
                     758.8                         8.58
                     764.0                         8.61
                     769.2                         8.63
                     774.4                         8.66
                     779.6                         8.68
                     784.8                         8.71
                     790.0                         8.74
                     795.2                         8.76
                     800.4                         8.79
                     805.6                         8.81
                     810.8                         8.84
                     816.0                         8.86
                     821.2                         8.89
                     826.4                         8.92
                     831.6                         8.94
                     836.8                         8.97
                     842.0                         8.99
                     847.2                         9.02
                     852.4                         9.04
                     857.6                         9.07
                     862.8                         9.09
                     868.0                         9.11
                     873.2                         9.14
                     878.4                         9.16
                     883.6                         9.19
                     888.8                         9.21
                     894.0                         9.24
                     899.2                         9.26
                     904.4                         9.29
                     909.6                         9.31
                     914.8                         9.33
                     920.0                         9.36
                     925.2                         9.38
                     930.4                         9.40
                     935.6                         9.43
                     940.8                         9.45
                     946.0                         9.48
                     951.2                         9.50
                     956.4                         9.52
                     961.6                         9.55
                     966.8                         9.57
                     972.0                         9.59
                     977.2                         9.62
                     982.4                         9.64
                     987.6                         9.66
                     992.8                         9.68
                     998.0                         9.71
                    1003.2                         9.73
                    1008.4                         9.75
                    1013.6                         9.78
                    1018.8                         9.80
                    1024.0                         9.82
                    1029.2                         9.84
                    1034.4                         9.87
                    1039.6                         9.89
                    1044.8                         9.91
                    1050.0                         9.93
                    1055.2                         9.95
                    1060.4                         9.98
                    1065.6                        10.00
                    1070.8                        10.02
                    1076.0                        10.04
                    1081.2                        10.06
                    1086.4                        10.09
                    1091.6                        10.11
                    1096.8                        10.13
                    1102.0                        10.15
                    1107.2                        10.17
                    1112.4                        10.19
                    1117.6                        10.22
                    1122.8                        10.24
                    1128.0                        10.26
                    1133.2                        10.28
                    1138.4                        10.30
                    1143.6                        10.32
                    1148.8                        10.34
                    1154.0                        10.36
                    1159.2                        10.39
                    1164.4                        10.41
                    1169.6                        10.43
                    1174.8                        10.45
                    1180.0                        10.47
                    1185.2                        10.49
                    1190.4                        10.51
                    1195.6                        10.53
                    1200.8                        10.55
                    1206.0                        10.57
                    1211.2                        10.59
                    1216.4                        10.61
                    1221.6                        10.63
                    1226.8                        10.65
                    1232.0                        10.67
                    1237.2                        10.69
                    1242.4                        10.71
                    1247.6                        10.74
                    1252.8                        10.76
                    1258.0                        10.78
                    1263.2                        10.80
                    1268.4                        10.82
                    1273.6                        10.84
                    1278.8                        10.86
                    1284.0                        10.88
                    1289.2                        10.90
                    1294.4                        10.91
                    1299.6                        10.93
                    1304.8                        10.95
                    1310.0                        10.97
                    1315.2                        10.99
                    1320.4                        11.01
                    1325.6                        11.03
                    1330.8                        11.05
                    1336.0                        11.07
                    1341.2                        11.09
                    1346.4                        11.11
                    1351.6                        11.13
                    1356.8                        11.15
                    1362.0                        11.17
                    1367.2                        11.19
                    1372.4                        11.21
                    1377.6                        11.23
                    1382.8                        11.25
                    1388.0                        11.26
                    1393.2                        11.28
                    1398.4                        11.30
                    1403.6                        11.32
                    1408.8                        11.34
                    1414.0                        11.36
                    1419.2                        11.38
                    1424.4                        11.40
                    1429.6                        11.42
                    1434.8                        11.43
                    1440.0                        11.45
                    1445.2                        11.47
                    1450.4                        11.49
                    1455.6                        11.51
                    1460.8                        11.53
                    1466.0                        11.55
                    1471.2                        11.56
                    1476.4                        11.58
                    1481.6                        11.60
                    1486.8                        11.62
                    1492.0                        11.64
                    1497.2                        11.66
                    1502.4                        11.67
                    1507.6                        11.69
                    1512.8                        11.71
                    1518.0                        11.73
                    1523.2                        11.75
                    1528.4                        11.76
                    1533.6                        11.78
                    1538.8                        11.80
                    1544.0                        11.82
                    1549.2                        11.84
                    1554.4                        11.85
                    1559.6                        11.87
                    1564.8                        11.89
                    1570.0                        11.91
                    1575.2                        11.93
                    1580.4                        11.94
                    1585.6                        11.96
                    1590.8                        11.98
                    1596.0                        12.00
                    1601.2                        12.01
                    1606.4                        12.03
                    1611.6                        12.05
                    1616.8                        12.07
                    1622.0                        12.08
                    1627.2                        12.10
                    1632.4                        12.12
                    1637.6                        12.14
                    1642.8                        12.15
                    1648.0                        12.17
                    1653.2                        12.19
                    1658.4                        12.21
                    1663.6                        12.22
                    1668.8                        12.24
                    1674.0                        12.26
                    1679.2                        12.27
                    1684.4                        12.29
                    1689.6                        12.31
                    1694.8                        12.33
                    1700.0                        12.34
                    1705.2                        12.36
                    1710.4                        12.38
                    1715.6                        12.39
                    1720.8                        12.41
                    1726.0                        12.43
                    1731.2                        12.44
                    1736.4                        12.46
                    1741.6                        12.48
                    1746.8                        12.49
                    1752.0                        12.51
                    1757.2                        12.53
                    1762.4                        12.54
                    1767.6                        12.56
                    1772.8                        12.58
                    1778.0                        12.59
                    1783.2                        12.61
                    1788.4                        12.63
                    1793.6                        12.64
                    1798.8                        12.66
                    1804.0                        12.68
                    1809.2                        12.69
                    1814.4                        12.71
                    1819.6                        12.73
                    1824.8                        12.74
                    1830.0                        12.76
                    1835.2                        12.78
                    1840.4                        12.79
                    1845.6                        12.81
                    1850.8                        12.82
                    1856.0                        12.84
                    1861.2                        12.86
                    1866.4                        12.87
                    1871.6                        12.89
                    1876.8                        12.91
                    1882.0                        12.92
                    1887.2                        12.94
                    1892.4                        12.95
                    1897.6                        12.97
                    1902.8                        12.99
                    1908.0                        13.00
                    1913.2                        13.02
                    1918.4                        13.03
                    1923.6                        13.05
                    1928.8                        13.07
                    1934.0                        13.08
                    1939.2                        13.10
                    1944.4                        13.11
                    1949.6                        13.13
                    1954.8                        13.15
                    1960.0                        13.16
                    1965.2                        13.18
                    1970.4                        13.19
                    1975.6                        13.21
                    1980.8                        13.22
                    1986.0                        13.24
                    1991.2                        13.25
                    1996.4                        13.27
                    2001.6                        13.29
                    2006.8                        13.30
                    2012.0                        13.32
                    2017.2                        13.33
                    2022.4                        13.35
                    2027.6                        13.36
                    2032.8                        13.38
                    2038.0                        13.39
                    2043.2                        13.41
                    2048.4                        13.43
                    2053.6                        13.44
                    2058.8                        13.46
                    2064.0                        13.47
                    2069.2                        13.49
                    2074.4                        13.50
                    2079.6                        13.52
                    2084.8                        13.53
                    2090.0                        13.55
                    2095.2                        13.56
                    2100.4                        13.58
                    2105.6                        13.59
                    2110.8                        13.61
                    2116.0                        13.62
                    2121.2                        13.64
                    2126.4                        13.65
                    2131.6                        13.67
                    2136.8                        13.68
                    2142.0                        13.70
                    2147.2                        13.71
                    2152.4                        13.73
                    2157.6                        13.74
                    2162.8                        13.76
                    2168.0                        13.77
                    2173.2                        13.79
                    2178.4                        13.80
                    2183.6                        13.82
                    2188.8                        13.83
                    2194.0                        13.85
                    2199.2                        13.86
                    2204.4                        13.88
                    2209.6                        13.89
                    2214.8                        13.91
                    2220.0                        13.92
                    2225.2                        13.94
                    2230.4                        13.95
                    2235.6                        13.97
                    2240.8                        13.98
                    2246.0                        13.99
                    2251.2                        14.01
                    2256.4                        14.02
                    2261.6                        14.04
                    2266.8                        14.05
                    2272.0                        14.07
                    2277.2                        14.08
                    2282.4                        14.10
                    2287.6                        14.11
                    2292.8                        14.13
                    2298.0                        14.14
                    2303.2                        14.15
                    2308.4                        14.17
                    2313.6                        14.18
                    2318.8                        14.20
                    2324.0                        14.21
                    2329.2                        14.23
                    2334.4                        14.24
                    2339.6                        14.25
                    2344.8                        14.27
                    2350.0                        14.28
