
ELEMENT:
                                      Pt

SOURCE:
                       Beilschmidt, Tilinin and Werner
                    Surface Interface Anal. 22 (1994) 120
           IMFPs determined from the intensity of the elastic peak
  Multiple elastic scattering accounted by the approximate analytical theory

COMMENT:
                                 Al reference

ATOMIC WEIGHT:               195.07800

DENSITY:                      21.5000 g/cm**3

TABULATION:

______________________________________________________________________________

                    Energy                         IMFP
                      eV                        Angstroms
______________________________________________________________________________
                     250.0                         3.77
                     253.1                         3.80
                     256.3                         3.83
                     259.4                         3.86
                     262.5                         3.90
                     265.6                         3.93
                     268.8                         3.96
                     271.9                         3.99
                     275.0                         4.02
                     278.1                         4.05
                     281.3                         4.08
                     284.4                         4.11
                     287.5                         4.14
                     290.6                         4.17
                     293.8                         4.20
                     296.9                         4.23
                     300.0                         4.26
                     303.1                         4.29
                     306.3                         4.32
                     309.4                         4.35
                     312.5                         4.37
                     315.6                         4.40
                     318.8                         4.43
                     321.9                         4.46
                     325.0                         4.49
                     328.1                         4.52
                     331.3                         4.55
                     334.4                         4.58
                     337.5                         4.60
                     340.6                         4.63
                     343.8                         4.66
                     346.9                         4.69
                     350.0                         4.72
                     353.1                         4.74
                     356.3                         4.77
                     359.4                         4.80
                     362.5                         4.83
                     365.6                         4.86
                     368.8                         4.88
                     371.9                         4.91
                     375.0                         4.94
                     378.1                         4.97
                     381.3                         4.99
                     384.4                         5.02
                     387.5                         5.05
                     390.6                         5.07
                     393.8                         5.10
                     396.9                         5.13
                     400.0                         5.15
                     403.1                         5.18
                     406.3                         5.21
                     409.4                         5.23
                     412.5                         5.26
                     415.6                         5.29
                     418.8                         5.31
                     421.9                         5.34
                     425.0                         5.37
                     428.1                         5.39
                     431.3                         5.42
                     434.4                         5.45
                     437.5                         5.47
                     440.6                         5.50
                     443.8                         5.52
                     446.9                         5.55
                     450.0                         5.57
                     453.1                         5.60
                     456.3                         5.63
                     459.4                         5.65
                     462.5                         5.68
                     465.6                         5.70
                     468.8                         5.73
                     471.9                         5.75
                     475.0                         5.78
                     478.1                         5.80
                     481.3                         5.83
                     484.4                         5.85
                     487.5                         5.88
                     490.6                         5.90
                     493.8                         5.93
                     496.9                         5.95
                     500.0                         5.98
                     503.1                         6.00
                     506.3                         6.03
                     509.4                         6.05
                     512.5                         6.08
                     515.6                         6.10
                     518.8                         6.13
                     521.9                         6.15
                     525.0                         6.18
                     528.1                         6.20
                     531.3                         6.23
                     534.4                         6.25
                     537.5                         6.27
                     540.6                         6.30
                     543.8                         6.32
                     546.9                         6.35
                     550.0                         6.37
                     553.1                         6.39
                     556.3                         6.42
                     559.4                         6.44
                     562.5                         6.47
                     565.6                         6.49
                     568.8                         6.51
                     571.9                         6.54
                     575.0                         6.56
                     578.1                         6.59
                     581.3                         6.61
                     584.4                         6.63
                     587.5                         6.66
                     590.6                         6.68
                     593.8                         6.70
                     596.9                         6.73
                     600.0                         6.75
                     603.1                         6.77
                     606.3                         6.80
                     609.4                         6.82
                     612.5                         6.84
                     615.6                         6.87
                     618.8                         6.89
                     621.9                         6.91
                     625.0                         6.94
                     628.1                         6.96
                     631.3                         6.98
                     634.4                         7.00
                     637.5                         7.03
                     640.6                         7.05
                     643.8                         7.07
                     646.9                         7.10
                     650.0                         7.12
                     653.1                         7.14
                     656.3                         7.16
                     659.4                         7.19
                     662.5                         7.21
                     665.6                         7.23
                     668.8                         7.25
                     671.9                         7.28
                     675.0                         7.30
                     678.1                         7.32
                     681.3                         7.34
                     684.4                         7.37
                     687.5                         7.39
                     690.6                         7.41
                     693.8                         7.43
                     696.9                         7.46
                     700.0                         7.48
                     703.1                         7.50
                     706.3                         7.52
                     709.4                         7.54
                     712.5                         7.57
                     715.6                         7.59
                     718.8                         7.61
                     721.9                         7.63
                     725.0                         7.65
                     728.1                         7.68
                     731.3                         7.70
                     734.4                         7.72
                     737.5                         7.74
                     740.6                         7.76
                     743.8                         7.79
                     746.9                         7.81
                     750.0                         7.83
                     753.1                         7.85
                     756.3                         7.87
                     759.4                         7.89
                     762.5                         7.92
                     765.6                         7.94
                     768.8                         7.96
                     771.9                         7.98
                     775.0                         8.00
                     778.1                         8.02
                     781.3                         8.04
                     784.4                         8.07
                     787.5                         8.09
                     790.6                         8.11
                     793.8                         8.13
                     796.9                         8.15
                     800.0                         8.17
                     803.1                         8.19
                     806.3                         8.22
                     809.4                         8.24
                     812.5                         8.26
                     815.6                         8.28
                     818.8                         8.30
                     821.9                         8.32
                     825.0                         8.34
                     828.1                         8.36
                     831.3                         8.38
                     834.4                         8.40
                     837.5                         8.43
                     840.6                         8.45
                     843.8                         8.47
                     846.9                         8.49
                     850.0                         8.51
                     853.1                         8.53
                     856.3                         8.55
                     859.4                         8.57
                     862.5                         8.59
                     865.6                         8.61
                     868.8                         8.63
                     871.9                         8.65
                     875.0                         8.67
                     878.1                         8.70
                     881.3                         8.72
                     884.4                         8.74
                     887.5                         8.76
                     890.6                         8.78
                     893.8                         8.80
                     896.9                         8.82
                     900.0                         8.84
                     903.1                         8.86
                     906.3                         8.88
                     909.4                         8.90
                     912.5                         8.92
                     915.6                         8.94
                     918.8                         8.96
                     921.9                         8.98
                     925.0                         9.00
                     928.1                         9.02
                     931.3                         9.04
                     934.4                         9.06
                     937.5                         9.08
                     940.6                         9.10
                     943.8                         9.12
                     946.9                         9.14
                     950.0                         9.16
                     953.1                         9.18
                     956.3                         9.20
                     959.4                         9.22
                     962.5                         9.24
                     965.6                         9.26
                     968.8                         9.28
                     971.9                         9.30
                     975.0                         9.32
                     978.1                         9.34
                     981.3                         9.36
                     984.4                         9.38
                     987.5                         9.40
                     990.6                         9.42
                     993.8                         9.44
                     996.9                         9.46
                    1000.0                         9.48
                    1003.1                         9.50
                    1006.3                         9.52
                    1009.4                         9.54
                    1012.5                         9.56
                    1015.6                         9.58
                    1018.8                         9.60
                    1021.9                         9.62
                    1025.0                         9.64
                    1028.1                         9.66
                    1031.3                         9.68
                    1034.4                         9.70
                    1037.5                         9.72
                    1040.6                         9.73
                    1043.8                         9.75
                    1046.9                         9.77
                    1050.0                         9.79
                    1053.1                         9.81
                    1056.3                         9.83
                    1059.4                         9.85
                    1062.5                         9.87
                    1065.6                         9.89
                    1068.8                         9.91
                    1071.9                         9.93
                    1075.0                         9.95
                    1078.1                         9.97
                    1081.3                         9.99
                    1084.4                        10.00
                    1087.5                        10.02
                    1090.6                        10.04
                    1093.8                        10.06
                    1096.9                        10.08
                    1100.0                        10.10
                    1103.1                        10.12
                    1106.3                        10.14
                    1109.4                        10.16
                    1112.5                        10.18
                    1115.6                        10.20
                    1118.8                        10.21
                    1121.9                        10.23
                    1125.0                        10.25
                    1128.1                        10.27
                    1131.3                        10.29
                    1134.4                        10.31
                    1137.5                        10.33
                    1140.6                        10.35
                    1143.8                        10.37
                    1146.9                        10.38
                    1150.0                        10.40
                    1153.1                        10.42
                    1156.3                        10.44
                    1159.4                        10.46
                    1162.5                        10.48
                    1165.6                        10.50
                    1168.8                        10.52
                    1171.9                        10.53
                    1175.0                        10.55
                    1178.1                        10.57
                    1181.3                        10.59
                    1184.4                        10.61
                    1187.5                        10.63
                    1190.6                        10.65
                    1193.8                        10.67
                    1196.9                        10.68
                    1200.0                        10.70
                    1203.1                        10.72
                    1206.3                        10.74
                    1209.4                        10.76
                    1212.5                        10.78
                    1215.6                        10.79
                    1218.8                        10.81
                    1221.9                        10.83
                    1225.0                        10.85
                    1228.1                        10.87
                    1231.3                        10.89
                    1234.4                        10.91
                    1237.5                        10.92
                    1240.6                        10.94
                    1243.8                        10.96
                    1246.9                        10.98
                    1250.0                        11.00
                    1253.1                        11.02
                    1256.3                        11.03
                    1259.4                        11.05
                    1262.5                        11.07
                    1265.6                        11.09
                    1268.8                        11.11
                    1271.9                        11.12
                    1275.0                        11.14
                    1278.1                        11.16
                    1281.3                        11.18
                    1284.4                        11.20
                    1287.5                        11.22
                    1290.6                        11.23
                    1293.8                        11.25
                    1296.9                        11.27
                    1300.0                        11.29
                    1303.1                        11.31
                    1306.3                        11.32
                    1309.4                        11.34
                    1312.5                        11.36
                    1315.6                        11.38
                    1318.8                        11.40
                    1321.9                        11.41
                    1325.0                        11.43
                    1328.1                        11.45
                    1331.3                        11.47
                    1334.4                        11.48
                    1337.5                        11.50
                    1340.6                        11.52
                    1343.8                        11.54
                    1346.9                        11.56
                    1350.0                        11.57
                    1353.1                        11.59
                    1356.3                        11.61
                    1359.4                        11.63
                    1362.5                        11.65
                    1365.6                        11.66
                    1368.8                        11.68
                    1371.9                        11.70
                    1375.0                        11.72
                    1378.1                        11.73
                    1381.3                        11.75
                    1384.4                        11.77
                    1387.5                        11.79
                    1390.6                        11.80
                    1393.8                        11.82
                    1396.9                        11.84
                    1400.0                        11.86
                    1403.1                        11.88
                    1406.3                        11.89
                    1409.4                        11.91
                    1412.5                        11.93
                    1415.6                        11.95
                    1418.8                        11.96
                    1421.9                        11.98
                    1425.0                        12.00
                    1428.1                        12.02
                    1431.3                        12.03
                    1434.4                        12.05
                    1437.5                        12.07
                    1440.6                        12.09
                    1443.8                        12.10
                    1446.9                        12.12
                    1450.0                        12.14
                    1453.1                        12.15
                    1456.3                        12.17
                    1459.4                        12.19
                    1462.5                        12.21
                    1465.6                        12.22
                    1468.8                        12.24
                    1471.9                        12.26
                    1475.0                        12.28
                    1478.1                        12.29
                    1481.3                        12.31
                    1484.4                        12.33
                    1487.5                        12.35
                    1490.6                        12.36
                    1493.8                        12.38
                    1496.9                        12.40
                    1500.0                        12.41
