
ELEMENT:
                                      Pt

SOURCE:
                       Beilschmidt, Tilinin and Werner
                    Surface Interface Anal. 22 (1994) 120
           IMFPs determined from the intensity of the elastic peak
  Multiple elastic scattering accounted by the approximate analytical theory

COMMENT:
                                 Ni reference

ATOMIC WEIGHT:               195.07800

DENSITY:                      21.5000 g/cm**3

TABULATION:

______________________________________________________________________________

                    Energy                         IMFP
                      eV                        Angstroms
______________________________________________________________________________
                     250.0                         4.60
                     253.1                         4.65
                     256.3                         4.69
                     259.4                         4.74
                     262.5                         4.78
                     265.6                         4.83
                     268.8                         4.87
                     271.9                         4.92
                     275.0                         4.96
                     278.1                         5.01
                     281.3                         5.05
                     284.4                         5.09
                     287.5                         5.14
                     290.6                         5.18
                     293.8                         5.23
                     296.9                         5.27
                     300.0                         5.32
                     303.1                         5.36
                     306.3                         5.40
                     309.4                         5.45
                     312.5                         5.49
                     315.6                         5.53
                     318.8                         5.58
                     321.9                         5.62
                     325.0                         5.66
                     328.1                         5.71
                     331.3                         5.75
                     334.4                         5.79
                     337.5                         5.84
                     340.6                         5.88
                     343.8                         5.92
                     346.9                         5.96
                     350.0                         6.01
                     353.1                         6.05
                     356.3                         6.09
                     359.4                         6.13
                     362.5                         6.18
                     365.6                         6.22
                     368.8                         6.26
                     371.9                         6.30
                     375.0                         6.34
                     378.1                         6.39
                     381.3                         6.43
                     384.4                         6.47
                     387.5                         6.51
                     390.6                         6.55
                     393.8                         6.59
                     396.9                         6.64
                     400.0                         6.68
                     403.1                         6.72
                     406.3                         6.76
                     409.4                         6.80
                     412.5                         6.84
                     415.6                         6.88
                     418.8                         6.92
                     421.9                         6.97
                     425.0                         7.01
                     428.1                         7.05
                     431.3                         7.09
                     434.4                         7.13
                     437.5                         7.17
                     440.6                         7.21
                     443.8                         7.25
                     446.9                         7.29
                     450.0                         7.33
                     453.1                         7.37
                     456.3                         7.41
                     459.4                         7.45
                     462.5                         7.49
                     465.6                         7.53
                     468.8                         7.57
                     471.9                         7.61
                     475.0                         7.65
                     478.1                         7.69
                     481.3                         7.73
                     484.4                         7.77
                     487.5                         7.81
                     490.6                         7.85
                     493.8                         7.89
                     496.9                         7.93
                     500.0                         7.97
                     503.1                         8.01
                     506.3                         8.05
                     509.4                         8.09
                     512.5                         8.13
                     515.6                         8.17
                     518.8                         8.21
                     521.9                         8.25
                     525.0                         8.28
                     528.1                         8.32
                     531.3                         8.36
                     534.4                         8.40
                     537.5                         8.44
                     540.6                         8.48
                     543.8                         8.52
                     546.9                         8.56
                     550.0                         8.60
                     553.1                         8.63
                     556.3                         8.67
                     559.4                         8.71
                     562.5                         8.75
                     565.6                         8.79
                     568.8                         8.83
                     571.9                         8.87
                     575.0                         8.90
                     578.1                         8.94
                     581.3                         8.98
                     584.4                         9.02
                     587.5                         9.06
                     590.6                         9.10
                     593.8                         9.13
                     596.9                         9.17
                     600.0                         9.21
                     603.1                         9.25
                     606.3                         9.29
                     609.4                         9.32
                     612.5                         9.36
                     615.6                         9.40
                     618.8                         9.44
                     621.9                         9.48
                     625.0                         9.51
                     628.1                         9.55
                     631.3                         9.59
                     634.4                         9.63
                     637.5                         9.66
                     640.6                         9.70
                     643.8                         9.74
                     646.9                         9.78
                     650.0                         9.81
                     653.1                         9.85
                     656.3                         9.89
                     659.4                         9.93
                     662.5                         9.96
                     665.6                        10.00
                     668.8                        10.04
                     671.9                        10.07
                     675.0                        10.11
                     678.1                        10.15
                     681.3                        10.19
                     684.4                        10.22
                     687.5                        10.26
                     690.6                        10.30
                     693.8                        10.33
                     696.9                        10.37
                     700.0                        10.41
                     703.1                        10.44
                     706.3                        10.48
                     709.4                        10.52
                     712.5                        10.55
                     715.6                        10.59
                     718.8                        10.63
                     721.9                        10.66
                     725.0                        10.70
                     728.1                        10.74
                     731.3                        10.77
                     734.4                        10.81
                     737.5                        10.85
                     740.6                        10.88
                     743.8                        10.92
                     746.9                        10.96
                     750.0                        10.99
                     753.1                        11.03
                     756.3                        11.07
                     759.4                        11.10
                     762.5                        11.14
                     765.6                        11.17
                     768.8                        11.21
                     771.9                        11.25
                     775.0                        11.28
                     778.1                        11.32
                     781.3                        11.35
                     784.4                        11.39
                     787.5                        11.43
                     790.6                        11.46
                     793.8                        11.50
                     796.9                        11.53
                     800.0                        11.57
                     803.1                        11.61
                     806.3                        11.64
                     809.4                        11.68
                     812.5                        11.71
                     815.6                        11.75
                     818.8                        11.78
                     821.9                        11.82
                     825.0                        11.86
                     828.1                        11.89
                     831.3                        11.93
                     834.4                        11.96
                     837.5                        12.00
                     840.6                        12.03
                     843.8                        12.07
                     846.9                        12.10
                     850.0                        12.14
                     853.1                        12.17
                     856.3                        12.21
                     859.4                        12.25
                     862.5                        12.28
                     865.6                        12.32
                     868.8                        12.35
                     871.9                        12.39
                     875.0                        12.42
                     878.1                        12.46
                     881.3                        12.49
                     884.4                        12.53
                     887.5                        12.56
                     890.6                        12.60
                     893.8                        12.63
                     896.9                        12.67
                     900.0                        12.70
                     903.1                        12.74
                     906.3                        12.77
                     909.4                        12.81
                     912.5                        12.84
                     915.6                        12.88
                     918.8                        12.91
                     921.9                        12.95
                     925.0                        12.98
                     928.1                        13.02
                     931.3                        13.05
                     934.4                        13.09
                     937.5                        13.12
                     940.6                        13.16
                     943.8                        13.19
                     946.9                        13.22
                     950.0                        13.26
                     953.1                        13.29
                     956.3                        13.33
                     959.4                        13.36
                     962.5                        13.40
                     965.6                        13.43
                     968.8                        13.47
                     971.9                        13.50
                     975.0                        13.53
                     978.1                        13.57
                     981.3                        13.60
                     984.4                        13.64
                     987.5                        13.67
                     990.6                        13.71
                     993.8                        13.74
                     996.9                        13.78
                    1000.0                        13.81
                    1003.1                        13.84
                    1006.3                        13.88
                    1009.4                        13.91
                    1012.5                        13.95
                    1015.6                        13.98
                    1018.8                        14.01
                    1021.9                        14.05
                    1025.0                        14.08
                    1028.1                        14.12
                    1031.3                        14.15
                    1034.4                        14.18
                    1037.5                        14.22
                    1040.6                        14.25
                    1043.8                        14.29
                    1046.9                        14.32
                    1050.0                        14.35
                    1053.1                        14.39
                    1056.3                        14.42
                    1059.4                        14.46
                    1062.5                        14.49
                    1065.6                        14.52
                    1068.8                        14.56
                    1071.9                        14.59
                    1075.0                        14.62
                    1078.1                        14.66
                    1081.3                        14.69
                    1084.4                        14.73
                    1087.5                        14.76
                    1090.6                        14.79
                    1093.8                        14.83
                    1096.9                        14.86
                    1100.0                        14.89
                    1103.1                        14.93
                    1106.3                        14.96
                    1109.4                        14.99
                    1112.5                        15.03
                    1115.6                        15.06
                    1118.8                        15.09
                    1121.9                        15.13
                    1125.0                        15.16
                    1128.1                        15.19
                    1131.3                        15.23
                    1134.4                        15.26
                    1137.5                        15.29
                    1140.6                        15.33
                    1143.8                        15.36
                    1146.9                        15.39
                    1150.0                        15.43
                    1153.1                        15.46
                    1156.3                        15.49
                    1159.4                        15.53
                    1162.5                        15.56
                    1165.6                        15.59
                    1168.8                        15.63
                    1171.9                        15.66
                    1175.0                        15.69
                    1178.1                        15.73
                    1181.3                        15.76
                    1184.4                        15.79
                    1187.5                        15.83
                    1190.6                        15.86
                    1193.8                        15.89
                    1196.9                        15.92
                    1200.0                        15.96
                    1203.1                        15.99
                    1206.3                        16.02
                    1209.4                        16.06
                    1212.5                        16.09
                    1215.6                        16.12
                    1218.8                        16.15
                    1221.9                        16.19
                    1225.0                        16.22
                    1228.1                        16.25
                    1231.3                        16.29
                    1234.4                        16.32
                    1237.5                        16.35
                    1240.6                        16.38
                    1243.8                        16.42
                    1246.9                        16.45
                    1250.0                        16.48
                    1253.1                        16.52
                    1256.3                        16.55
                    1259.4                        16.58
                    1262.5                        16.61
                    1265.6                        16.65
                    1268.8                        16.68
                    1271.9                        16.71
                    1275.0                        16.74
                    1278.1                        16.78
                    1281.3                        16.81
                    1284.4                        16.84
                    1287.5                        16.87
                    1290.6                        16.91
                    1293.8                        16.94
                    1296.9                        16.97
                    1300.0                        17.00
                    1303.1                        17.04
                    1306.3                        17.07
                    1309.4                        17.10
                    1312.5                        17.13
                    1315.6                        17.17
                    1318.8                        17.20
                    1321.9                        17.23
                    1325.0                        17.26
                    1328.1                        17.29
                    1331.3                        17.33
                    1334.4                        17.36
                    1337.5                        17.39
                    1340.6                        17.42
                    1343.8                        17.46
                    1346.9                        17.49
                    1350.0                        17.52
                    1353.1                        17.55
                    1356.3                        17.58
                    1359.4                        17.62
                    1362.5                        17.65
                    1365.6                        17.68
                    1368.8                        17.71
                    1371.9                        17.74
                    1375.0                        17.78
                    1378.1                        17.81
                    1381.3                        17.84
                    1384.4                        17.87
                    1387.5                        17.90
                    1390.6                        17.94
                    1393.8                        17.97
                    1396.9                        18.00
                    1400.0                        18.03
                    1403.1                        18.06
                    1406.3                        18.10
                    1409.4                        18.13
                    1412.5                        18.16
                    1415.6                        18.19
                    1418.8                        18.22
                    1421.9                        18.26
                    1425.0                        18.29
                    1428.1                        18.32
                    1431.3                        18.35
                    1434.4                        18.38
                    1437.5                        18.41
                    1440.6                        18.45
                    1443.8                        18.48
                    1446.9                        18.51
                    1450.0                        18.54
                    1453.1                        18.57
                    1456.3                        18.60
                    1459.4                        18.64
                    1462.5                        18.67
                    1465.6                        18.70
                    1468.8                        18.73
                    1471.9                        18.76
                    1475.0                        18.79
                    1478.1                        18.83
                    1481.3                        18.86
                    1484.4                        18.89
                    1487.5                        18.92
                    1490.6                        18.95
                    1493.8                        18.98
                    1496.9                        19.02
                    1500.0                        19.05
