
ELEMENT:
                                      Au

SOURCE:
                       Beilschmidt, Tilinin and Werner
                    Surface Interface Anal. 22 (1994) 120
           IMFPs determined from the intensity of the elastic peak
  Multiple elastic scattering accounted by the approximate analytical theory

COMMENT:
                                 Ni reference

ATOMIC WEIGHT:               196.96655

DENSITY:                      19.3000 g/cm**3

TABULATION:

______________________________________________________________________________

                    Energy                         IMFP
                      eV                        Angstroms
______________________________________________________________________________
                     250.0                         4.48
                     253.1                         4.53
                     256.3                         4.58
                     259.4                         4.62
                     262.5                         4.67
                     265.6                         4.72
                     268.8                         4.76
                     271.9                         4.81
                     275.0                         4.85
                     278.1                         4.90
                     281.3                         4.94
                     284.4                         4.99
                     287.5                         5.04
                     290.6                         5.08
                     293.8                         5.13
                     296.9                         5.17
                     300.0                         5.22
                     303.1                         5.26
                     306.3                         5.31
                     309.4                         5.35
                     312.5                         5.40
                     315.6                         5.44
                     318.8                         5.49
                     321.9                         5.53
                     325.0                         5.58
                     328.1                         5.62
                     331.3                         5.67
                     334.4                         5.71
                     337.5                         5.75
                     340.6                         5.80
                     343.8                         5.84
                     346.9                         5.89
                     350.0                         5.93
                     353.1                         5.97
                     356.3                         6.02
                     359.4                         6.06
                     362.5                         6.11
                     365.6                         6.15
                     368.8                         6.19
                     371.9                         6.24
                     375.0                         6.28
                     378.1                         6.32
                     381.3                         6.37
                     384.4                         6.41
                     387.5                         6.45
                     390.6                         6.50
                     393.8                         6.54
                     396.9                         6.58
                     400.0                         6.63
                     403.1                         6.67
                     406.3                         6.71
                     409.4                         6.76
                     412.5                         6.80
                     415.6                         6.84
                     418.8                         6.88
                     421.9                         6.93
                     425.0                         6.97
                     428.1                         7.01
                     431.3                         7.05
                     434.4                         7.10
                     437.5                         7.14
                     440.6                         7.18
                     443.8                         7.22
                     446.9                         7.27
                     450.0                         7.31
                     453.1                         7.35
                     456.3                         7.39
                     459.4                         7.43
                     462.5                         7.48
                     465.6                         7.52
                     468.8                         7.56
                     471.9                         7.60
                     475.0                         7.64
                     478.1                         7.69
                     481.3                         7.73
                     484.4                         7.77
                     487.5                         7.81
                     490.6                         7.85
                     493.8                         7.89
                     496.9                         7.93
                     500.0                         7.98
                     503.1                         8.02
                     506.3                         8.06
                     509.4                         8.10
                     512.5                         8.14
                     515.6                         8.18
                     518.8                         8.22
                     521.9                         8.27
                     525.0                         8.31
                     528.1                         8.35
                     531.3                         8.39
                     534.4                         8.43
                     537.5                         8.47
                     540.6                         8.51
                     543.8                         8.55
                     546.9                         8.59
                     550.0                         8.63
                     553.1                         8.67
                     556.3                         8.72
                     559.4                         8.76
                     562.5                         8.80
                     565.6                         8.84
                     568.8                         8.88
                     571.9                         8.92
                     575.0                         8.96
                     578.1                         9.00
                     581.3                         9.04
                     584.4                         9.08
                     587.5                         9.12
                     590.6                         9.16
                     593.8                         9.20
                     596.9                         9.24
                     600.0                         9.28
                     603.1                         9.32
                     606.3                         9.36
                     609.4                         9.40
                     612.5                         9.44
                     615.6                         9.48
                     618.8                         9.52
                     621.9                         9.56
                     625.0                         9.60
                     628.1                         9.64
                     631.3                         9.68
                     634.4                         9.72
                     637.5                         9.76
                     640.6                         9.80
                     643.8                         9.84
                     646.9                         9.88
                     650.0                         9.92
                     653.1                         9.96
                     656.3                        10.00
                     659.4                        10.04
                     662.5                        10.08
                     665.6                        10.12
                     668.8                        10.16
                     671.9                        10.20
                     675.0                        10.24
                     678.1                        10.28
                     681.3                        10.31
                     684.4                        10.35
                     687.5                        10.39
                     690.6                        10.43
                     693.8                        10.47
                     696.9                        10.51
                     700.0                        10.55
                     703.1                        10.59
                     706.3                        10.63
                     709.4                        10.67
                     712.5                        10.71
                     715.6                        10.75
                     718.8                        10.78
                     721.9                        10.82
                     725.0                        10.86
                     728.1                        10.90
                     731.3                        10.94
                     734.4                        10.98
                     737.5                        11.02
                     740.6                        11.06
                     743.8                        11.09
                     746.9                        11.13
                     750.0                        11.17
                     753.1                        11.21
                     756.3                        11.25
                     759.4                        11.29
                     762.5                        11.33
                     765.6                        11.37
                     768.8                        11.40
                     771.9                        11.44
                     775.0                        11.48
                     778.1                        11.52
                     781.3                        11.56
                     784.4                        11.60
                     787.5                        11.63
                     790.6                        11.67
                     793.8                        11.71
                     796.9                        11.75
                     800.0                        11.79
                     803.1                        11.83
                     806.3                        11.86
                     809.4                        11.90
                     812.5                        11.94
                     815.6                        11.98
                     818.8                        12.02
                     821.9                        12.06
                     825.0                        12.09
                     828.1                        12.13
                     831.3                        12.17
                     834.4                        12.21
                     837.5                        12.25
                     840.6                        12.28
                     843.8                        12.32
                     846.9                        12.36
                     850.0                        12.40
                     853.1                        12.43
                     856.3                        12.47
                     859.4                        12.51
                     862.5                        12.55
                     865.6                        12.59
                     868.8                        12.62
                     871.9                        12.66
                     875.0                        12.70
                     878.1                        12.74
                     881.3                        12.77
                     884.4                        12.81
                     887.5                        12.85
                     890.6                        12.89
                     893.8                        12.92
                     896.9                        12.96
                     900.0                        13.00
                     903.1                        13.04
                     906.3                        13.07
                     909.4                        13.11
                     912.5                        13.15
                     915.6                        13.19
                     918.8                        13.22
                     921.9                        13.26
                     925.0                        13.30
                     928.1                        13.34
                     931.3                        13.37
                     934.4                        13.41
                     937.5                        13.45
                     940.6                        13.49
                     943.8                        13.52
                     946.9                        13.56
                     950.0                        13.60
                     953.1                        13.63
                     956.3                        13.67
                     959.4                        13.71
                     962.5                        13.75
                     965.6                        13.78
                     968.8                        13.82
                     971.9                        13.86
                     975.0                        13.89
                     978.1                        13.93
                     981.3                        13.97
                     984.4                        14.00
                     987.5                        14.04
                     990.6                        14.08
                     993.8                        14.12
                     996.9                        14.15
                    1000.0                        14.19
                    1003.1                        14.23
                    1006.3                        14.26
                    1009.4                        14.30
                    1012.5                        14.34
                    1015.6                        14.37
                    1018.8                        14.41
                    1021.9                        14.45
                    1025.0                        14.48
                    1028.1                        14.52
                    1031.3                        14.56
                    1034.4                        14.59
                    1037.5                        14.63
                    1040.6                        14.67
                    1043.8                        14.70
                    1046.9                        14.74
                    1050.0                        14.78
                    1053.1                        14.81
                    1056.3                        14.85
                    1059.4                        14.89
                    1062.5                        14.92
                    1065.6                        14.96
                    1068.8                        15.00
                    1071.9                        15.03
                    1075.0                        15.07
                    1078.1                        15.10
                    1081.3                        15.14
                    1084.4                        15.18
                    1087.5                        15.21
                    1090.6                        15.25
                    1093.8                        15.29
                    1096.9                        15.32
                    1100.0                        15.36
                    1103.1                        15.40
                    1106.3                        15.43
                    1109.4                        15.47
                    1112.5                        15.50
                    1115.6                        15.54
                    1118.8                        15.58
                    1121.9                        15.61
                    1125.0                        15.65
                    1128.1                        15.68
                    1131.3                        15.72
                    1134.4                        15.76
                    1137.5                        15.79
                    1140.6                        15.83
                    1143.8                        15.86
                    1146.9                        15.90
                    1150.0                        15.94
                    1153.1                        15.97
                    1156.3                        16.01
                    1159.4                        16.04
                    1162.5                        16.08
                    1165.6                        16.12
                    1168.8                        16.15
                    1171.9                        16.19
                    1175.0                        16.22
                    1178.1                        16.26
                    1181.3                        16.30
                    1184.4                        16.33
                    1187.5                        16.37
                    1190.6                        16.40
                    1193.8                        16.44
                    1196.9                        16.47
                    1200.0                        16.51
                    1203.1                        16.55
                    1206.3                        16.58
                    1209.4                        16.62
                    1212.5                        16.65
                    1215.6                        16.69
                    1218.8                        16.72
                    1221.9                        16.76
                    1225.0                        16.80
                    1228.1                        16.83
                    1231.3                        16.87
                    1234.4                        16.90
                    1237.5                        16.94
                    1240.6                        16.97
                    1243.8                        17.01
                    1246.9                        17.04
                    1250.0                        17.08
                    1253.1                        17.12
                    1256.3                        17.15
                    1259.4                        17.19
                    1262.5                        17.22
                    1265.6                        17.26
                    1268.8                        17.29
                    1271.9                        17.33
                    1275.0                        17.36
                    1278.1                        17.40
                    1281.3                        17.43
                    1284.4                        17.47
                    1287.5                        17.51
                    1290.6                        17.54
                    1293.8                        17.58
                    1296.9                        17.61
                    1300.0                        17.65
                    1303.1                        17.68
                    1306.3                        17.72
                    1309.4                        17.75
                    1312.5                        17.79
                    1315.6                        17.82
                    1318.8                        17.86
                    1321.9                        17.89
                    1325.0                        17.93
                    1328.1                        17.96
                    1331.3                        18.00
                    1334.4                        18.03
                    1337.5                        18.07
                    1340.6                        18.10
                    1343.8                        18.14
                    1346.9                        18.17
                    1350.0                        18.21
                    1353.1                        18.24
                    1356.3                        18.28
                    1359.4                        18.31
                    1362.5                        18.35
                    1365.6                        18.38
                    1368.8                        18.42
                    1371.9                        18.45
                    1375.0                        18.49
                    1378.1                        18.52
                    1381.3                        18.56
                    1384.4                        18.59
                    1387.5                        18.63
                    1390.6                        18.66
                    1393.8                        18.70
                    1396.9                        18.73
                    1400.0                        18.77
                    1403.1                        18.80
                    1406.3                        18.84
                    1409.4                        18.87
                    1412.5                        18.91
                    1415.6                        18.94
                    1418.8                        18.98
                    1421.9                        19.01
                    1425.0                        19.05
                    1428.1                        19.08
                    1431.3                        19.11
                    1434.4                        19.15
                    1437.5                        19.18
                    1440.6                        19.22
                    1443.8                        19.25
                    1446.9                        19.29
                    1450.0                        19.32
                    1453.1                        19.36
                    1456.3                        19.39
                    1459.4                        19.43
                    1462.5                        19.46
                    1465.6                        19.50
                    1468.8                        19.53
                    1471.9                        19.56
                    1475.0                        19.60
                    1478.1                        19.63
                    1481.3                        19.67
                    1484.4                        19.70
                    1487.5                        19.74
                    1490.6                        19.77
                    1493.8                        19.81
                    1496.9                        19.84
                    1500.0                        19.87
