
ELEMENT:
                                      Pb

SOURCE:
                           Tanuma, Powell and Penn
                    Surface Interface Anal. 21 (1994) 165.
                 IMFP values determined from TPP-2M equation
                                       

ATOMIC WEIGHT:               207.20000

DENSITY:                      11.3000 g/cm**3

TABULATION:

______________________________________________________________________________

                    Energy                         IMFP
                      eV                        Angstroms
______________________________________________________________________________
                      50.0                         6.17
                      54.9                         6.06
                      59.8                         6.00
                      64.6                         5.97
                      69.5                         5.96
                      74.4                         5.98
                      79.3                         6.01
                      84.1                         6.06
                      89.0                         6.12
                      93.9                         6.18
                      98.8                         6.25
                     103.6                         6.33
                     108.5                         6.41
                     113.4                         6.50
                     118.3                         6.59
                     123.1                         6.68
                     128.0                         6.77
                     132.9                         6.87
                     137.8                         6.97
                     142.6                         7.07
                     147.5                         7.17
                     152.4                         7.27
                     157.3                         7.37
                     162.1                         7.47
                     167.0                         7.57
                     171.9                         7.68
                     176.8                         7.78
                     181.6                         7.88
                     186.5                         7.99
                     191.4                         8.09
                     196.3                         8.20
                     201.1                         8.30
                     206.0                         8.40
                     210.9                         8.51
                     215.8                         8.61
                     220.6                         8.72
                     225.5                         8.82
                     230.4                         8.93
                     235.3                         9.03
                     240.1                         9.13
                     245.0                         9.24
                     249.9                         9.34
                     254.8                         9.45
                     259.6                         9.55
                     264.5                         9.65
                     269.4                         9.76
                     274.3                         9.86
                     279.1                         9.96
                     284.0                        10.06
                     288.9                        10.17
                     293.8                        10.27
                     298.6                        10.37
                     303.5                        10.47
                     308.4                        10.58
                     313.3                        10.68
                     318.1                        10.78
                     323.0                        10.88
                     327.9                        10.98
                     332.8                        11.09
                     337.6                        11.19
                     342.5                        11.29
                     347.4                        11.39
                     352.3                        11.49
                     357.1                        11.59
                     362.0                        11.69
                     366.9                        11.79
                     371.8                        11.89
                     376.6                        11.99
                     381.5                        12.09
                     386.4                        12.19
                     391.3                        12.29
                     396.1                        12.39
                     401.0                        12.49
                     405.9                        12.58
                     410.8                        12.68
                     415.6                        12.78
                     420.5                        12.88
                     425.4                        12.98
                     430.3                        13.08
                     435.1                        13.17
                     440.0                        13.27
                     444.9                        13.37
                     449.8                        13.47
                     454.6                        13.56
                     459.5                        13.66
                     464.4                        13.76
                     469.3                        13.85
                     474.1                        13.95
                     479.0                        14.05
                     483.9                        14.14
                     488.8                        14.24
                     493.6                        14.34
                     498.5                        14.43
                     503.4                        14.53
                     508.3                        14.62
                     513.1                        14.72
                     518.0                        14.81
                     522.9                        14.91
                     527.8                        15.00
                     532.6                        15.10
                     537.5                        15.19
                     542.4                        15.29
                     547.3                        15.38
                     552.1                        15.48
                     557.0                        15.57
                     561.9                        15.67
                     566.8                        15.76
                     571.6                        15.85
                     576.5                        15.95
                     581.4                        16.04
                     586.3                        16.14
                     591.1                        16.23
                     596.0                        16.32
                     600.9                        16.42
                     605.8                        16.51
                     610.6                        16.60
                     615.5                        16.69
                     620.4                        16.79
                     625.3                        16.88
                     630.1                        16.97
                     635.0                        17.06
                     639.9                        17.16
                     644.8                        17.25
                     649.6                        17.34
                     654.5                        17.43
                     659.4                        17.53
                     664.3                        17.62
                     669.1                        17.71
                     674.0                        17.80
                     678.9                        17.89
                     683.8                        17.98
                     688.6                        18.07
                     693.5                        18.17
                     698.4                        18.26
                     703.3                        18.35
                     708.1                        18.44
                     713.0                        18.53
                     717.9                        18.62
                     722.8                        18.71
                     727.6                        18.80
                     732.5                        18.89
                     737.4                        18.98
                     742.3                        19.07
                     747.1                        19.16
                     752.0                        19.25
                     756.9                        19.34
                     761.8                        19.43
                     766.6                        19.52
                     771.5                        19.61
                     776.4                        19.70
                     781.3                        19.79
                     786.1                        19.88
                     791.0                        19.97
                     795.9                        20.06
                     800.8                        20.15
                     805.6                        20.24
                     810.5                        20.32
                     815.4                        20.41
                     820.3                        20.50
                     825.1                        20.59
                     830.0                        20.68
                     834.9                        20.77
                     839.8                        20.86
                     844.6                        20.94
                     849.5                        21.03
                     854.4                        21.12
                     859.3                        21.21
                     864.1                        21.30
                     869.0                        21.39
                     873.9                        21.47
                     878.8                        21.56
                     883.6                        21.65
                     888.5                        21.74
                     893.4                        21.82
                     898.3                        21.91
                     903.1                        22.00
                     908.0                        22.09
                     912.9                        22.17
                     917.8                        22.26
                     922.6                        22.35
                     927.5                        22.43
                     932.4                        22.52
                     937.3                        22.61
                     942.1                        22.70
                     947.0                        22.78
                     951.9                        22.87
                     956.8                        22.96
                     961.6                        23.04
                     966.5                        23.13
                     971.4                        23.22
                     976.3                        23.30
                     981.1                        23.39
                     986.0                        23.47
                     990.9                        23.56
                     995.8                        23.65
                    1000.6                        23.73
                    1005.5                        23.82
                    1010.4                        23.90
                    1015.3                        23.99
                    1020.1                        24.08
                    1025.0                        24.16
                    1029.9                        24.25
                    1034.8                        24.33
                    1039.6                        24.42
                    1044.5                        24.50
                    1049.4                        24.59
                    1054.3                        24.67
                    1059.1                        24.76
                    1064.0                        24.84
                    1068.9                        24.93
                    1073.8                        25.01
                    1078.6                        25.10
                    1083.5                        25.18
                    1088.4                        25.27
                    1093.3                        25.35
                    1098.1                        25.44
                    1103.0                        25.52
                    1107.9                        25.61
                    1112.8                        25.69
                    1117.6                        25.78
                    1122.5                        25.86
                    1127.4                        25.95
                    1132.3                        26.03
                    1137.1                        26.11
                    1142.0                        26.20
                    1146.9                        26.28
                    1151.8                        26.37
                    1156.6                        26.45
                    1161.5                        26.53
                    1166.4                        26.62
                    1171.3                        26.70
                    1176.1                        26.79
                    1181.0                        26.87
                    1185.9                        26.95
                    1190.8                        27.04
                    1195.6                        27.12
                    1200.5                        27.20
                    1205.4                        27.29
                    1210.3                        27.37
                    1215.1                        27.45
                    1220.0                        27.54
                    1224.9                        27.62
                    1229.8                        27.70
                    1234.6                        27.79
                    1239.5                        27.87
                    1244.4                        27.95
                    1249.3                        28.04
                    1254.1                        28.12
                    1259.0                        28.20
                    1263.9                        28.29
                    1268.8                        28.37
                    1273.6                        28.45
                    1278.5                        28.53
                    1283.4                        28.62
                    1288.3                        28.70
                    1293.1                        28.78
                    1298.0                        28.86
                    1302.9                        28.95
                    1307.8                        29.03
                    1312.6                        29.11
                    1317.5                        29.19
                    1322.4                        29.28
                    1327.3                        29.36
                    1332.1                        29.44
                    1337.0                        29.52
                    1341.9                        29.61
                    1346.8                        29.69
                    1351.6                        29.77
                    1356.5                        29.85
                    1361.4                        29.93
                    1366.3                        30.01
                    1371.1                        30.10
                    1376.0                        30.18
                    1380.9                        30.26
                    1385.8                        30.34
                    1390.6                        30.42
                    1395.5                        30.51
                    1400.4                        30.59
                    1405.3                        30.67
                    1410.1                        30.75
                    1415.0                        30.83
                    1419.9                        30.91
                    1424.8                        30.99
                    1429.6                        31.07
                    1434.5                        31.16
                    1439.4                        31.24
                    1444.3                        31.32
                    1449.1                        31.40
                    1454.0                        31.48
                    1458.9                        31.56
                    1463.8                        31.64
                    1468.6                        31.72
                    1473.5                        31.80
                    1478.4                        31.89
                    1483.3                        31.97
                    1488.1                        32.05
                    1493.0                        32.13
                    1497.9                        32.21
                    1502.8                        32.29
                    1507.6                        32.37
                    1512.5                        32.45
                    1517.4                        32.53
                    1522.3                        32.61
                    1527.1                        32.69
                    1532.0                        32.77
                    1536.9                        32.85
                    1541.8                        32.93
                    1546.6                        33.01
                    1551.5                        33.09
                    1556.4                        33.17
                    1561.3                        33.25
                    1566.1                        33.33
                    1571.0                        33.41
                    1575.9                        33.49
                    1580.8                        33.57
                    1585.6                        33.65
                    1590.5                        33.73
                    1595.4                        33.81
                    1600.3                        33.89
                    1605.1                        33.97
                    1610.0                        34.05
                    1614.9                        34.13
                    1619.8                        34.21
                    1624.6                        34.29
                    1629.5                        34.37
                    1634.4                        34.45
                    1639.3                        34.53
                    1644.1                        34.61
                    1649.0                        34.69
                    1653.9                        34.77
                    1658.8                        34.85
                    1663.6                        34.93
                    1668.5                        35.01
                    1673.4                        35.09
                    1678.3                        35.17
                    1683.1                        35.25
                    1688.0                        35.32
                    1692.9                        35.40
                    1697.8                        35.48
                    1702.6                        35.56
                    1707.5                        35.64
                    1712.4                        35.72
                    1717.3                        35.80
                    1722.1                        35.88
                    1727.0                        35.96
                    1731.9                        36.04
                    1736.8                        36.11
                    1741.6                        36.19
                    1746.5                        36.27
                    1751.4                        36.35
                    1756.3                        36.43
                    1761.1                        36.51
                    1766.0                        36.59
                    1770.9                        36.67
                    1775.8                        36.74
                    1780.6                        36.82
                    1785.5                        36.90
                    1790.4                        36.98
                    1795.3                        37.06
                    1800.1                        37.14
                    1805.0                        37.22
                    1809.9                        37.29
                    1814.8                        37.37
                    1819.6                        37.45
                    1824.5                        37.53
                    1829.4                        37.61
                    1834.3                        37.68
                    1839.1                        37.76
                    1844.0                        37.84
                    1848.9                        37.92
                    1853.8                        38.00
                    1858.6                        38.08
                    1863.5                        38.15
                    1868.4                        38.23
                    1873.3                        38.31
                    1878.1                        38.39
                    1883.0                        38.47
                    1887.9                        38.54
                    1892.8                        38.62
                    1897.6                        38.70
                    1902.5                        38.78
                    1907.4                        38.85
                    1912.3                        38.93
                    1917.1                        39.01
                    1922.0                        39.09
                    1926.9                        39.16
                    1931.8                        39.24
                    1936.6                        39.32
                    1941.5                        39.40
                    1946.4                        39.47
                    1951.3                        39.55
                    1956.1                        39.63
                    1961.0                        39.71
                    1965.9                        39.78
                    1970.8                        39.86
                    1975.6                        39.94
                    1980.5                        40.02
                    1985.4                        40.09
                    1990.3                        40.17
                    1995.1                        40.25
                    2000.0                        40.33
