
ELEMENT:
                                      Th

SOURCE:
                           Tanuma, Powell and Penn
                    Surface Interface Anal. 21 (1994) 165.
                 IMFP values determined from TPP-2M equation
                                       

ATOMIC WEIGHT:               232.03810

DENSITY:                      11.7000 g/cm**3

TABULATION:

______________________________________________________________________________

                    Energy                         IMFP
                      eV                        Angstroms
______________________________________________________________________________
                      50.0                         6.39
                      54.9                         6.27
                      59.8                         6.20
                      64.6                         6.16
                      69.5                         6.16
                      74.4                         6.17
                      79.3                         6.21
                      84.1                         6.25
                      89.0                         6.31
                      93.9                         6.38
                      98.8                         6.46
                     103.6                         6.54
                     108.5                         6.62
                     113.4                         6.71
                     118.3                         6.80
                     123.1                         6.90
                     128.0                         6.99
                     132.9                         7.09
                     137.8                         7.19
                     142.6                         7.29
                     147.5                         7.40
                     152.4                         7.50
                     157.3                         7.61
                     162.1                         7.71
                     167.0                         7.82
                     171.9                         7.92
                     176.8                         8.03
                     181.6                         8.14
                     186.5                         8.24
                     191.4                         8.35
                     196.3                         8.46
                     201.1                         8.57
                     206.0                         8.67
                     210.9                         8.78
                     215.8                         8.89
                     220.6                         9.00
                     225.5                         9.10
                     230.4                         9.21
                     235.3                         9.32
                     240.1                         9.43
                     245.0                         9.53
                     249.9                         9.64
                     254.8                         9.75
                     259.6                         9.85
                     264.5                         9.96
                     269.4                        10.07
                     274.3                        10.17
                     279.1                        10.28
                     284.0                        10.39
                     288.9                        10.49
                     293.8                        10.60
                     298.6                        10.70
                     303.5                        10.81
                     308.4                        10.91
                     313.3                        11.02
                     318.1                        11.12
                     323.0                        11.23
                     327.9                        11.33
                     332.8                        11.44
                     337.6                        11.54
                     342.5                        11.65
                     347.4                        11.75
                     352.3                        11.85
                     357.1                        11.96
                     362.0                        12.06
                     366.9                        12.16
                     371.8                        12.27
                     376.6                        12.37
                     381.5                        12.47
                     386.4                        12.58
                     391.3                        12.68
                     396.1                        12.78
                     401.0                        12.88
                     405.9                        12.98
                     410.8                        13.09
                     415.6                        13.19
                     420.5                        13.29
                     425.4                        13.39
                     430.3                        13.49
                     435.1                        13.59
                     440.0                        13.69
                     444.9                        13.79
                     449.8                        13.89
                     454.6                        13.99
                     459.5                        14.09
                     464.4                        14.19
                     469.3                        14.29
                     474.1                        14.39
                     479.0                        14.49
                     483.9                        14.59
                     488.8                        14.69
                     493.6                        14.79
                     498.5                        14.89
                     503.4                        14.99
                     508.3                        15.08
                     513.1                        15.18
                     518.0                        15.28
                     522.9                        15.38
                     527.8                        15.48
                     532.6                        15.58
                     537.5                        15.67
                     542.4                        15.77
                     547.3                        15.87
                     552.1                        15.97
                     557.0                        16.06
                     561.9                        16.16
                     566.8                        16.26
                     571.6                        16.35
                     576.5                        16.45
                     581.4                        16.55
                     586.3                        16.64
                     591.1                        16.74
                     596.0                        16.84
                     600.9                        16.93
                     605.8                        17.03
                     610.6                        17.12
                     615.5                        17.22
                     620.4                        17.31
                     625.3                        17.41
                     630.1                        17.51
                     635.0                        17.60
                     639.9                        17.70
                     644.8                        17.79
                     649.6                        17.89
                     654.5                        17.98
                     659.4                        18.07
                     664.3                        18.17
                     669.1                        18.26
                     674.0                        18.36
                     678.9                        18.45
                     683.8                        18.55
                     688.6                        18.64
                     693.5                        18.73
                     698.4                        18.83
                     703.3                        18.92
                     708.1                        19.02
                     713.0                        19.11
                     717.9                        19.20
                     722.8                        19.30
                     727.6                        19.39
                     732.5                        19.48
                     737.4                        19.58
                     742.3                        19.67
                     747.1                        19.76
                     752.0                        19.85
                     756.9                        19.95
                     761.8                        20.04
                     766.6                        20.13
                     771.5                        20.22
                     776.4                        20.32
                     781.3                        20.41
                     786.1                        20.50
                     791.0                        20.59
                     795.9                        20.68
                     800.8                        20.78
                     805.6                        20.87
                     810.5                        20.96
                     815.4                        21.05
                     820.3                        21.14
                     825.1                        21.23
                     830.0                        21.32
                     834.9                        21.42
                     839.8                        21.51
                     844.6                        21.60
                     849.5                        21.69
                     854.4                        21.78
                     859.3                        21.87
                     864.1                        21.96
                     869.0                        22.05
                     873.9                        22.14
                     878.8                        22.23
                     883.6                        22.32
                     888.5                        22.41
                     893.4                        22.50
                     898.3                        22.59
                     903.1                        22.68
                     908.0                        22.77
                     912.9                        22.86
                     917.8                        22.95
                     922.6                        23.04
                     927.5                        23.13
                     932.4                        23.22
                     937.3                        23.31
                     942.1                        23.40
                     947.0                        23.49
                     951.9                        23.58
                     956.8                        23.67
                     961.6                        23.76
                     966.5                        23.85
                     971.4                        23.94
                     976.3                        24.03
                     981.1                        24.11
                     986.0                        24.20
                     990.9                        24.29
                     995.8                        24.38
                    1000.6                        24.47
                    1005.5                        24.56
                    1010.4                        24.65
                    1015.3                        24.73
                    1020.1                        24.82
                    1025.0                        24.91
                    1029.9                        25.00
                    1034.8                        25.09
                    1039.6                        25.18
                    1044.5                        25.26
                    1049.4                        25.35
                    1054.3                        25.44
                    1059.1                        25.53
                    1064.0                        25.61
                    1068.9                        25.70
                    1073.8                        25.79
                    1078.6                        25.88
                    1083.5                        25.96
                    1088.4                        26.05
                    1093.3                        26.14
                    1098.1                        26.23
                    1103.0                        26.31
                    1107.9                        26.40
                    1112.8                        26.49
                    1117.6                        26.58
                    1122.5                        26.66
                    1127.4                        26.75
                    1132.3                        26.84
                    1137.1                        26.92
                    1142.0                        27.01
                    1146.9                        27.10
                    1151.8                        27.18
                    1156.6                        27.27
                    1161.5                        27.36
                    1166.4                        27.44
                    1171.3                        27.53
                    1176.1                        27.62
                    1181.0                        27.70
                    1185.9                        27.79
                    1190.8                        27.87
                    1195.6                        27.96
                    1200.5                        28.05
                    1205.4                        28.13
                    1210.3                        28.22
                    1215.1                        28.30
                    1220.0                        28.39
                    1224.9                        28.48
                    1229.8                        28.56
                    1234.6                        28.65
                    1239.5                        28.73
                    1244.4                        28.82
                    1249.3                        28.90
                    1254.1                        28.99
                    1259.0                        29.07
                    1263.9                        29.16
                    1268.8                        29.24
                    1273.6                        29.33
                    1278.5                        29.42
                    1283.4                        29.50
                    1288.3                        29.59
                    1293.1                        29.67
                    1298.0                        29.76
                    1302.9                        29.84
                    1307.8                        29.93
                    1312.6                        30.01
                    1317.5                        30.10
                    1322.4                        30.18
                    1327.3                        30.26
                    1332.1                        30.35
                    1337.0                        30.43
                    1341.9                        30.52
                    1346.8                        30.60
                    1351.6                        30.69
                    1356.5                        30.77
                    1361.4                        30.86
                    1366.3                        30.94
                    1371.1                        31.02
                    1376.0                        31.11
                    1380.9                        31.19
                    1385.8                        31.28
                    1390.6                        31.36
                    1395.5                        31.45
                    1400.4                        31.53
                    1405.3                        31.61
                    1410.1                        31.70
                    1415.0                        31.78
                    1419.9                        31.86
                    1424.8                        31.95
                    1429.6                        32.03
                    1434.5                        32.12
                    1439.4                        32.20
                    1444.3                        32.28
                    1449.1                        32.37
                    1454.0                        32.45
                    1458.9                        32.53
                    1463.8                        32.62
                    1468.6                        32.70
                    1473.5                        32.78
                    1478.4                        32.87
                    1483.3                        32.95
                    1488.1                        33.03
                    1493.0                        33.12
                    1497.9                        33.20
                    1502.8                        33.28
                    1507.6                        33.37
                    1512.5                        33.45
                    1517.4                        33.53
                    1522.3                        33.61
                    1527.1                        33.70
                    1532.0                        33.78
                    1536.9                        33.86
                    1541.8                        33.95
                    1546.6                        34.03
                    1551.5                        34.11
                    1556.4                        34.19
                    1561.3                        34.28
                    1566.1                        34.36
                    1571.0                        34.44
                    1575.9                        34.52
                    1580.8                        34.61
                    1585.6                        34.69
                    1590.5                        34.77
                    1595.4                        34.85
                    1600.3                        34.93
                    1605.1                        35.02
                    1610.0                        35.10
                    1614.9                        35.18
                    1619.8                        35.26
                    1624.6                        35.35
                    1629.5                        35.43
                    1634.4                        35.51
                    1639.3                        35.59
                    1644.1                        35.67
                    1649.0                        35.76
                    1653.9                        35.84
                    1658.8                        35.92
                    1663.6                        36.00
                    1668.5                        36.08
                    1673.4                        36.16
                    1678.3                        36.25
                    1683.1                        36.33
                    1688.0                        36.41
                    1692.9                        36.49
                    1697.8                        36.57
                    1702.6                        36.65
                    1707.5                        36.73
                    1712.4                        36.82
                    1717.3                        36.90
                    1722.1                        36.98
                    1727.0                        37.06
                    1731.9                        37.14
                    1736.8                        37.22
                    1741.6                        37.30
                    1746.5                        37.38
                    1751.4                        37.47
                    1756.3                        37.55
                    1761.1                        37.63
                    1766.0                        37.71
                    1770.9                        37.79
                    1775.8                        37.87
                    1780.6                        37.95
                    1785.5                        38.03
                    1790.4                        38.11
                    1795.3                        38.19
                    1800.1                        38.27
                    1805.0                        38.36
                    1809.9                        38.44
                    1814.8                        38.52
                    1819.6                        38.60
                    1824.5                        38.68
                    1829.4                        38.76
                    1834.3                        38.84
                    1839.1                        38.92
                    1844.0                        39.00
                    1848.9                        39.08
                    1853.8                        39.16
                    1858.6                        39.24
                    1863.5                        39.32
                    1868.4                        39.40
                    1873.3                        39.48
                    1878.1                        39.56
                    1883.0                        39.64
                    1887.9                        39.72
                    1892.8                        39.80
                    1897.6                        39.88
                    1902.5                        39.96
                    1907.4                        40.04
                    1912.3                        40.12
                    1917.1                        40.20
                    1922.0                        40.28
                    1926.9                        40.36
                    1931.8                        40.44
                    1936.6                        40.52
                    1941.5                        40.60
                    1946.4                        40.68
                    1951.3                        40.76
                    1956.1                        40.84
                    1961.0                        40.92
                    1965.9                        41.00
                    1970.8                        41.08
                    1975.6                        41.16
                    1980.5                        41.24
                    1985.4                        41.32
                    1990.3                        41.40
                    1995.1                        41.48
                    2000.0                        41.56
