
ELEMENT:
                                      Pa

SOURCE:
                           Tanuma, Powell and Penn
                    Surface Interface Anal. 21 (1994) 165.
                 IMFP values determined from TPP-2M equation
                                       

ATOMIC WEIGHT:               231.03588

DENSITY:                      15.4000 g/cm**3

TABULATION:

______________________________________________________________________________

                    Energy                         IMFP
                      eV                        Angstroms
______________________________________________________________________________
                      50.0                         6.58
                      54.9                         6.26
                      59.8                         6.03
                      64.6                         5.88
                      69.5                         5.78
                      74.4                         5.71
                      79.3                         5.68
                      84.1                         5.67
                      89.0                         5.67
                      93.9                         5.69
                      98.8                         5.72
                     103.6                         5.76
                     108.5                         5.80
                     113.4                         5.86
                     118.3                         5.91
                     123.1                         5.97
                     128.0                         6.04
                     132.9                         6.10
                     137.8                         6.17
                     142.6                         6.24
                     147.5                         6.32
                     152.4                         6.39
                     157.3                         6.47
                     162.1                         6.55
                     167.0                         6.62
                     171.9                         6.70
                     176.8                         6.78
                     181.6                         6.86
                     186.5                         6.94
                     191.4                         7.02
                     196.3                         7.11
                     201.1                         7.19
                     206.0                         7.27
                     210.9                         7.35
                     215.8                         7.44
                     220.6                         7.52
                     225.5                         7.60
                     230.4                         7.68
                     235.3                         7.77
                     240.1                         7.85
                     245.0                         7.93
                     249.9                         8.02
                     254.8                         8.10
                     259.6                         8.18
                     264.5                         8.27
                     269.4                         8.35
                     274.3                         8.43
                     279.1                         8.52
                     284.0                         8.60
                     288.9                         8.68
                     293.8                         8.77
                     298.6                         8.85
                     303.5                         8.93
                     308.4                         9.02
                     313.3                         9.10
                     318.1                         9.18
                     323.0                         9.26
                     327.9                         9.35
                     332.8                         9.43
                     337.6                         9.51
                     342.5                         9.59
                     347.4                         9.67
                     352.3                         9.76
                     357.1                         9.84
                     362.0                         9.92
                     366.9                        10.00
                     371.8                        10.08
                     376.6                        10.16
                     381.5                        10.24
                     386.4                        10.33
                     391.3                        10.41
                     396.1                        10.49
                     401.0                        10.57
                     405.9                        10.65
                     410.8                        10.73
                     415.6                        10.81
                     420.5                        10.89
                     425.4                        10.97
                     430.3                        11.05
                     435.1                        11.13
                     440.0                        11.21
                     444.9                        11.29
                     449.8                        11.37
                     454.6                        11.45
                     459.5                        11.53
                     464.4                        11.61
                     469.3                        11.69
                     474.1                        11.76
                     479.0                        11.84
                     483.9                        11.92
                     488.8                        12.00
                     493.6                        12.08
                     498.5                        12.16
                     503.4                        12.24
                     508.3                        12.32
                     513.1                        12.39
                     518.0                        12.47
                     522.9                        12.55
                     527.8                        12.63
                     532.6                        12.70
                     537.5                        12.78
                     542.4                        12.86
                     547.3                        12.94
                     552.1                        13.02
                     557.0                        13.09
                     561.9                        13.17
                     566.8                        13.25
                     571.6                        13.32
                     576.5                        13.40
                     581.4                        13.48
                     586.3                        13.55
                     591.1                        13.63
                     596.0                        13.71
                     600.9                        13.78
                     605.8                        13.86
                     610.6                        13.94
                     615.5                        14.01
                     620.4                        14.09
                     625.3                        14.16
                     630.1                        14.24
                     635.0                        14.32
                     639.9                        14.39
                     644.8                        14.47
                     649.6                        14.54
                     654.5                        14.62
                     659.4                        14.69
                     664.3                        14.77
                     669.1                        14.84
                     674.0                        14.92
                     678.9                        14.99
                     683.8                        15.07
                     688.6                        15.14
                     693.5                        15.22
                     698.4                        15.29
                     703.3                        15.37
                     708.1                        15.44
                     713.0                        15.52
                     717.9                        15.59
                     722.8                        15.67
                     727.6                        15.74
                     732.5                        15.81
                     737.4                        15.89
                     742.3                        15.96
                     747.1                        16.04
                     752.0                        16.11
                     756.9                        16.18
                     761.8                        16.26
                     766.6                        16.33
                     771.5                        16.40
                     776.4                        16.48
                     781.3                        16.55
                     786.1                        16.62
                     791.0                        16.70
                     795.9                        16.77
                     800.8                        16.84
                     805.6                        16.92
                     810.5                        16.99
                     815.4                        17.06
                     820.3                        17.14
                     825.1                        17.21
                     830.0                        17.28
                     834.9                        17.35
                     839.8                        17.43
                     844.6                        17.50
                     849.5                        17.57
                     854.4                        17.64
                     859.3                        17.72
                     864.1                        17.79
                     869.0                        17.86
                     873.9                        17.93
                     878.8                        18.00
                     883.6                        18.08
                     888.5                        18.15
                     893.4                        18.22
                     898.3                        18.29
                     903.1                        18.36
                     908.0                        18.43
                     912.9                        18.51
                     917.8                        18.58
                     922.6                        18.65
                     927.5                        18.72
                     932.4                        18.79
                     937.3                        18.86
                     942.1                        18.93
                     947.0                        19.01
                     951.9                        19.08
                     956.8                        19.15
                     961.6                        19.22
                     966.5                        19.29
                     971.4                        19.36
                     976.3                        19.43
                     981.1                        19.50
                     986.0                        19.57
                     990.9                        19.64
                     995.8                        19.71
                    1000.6                        19.79
                    1005.5                        19.86
                    1010.4                        19.93
                    1015.3                        20.00
                    1020.1                        20.07
                    1025.0                        20.14
                    1029.9                        20.21
                    1034.8                        20.28
                    1039.6                        20.35
                    1044.5                        20.42
                    1049.4                        20.49
                    1054.3                        20.56
                    1059.1                        20.63
                    1064.0                        20.70
                    1068.9                        20.77
                    1073.8                        20.84
                    1078.6                        20.91
                    1083.5                        20.98
                    1088.4                        21.05
                    1093.3                        21.12
                    1098.1                        21.19
                    1103.0                        21.25
                    1107.9                        21.32
                    1112.8                        21.39
                    1117.6                        21.46
                    1122.5                        21.53
                    1127.4                        21.60
                    1132.3                        21.67
                    1137.1                        21.74
                    1142.0                        21.81
                    1146.9                        21.88
                    1151.8                        21.95
                    1156.6                        22.02
                    1161.5                        22.08
                    1166.4                        22.15
                    1171.3                        22.22
                    1176.1                        22.29
                    1181.0                        22.36
                    1185.9                        22.43
                    1190.8                        22.50
                    1195.6                        22.57
                    1200.5                        22.63
                    1205.4                        22.70
                    1210.3                        22.77
                    1215.1                        22.84
                    1220.0                        22.91
                    1224.9                        22.98
                    1229.8                        23.04
                    1234.6                        23.11
                    1239.5                        23.18
                    1244.4                        23.25
                    1249.3                        23.32
                    1254.1                        23.39
                    1259.0                        23.45
                    1263.9                        23.52
                    1268.8                        23.59
                    1273.6                        23.66
                    1278.5                        23.73
                    1283.4                        23.79
                    1288.3                        23.86
                    1293.1                        23.93
                    1298.0                        24.00
                    1302.9                        24.06
                    1307.8                        24.13
                    1312.6                        24.20
                    1317.5                        24.27
                    1322.4                        24.33
                    1327.3                        24.40
                    1332.1                        24.47
                    1337.0                        24.54
                    1341.9                        24.60
                    1346.8                        24.67
                    1351.6                        24.74
                    1356.5                        24.81
                    1361.4                        24.87
                    1366.3                        24.94
                    1371.1                        25.01
                    1376.0                        25.07
                    1380.9                        25.14
                    1385.8                        25.21
                    1390.6                        25.28
                    1395.5                        25.34
                    1400.4                        25.41
                    1405.3                        25.48
                    1410.1                        25.54
                    1415.0                        25.61
                    1419.9                        25.68
                    1424.8                        25.74
                    1429.6                        25.81
                    1434.5                        25.88
                    1439.4                        25.94
                    1444.3                        26.01
                    1449.1                        26.08
                    1454.0                        26.14
                    1458.9                        26.21
                    1463.8                        26.28
                    1468.6                        26.34
                    1473.5                        26.41
                    1478.4                        26.47
                    1483.3                        26.54
                    1488.1                        26.61
                    1493.0                        26.67
                    1497.9                        26.74
                    1502.8                        26.81
                    1507.6                        26.87
                    1512.5                        26.94
                    1517.4                        27.00
                    1522.3                        27.07
                    1527.1                        27.14
                    1532.0                        27.20
                    1536.9                        27.27
                    1541.8                        27.33
                    1546.6                        27.40
                    1551.5                        27.47
                    1556.4                        27.53
                    1561.3                        27.60
                    1566.1                        27.66
                    1571.0                        27.73
                    1575.9                        27.79
                    1580.8                        27.86
                    1585.6                        27.92
                    1590.5                        27.99
                    1595.4                        28.06
                    1600.3                        28.12
                    1605.1                        28.19
                    1610.0                        28.25
                    1614.9                        28.32
                    1619.8                        28.38
                    1624.6                        28.45
                    1629.5                        28.51
                    1634.4                        28.58
                    1639.3                        28.64
                    1644.1                        28.71
                    1649.0                        28.77
                    1653.9                        28.84
                    1658.8                        28.90
                    1663.6                        28.97
                    1668.5                        29.04
                    1673.4                        29.10
                    1678.3                        29.17
                    1683.1                        29.23
                    1688.0                        29.30
                    1692.9                        29.36
                    1697.8                        29.42
                    1702.6                        29.49
                    1707.5                        29.55
                    1712.4                        29.62
                    1717.3                        29.68
                    1722.1                        29.75
                    1727.0                        29.81
                    1731.9                        29.88
                    1736.8                        29.94
                    1741.6                        30.01
                    1746.5                        30.07
                    1751.4                        30.14
                    1756.3                        30.20
                    1761.1                        30.27
                    1766.0                        30.33
                    1770.9                        30.39
                    1775.8                        30.46
                    1780.6                        30.52
                    1785.5                        30.59
                    1790.4                        30.65
                    1795.3                        30.72
                    1800.1                        30.78
                    1805.0                        30.85
                    1809.9                        30.91
                    1814.8                        30.97
                    1819.6                        31.04
                    1824.5                        31.10
                    1829.4                        31.17
                    1834.3                        31.23
                    1839.1                        31.29
                    1844.0                        31.36
                    1848.9                        31.42
                    1853.8                        31.49
                    1858.6                        31.55
                    1863.5                        31.61
                    1868.4                        31.68
                    1873.3                        31.74
                    1878.1                        31.81
                    1883.0                        31.87
                    1887.9                        31.93
                    1892.8                        32.00
                    1897.6                        32.06
                    1902.5                        32.13
                    1907.4                        32.19
                    1912.3                        32.25
                    1917.1                        32.32
                    1922.0                        32.38
                    1926.9                        32.44
                    1931.8                        32.51
                    1936.6                        32.57
                    1941.5                        32.63
                    1946.4                        32.70
                    1951.3                        32.76
                    1956.1                        32.83
                    1961.0                        32.89
                    1965.9                        32.95
                    1970.8                        33.02
                    1975.6                        33.08
                    1980.5                        33.14
                    1985.4                        33.21
                    1990.3                        33.27
                    1995.1                        33.33
                    2000.0                        33.40
