
ELEMENT:
                                      Al

SOURCE:
                                    Ashley
  J. Electron Spectrosc. 50 (1990) 323; J. C. Ashley, Private communication
       IMFP values determined from optical data and a theoretical model
                                       

ATOMIC WEIGHT:                26.98154

DENSITY:                       2.7000 g/cm**3

TABULATION:

______________________________________________________________________________

                    Energy                         IMFP
                      eV                        Angstroms
______________________________________________________________________________
                      40.0                         4.77
                      64.9                         4.93
                      89.8                         5.27
                     114.7                         5.69
                     139.6                         6.14
                     164.5                         6.60
                     189.4                         7.07
                     214.3                         7.55
                     239.2                         8.03
                     264.1                         8.50
                     289.0                         8.98
                     313.9                         9.45
                     338.8                         9.92
                     363.7                        10.38
                     388.6                        10.85
                     413.5                        11.31
                     438.4                        11.77
                     463.3                        12.23
                     488.2                        12.68
                     513.1                        13.13
                     538.0                        13.58
                     562.9                        14.03
                     587.8                        14.47
                     612.7                        14.91
                     637.6                        15.35
                     662.5                        15.79
                     687.4                        16.22
                     712.3                        16.65
                     737.2                        17.08
                     762.1                        17.51
                     787.0                        17.94
                     811.9                        18.36
                     836.8                        18.78
                     861.7                        19.20
                     886.6                        19.62
                     911.5                        20.04
                     936.4                        20.45
                     961.3                        20.87
                     986.2                        21.28
                    1011.1                        21.69
                    1036.0                        22.10
                    1060.9                        22.51
                    1085.8                        22.91
                    1110.7                        23.32
                    1135.6                        23.72
                    1160.5                        24.12
                    1185.4                        24.52
                    1210.3                        24.92
                    1235.2                        25.32
                    1260.1                        25.71
                    1285.0                        26.11
                    1309.9                        26.50
                    1334.8                        26.90
                    1359.7                        27.29
                    1384.6                        27.68
                    1409.5                        28.07
                    1434.4                        28.45
                    1459.3                        28.84
                    1484.2                        29.23
                    1509.1                        29.61
                    1534.0                        30.00
                    1558.9                        30.38
                    1583.8                        30.76
                    1608.7                        31.14
                    1633.6                        31.52
                    1658.5                        31.90
                    1683.4                        32.28
                    1708.3                        32.66
                    1733.2                        33.03
                    1758.1                        33.41
                    1783.0                        33.78
                    1807.9                        34.16
                    1832.8                        34.53
                    1857.7                        34.90
                    1882.6                        35.27
                    1907.5                        35.64
                    1932.4                        36.01
                    1957.3                        36.38
                    1982.2                        36.75
                    2007.1                        37.11
                    2032.0                        37.48
                    2056.9                        37.85
                    2081.8                        38.21
                    2106.7                        38.57
                    2131.6                        38.94
                    2156.5                        39.30
                    2181.4                        39.66
                    2206.3                        40.02
                    2231.2                        40.38
                    2256.1                        40.74
                    2281.0                        41.10
                    2305.9                        41.46
                    2330.8                        41.82
                    2355.7                        42.18
                    2380.6                        42.53
                    2405.5                        42.89
                    2430.4                        43.24
                    2455.3                        43.60
                    2480.2                        43.95
                    2505.1                        44.31
                    2530.0                        44.66
                    2554.9                        45.01
                    2579.8                        45.36
                    2604.7                        45.72
                    2629.6                        46.07
                    2654.5                        46.42
                    2679.4                        46.77
                    2704.3                        47.11
                    2729.2                        47.46
                    2754.1                        47.81
                    2779.0                        48.16
                    2803.9                        48.50
                    2828.8                        48.85
                    2853.7                        49.20
                    2878.6                        49.54
                    2903.5                        49.89
                    2928.4                        50.23
                    2953.3                        50.57
                    2978.2                        50.92
                    3003.1                        51.26
                    3028.0                        51.60
                    3052.9                        51.94
                    3077.8                        52.28
                    3102.7                        52.62
                    3127.6                        52.96
                    3152.5                        53.30
                    3177.4                        53.64
                    3202.3                        53.98
                    3227.2                        54.32
                    3252.1                        54.66
                    3277.0                        55.00
                    3301.9                        55.33
                    3326.8                        55.67
                    3351.7                        56.01
                    3376.6                        56.34
                    3401.5                        56.68
                    3426.4                        57.01
                    3451.3                        57.35
                    3476.2                        57.68
                    3501.1                        58.01
                    3526.0                        58.35
                    3550.9                        58.68
                    3575.8                        59.01
                    3600.7                        59.34
                    3625.6                        59.68
                    3650.5                        60.01
                    3675.4                        60.34
                    3700.3                        60.67
                    3725.2                        61.00
                    3750.1                        61.33
                    3775.0                        61.66
                    3799.9                        61.99
                    3824.8                        62.31
                    3849.7                        62.64
                    3874.6                        62.97
                    3899.5                        63.30
                    3924.4                        63.62
                    3949.3                        63.95
                    3974.2                        64.28
                    3999.1                        64.60
                    4024.0                        64.93
                    4048.9                        65.25
                    4073.8                        65.58
                    4098.7                        65.90
                    4123.6                        66.23
                    4148.5                        66.55
                    4173.4                        66.88
                    4198.3                        67.20
                    4223.2                        67.52
                    4248.1                        67.84
                    4273.0                        68.17
                    4297.9                        68.49
                    4322.8                        68.81
                    4347.7                        69.13
                    4372.6                        69.45
                    4397.5                        69.77
                    4422.4                        70.09
                    4447.3                        70.41
                    4472.2                        70.73
                    4497.1                        71.05
                    4522.0                        71.37
                    4546.9                        71.69
                    4571.8                        72.01
                    4596.7                        72.33
                    4621.6                        72.64
                    4646.5                        72.96
                    4671.4                        73.28
                    4696.3                        73.59
                    4721.2                        73.91
                    4746.1                        74.23
                    4771.0                        74.54
                    4795.9                        74.86
                    4820.8                        75.17
                    4845.7                        75.49
                    4870.6                        75.81
                    4895.5                        76.12
                    4920.4                        76.43
                    4945.3                        76.75
                    4970.2                        77.06
                    4995.1                        77.38
                    5020.0                        77.69
                    5044.9                        78.00
                    5069.8                        78.31
                    5094.7                        78.63
                    5119.6                        78.94
                    5144.5                        79.25
                    5169.4                        79.56
                    5194.3                        79.87
                    5219.2                        80.18
                    5244.1                        80.50
                    5269.0                        80.81
                    5293.9                        81.12
                    5318.8                        81.43
                    5343.7                        81.74
                    5368.6                        82.05
                    5393.5                        82.35
                    5418.4                        82.66
                    5443.3                        82.97
                    5468.2                        83.28
                    5493.1                        83.59
                    5518.0                        83.90
                    5542.9                        84.20
                    5567.8                        84.51
                    5592.7                        84.82
                    5617.6                        85.13
                    5642.5                        85.43
                    5667.4                        85.74
                    5692.3                        86.05
                    5717.2                        86.35
                    5742.1                        86.66
                    5767.0                        86.96
                    5791.9                        87.27
                    5816.8                        87.57
                    5841.7                        87.88
                    5866.6                        88.18
                    5891.5                        88.49
                    5916.4                        88.79
                    5941.3                        89.10
                    5966.2                        89.40
                    5991.1                        89.70
                    6016.0                        90.01
                    6040.9                        90.31
                    6065.8                        90.61
                    6090.7                        90.92
                    6115.6                        91.22
                    6140.5                        91.52
                    6165.4                        91.82
                    6190.3                        92.13
                    6215.2                        92.43
                    6240.1                        92.73
                    6265.0                        93.03
                    6289.9                        93.33
                    6314.8                        93.63
                    6339.7                        93.93
                    6364.6                        94.23
                    6389.5                        94.53
                    6414.4                        94.83
                    6439.3                        95.13
                    6464.2                        95.43
                    6489.1                        95.73
                    6514.0                        96.03
                    6538.9                        96.33
                    6563.8                        96.63
                    6588.7                        96.93
                    6613.6                        97.22
                    6638.5                        97.52
                    6663.4                        97.82
                    6688.3                        98.12
                    6713.2                        98.42
                    6738.1                        98.71
                    6763.0                        99.01
                    6787.9                        99.31
                    6812.8                        99.60
                    6837.7                        99.90
                    6862.6                       100.20
                    6887.5                       100.49
                    6912.4                       100.79
                    6937.3                       101.08
                    6962.2                       101.38
                    6987.1                       101.68
                    7012.0                       101.97
                    7036.9                       102.27
                    7061.8                       102.56
                    7086.7                       102.86
                    7111.6                       103.15
                    7136.5                       103.44
                    7161.4                       103.74
                    7186.3                       104.03
                    7211.2                       104.33
                    7236.1                       104.62
                    7261.0                       104.91
                    7285.9                       105.21
                    7310.8                       105.50
                    7335.7                       105.79
                    7360.6                       106.09
                    7385.5                       106.38
                    7410.4                       106.67
                    7435.3                       106.96
                    7460.2                       107.25
                    7485.1                       107.55
                    7510.0                       107.84
                    7534.9                       108.13
                    7559.8                       108.42
                    7584.7                       108.71
                    7609.6                       109.00
                    7634.5                       109.29
                    7659.4                       109.58
                    7684.3                       109.87
                    7709.2                       110.17
                    7734.1                       110.46
                    7759.0                       110.75
                    7783.9                       111.04
                    7808.8                       111.32
                    7833.7                       111.61
                    7858.6                       111.90
                    7883.5                       112.19
                    7908.4                       112.48
                    7933.3                       112.77
                    7958.2                       113.06
                    7983.1                       113.35
                    8008.0                       113.64
                    8032.9                       113.92
                    8057.8                       114.21
                    8082.7                       114.50
                    8107.6                       114.79
                    8132.5                       115.08
                    8157.4                       115.36
                    8182.3                       115.65
                    8207.2                       115.94
                    8232.1                       116.22
                    8257.0                       116.51
                    8281.9                       116.80
                    8306.8                       117.08
                    8331.7                       117.37
                    8356.6                       117.66
                    8381.5                       117.94
                    8406.4                       118.23
                    8431.3                       118.51
                    8456.2                       118.80
                    8481.1                       119.09
                    8506.0                       119.37
                    8530.9                       119.66
                    8555.8                       119.94
                    8580.7                       120.23
                    8605.6                       120.51
                    8630.5                       120.80
                    8655.4                       121.08
                    8680.3                       121.36
                    8705.2                       121.65
                    8730.1                       121.93
                    8755.0                       122.22
                    8779.9                       122.50
                    8804.8                       122.78
                    8829.7                       123.07
                    8854.6                       123.35
                    8879.5                       123.63
                    8904.4                       123.92
                    8929.3                       124.20
                    8954.2                       124.48
                    8979.1                       124.76
                    9004.0                       125.05
                    9028.9                       125.33
                    9053.8                       125.61
                    9078.7                       125.89
                    9103.6                       126.18
                    9128.5                       126.46
                    9153.4                       126.74
                    9178.3                       127.02
                    9203.2                       127.30
                    9228.1                       127.58
                    9253.0                       127.86
                    9277.9                       128.14
                    9302.8                       128.43
                    9327.7                       128.71
                    9352.6                       128.99
                    9377.5                       129.27
                    9402.4                       129.55
                    9427.3                       129.83
                    9452.2                       130.11
                    9477.1                       130.39
                    9502.0                       130.67
                    9526.9                       130.95
                    9551.8                       131.23
                    9576.7                       131.51
                    9601.6                       131.78
                    9626.5                       132.06
                    9651.4                       132.34
                    9676.3                       132.62
                    9701.2                       132.90
                    9726.1                       133.18
                    9751.0                       133.46
                    9775.9                       133.74
                    9800.8                       134.01
                    9825.7                       134.29
                    9850.6                       134.57
                    9875.5                       134.85
                    9900.4                       135.13
                    9925.3                       135.40
                    9950.2                       135.68
                    9975.1                       135.96
                   10000.0                       136.23
