
ELEMENT:
                                      Si

SOURCE:
                      Elastic peak electron spectroscopy
                                       
           IMFPs determined from the intensity of the elastic peak
       Multiple elastic scattering simulated by the Monte Carlo method

COMMENT:
                     Gergely et al., Vacuum 48 (1997) 621

ATOMIC WEIGHT:                28.08550

DENSITY:                       2.3290 g/cm**3

TABULATION:

______________________________________________________________________________

                    Energy                         IMFP
                      eV                        Angstroms
______________________________________________________________________________
                     100.0                         4.43
                     112.3                         4.86
                     124.5                         5.28
                     136.8                         5.69
                     149.0                         6.09
                     161.3                         6.49
                     173.5                         6.88
                     185.8                         7.26
                     198.0                         7.64
                     210.3                         8.02
                     222.5                         8.39
                     234.8                         8.75
                     247.0                         9.11
                     259.3                         9.47
                     271.5                         9.83
                     283.8                        10.18
                     296.0                        10.53
                     308.3                        10.87
                     320.5                        11.22
                     332.8                        11.56
                     345.0                        11.89
                     357.3                        12.23
                     369.5                        12.56
                     381.8                        12.89
                     394.0                        13.22
                     406.3                        13.55
                     418.5                        13.87
                     430.8                        14.20
                     443.0                        14.52
                     455.3                        14.84
                     467.5                        15.15
                     479.8                        15.47
                     492.0                        15.78
                     504.3                        16.10
                     516.5                        16.41
                     528.8                        16.72
                     541.0                        17.02
                     553.3                        17.33
                     565.5                        17.64
                     577.8                        17.94
                     590.0                        18.24
                     602.3                        18.54
                     614.5                        18.84
                     626.8                        19.14
                     639.0                        19.44
                     651.3                        19.74
                     663.5                        20.03
                     675.8                        20.33
                     688.0                        20.62
                     700.3                        20.91
                     712.5                        21.20
                     724.8                        21.49
                     737.0                        21.78
                     749.3                        22.07
                     761.5                        22.36
                     773.8                        22.64
                     786.0                        22.93
                     798.3                        23.21
                     810.5                        23.49
                     822.8                        23.78
                     835.0                        24.06
                     847.3                        24.34
                     859.5                        24.62
                     871.8                        24.90
                     884.0                        25.18
                     896.3                        25.46
                     908.5                        25.73
                     920.8                        26.01
                     933.0                        26.28
                     945.3                        26.56
                     957.5                        26.83
                     969.8                        27.11
                     982.0                        27.38
                     994.3                        27.65
                    1006.5                        27.92
                    1018.8                        28.19
                    1031.0                        28.46
                    1043.3                        28.73
                    1055.5                        29.00
                    1067.8                        29.27
                    1080.0                        29.53
                    1092.3                        29.80
                    1104.5                        30.07
                    1116.8                        30.33
                    1129.0                        30.60
                    1141.3                        30.86
                    1153.5                        31.13
                    1165.8                        31.39
                    1178.0                        31.65
                    1190.3                        31.91
                    1202.5                        32.18
                    1214.8                        32.44
                    1227.0                        32.70
                    1239.3                        32.96
                    1251.5                        33.22
                    1263.8                        33.47
                    1276.0                        33.73
                    1288.3                        33.99
                    1300.5                        34.25
                    1312.8                        34.51
                    1325.0                        34.76
                    1337.3                        35.02
                    1349.5                        35.27
                    1361.8                        35.53
                    1374.0                        35.78
                    1386.3                        36.04
                    1398.5                        36.29
                    1410.8                        36.54
                    1423.0                        36.80
                    1435.3                        37.05
                    1447.5                        37.30
                    1459.8                        37.55
                    1472.0                        37.80
                    1484.3                        38.05
                    1496.5                        38.30
                    1508.8                        38.55
                    1521.0                        38.80
                    1533.3                        39.05
                    1545.5                        39.30
                    1557.8                        39.55
                    1570.0                        39.79
                    1582.3                        40.04
                    1594.5                        40.29
                    1606.8                        40.54
                    1619.0                        40.78
                    1631.3                        41.03
                    1643.5                        41.27
                    1655.8                        41.52
                    1668.0                        41.76
                    1680.3                        42.01
                    1692.5                        42.25
                    1704.8                        42.49
                    1717.0                        42.74
                    1729.3                        42.98
                    1741.5                        43.22
                    1753.8                        43.46
                    1766.0                        43.71
                    1778.3                        43.95
                    1790.5                        44.19
                    1802.8                        44.43
                    1815.0                        44.67
                    1827.3                        44.91
                    1839.5                        45.15
                    1851.8                        45.39
                    1864.0                        45.63
                    1876.3                        45.87
                    1888.5                        46.11
                    1900.8                        46.34
                    1913.0                        46.58
                    1925.3                        46.82
                    1937.5                        47.06
                    1949.8                        47.29
                    1962.0                        47.53
                    1974.3                        47.77
                    1986.5                        48.00
                    1998.8                        48.24
                    2011.0                        48.47
                    2023.3                        48.71
                    2035.5                        48.94
                    2047.8                        49.18
                    2060.0                        49.41
                    2072.3                        49.65
                    2084.5                        49.88
                    2096.8                        50.11
                    2109.0                        50.35
                    2121.3                        50.58
                    2133.5                        50.81
                    2145.8                        51.05
                    2158.0                        51.28
                    2170.3                        51.51
                    2182.5                        51.74
                    2194.8                        51.97
                    2207.0                        52.20
                    2219.3                        52.43
                    2231.5                        52.67
                    2243.8                        52.90
                    2256.0                        53.13
                    2268.3                        53.36
                    2280.5                        53.59
                    2292.8                        53.81
                    2305.0                        54.04
                    2317.3                        54.27
                    2329.5                        54.50
                    2341.8                        54.73
                    2354.0                        54.96
                    2366.3                        55.18
                    2378.5                        55.41
                    2390.8                        55.64
                    2403.0                        55.87
                    2415.3                        56.09
                    2427.5                        56.32
                    2439.8                        56.55
                    2452.0                        56.77
                    2464.3                        57.00
                    2476.5                        57.22
                    2488.8                        57.45
                    2501.0                        57.68
                    2513.3                        57.90
                    2525.5                        58.13
                    2537.8                        58.35
                    2550.0                        58.57
                    2562.3                        58.80
                    2574.5                        59.02
                    2586.8                        59.25
                    2599.0                        59.47
                    2611.3                        59.69
                    2623.5                        59.92
                    2635.8                        60.14
                    2648.0                        60.36
                    2660.3                        60.58
                    2672.5                        60.81
                    2684.8                        61.03
                    2697.0                        61.25
                    2709.3                        61.47
                    2721.5                        61.69
                    2733.8                        61.91
                    2746.0                        62.14
                    2758.3                        62.36
                    2770.5                        62.58
                    2782.8                        62.80
                    2795.0                        63.02
                    2807.3                        63.24
                    2819.5                        63.46
                    2831.8                        63.68
                    2844.0                        63.90
                    2856.3                        64.12
                    2868.5                        64.33
                    2880.8                        64.55
                    2893.0                        64.77
                    2905.3                        64.99
                    2917.5                        65.21
                    2929.8                        65.43
                    2942.0                        65.65
                    2954.3                        65.86
                    2966.5                        66.08
                    2978.8                        66.30
                    2991.0                        66.52
                    3003.3                        66.73
                    3015.5                        66.95
                    3027.8                        67.17
                    3040.0                        67.38
                    3052.3                        67.60
                    3064.5                        67.81
                    3076.8                        68.03
                    3089.0                        68.25
                    3101.3                        68.46
                    3113.5                        68.68
                    3125.8                        68.89
                    3138.0                        69.11
                    3150.3                        69.32
                    3162.5                        69.54
                    3174.8                        69.75
                    3187.0                        69.97
                    3199.3                        70.18
                    3211.5                        70.39
                    3223.8                        70.61
                    3236.0                        70.82
                    3248.3                        71.04
                    3260.5                        71.25
                    3272.8                        71.46
                    3285.0                        71.68
                    3297.3                        71.89
                    3309.5                        72.10
                    3321.8                        72.31
                    3334.0                        72.53
                    3346.3                        72.74
                    3358.5                        72.95
                    3370.8                        73.16
                    3383.0                        73.37
                    3395.3                        73.59
                    3407.5                        73.80
                    3419.8                        74.01
                    3432.0                        74.22
                    3444.3                        74.43
                    3456.5                        74.64
                    3468.8                        74.85
                    3481.0                        75.06
                    3493.3                        75.27
                    3505.5                        75.48
                    3517.8                        75.69
                    3530.0                        75.90
                    3542.3                        76.11
                    3554.5                        76.32
                    3566.8                        76.53
                    3579.0                        76.74
                    3591.3                        76.95
                    3603.5                        77.16
                    3615.8                        77.37
                    3628.0                        77.58
                    3640.3                        77.79
                    3652.5                        78.00
                    3664.8                        78.21
                    3677.0                        78.41
                    3689.3                        78.62
                    3701.5                        78.83
                    3713.8                        79.04
                    3726.0                        79.25
                    3738.3                        79.45
                    3750.5                        79.66
                    3762.8                        79.87
                    3775.0                        80.07
                    3787.3                        80.28
                    3799.5                        80.49
                    3811.8                        80.70
                    3824.0                        80.90
                    3836.3                        81.11
                    3848.5                        81.32
                    3860.8                        81.52
                    3873.0                        81.73
                    3885.3                        81.93
                    3897.5                        82.14
                    3909.8                        82.34
                    3922.0                        82.55
                    3934.3                        82.76
                    3946.5                        82.96
                    3958.8                        83.17
                    3971.0                        83.37
                    3983.3                        83.58
                    3995.5                        83.78
                    4007.8                        83.99
                    4020.0                        84.19
                    4032.3                        84.39
                    4044.5                        84.60
                    4056.8                        84.80
                    4069.0                        85.01
                    4081.3                        85.21
                    4093.5                        85.41
                    4105.8                        85.62
                    4118.0                        85.82
                    4130.3                        86.03
                    4142.5                        86.23
                    4154.8                        86.43
                    4167.0                        86.63
                    4179.3                        86.84
                    4191.5                        87.04
                    4203.8                        87.24
                    4216.0                        87.45
                    4228.3                        87.65
                    4240.5                        87.85
                    4252.8                        88.05
                    4265.0                        88.26
                    4277.3                        88.46
                    4289.5                        88.66
                    4301.8                        88.86
                    4314.0                        89.06
                    4326.3                        89.26
                    4338.5                        89.47
                    4350.8                        89.67
                    4363.0                        89.87
                    4375.3                        90.07
                    4387.5                        90.27
                    4399.8                        90.47
                    4412.0                        90.67
                    4424.3                        90.87
                    4436.5                        91.07
                    4448.8                        91.27
                    4461.0                        91.47
                    4473.3                        91.67
                    4485.5                        91.87
                    4497.8                        92.07
                    4510.0                        92.27
                    4522.3                        92.47
                    4534.5                        92.67
                    4546.8                        92.87
                    4559.0                        93.07
                    4571.3                        93.27
                    4583.5                        93.47
                    4595.8                        93.67
                    4608.0                        93.87
                    4620.3                        94.07
                    4632.5                        94.26
                    4644.8                        94.46
                    4657.0                        94.66
                    4669.3                        94.86
                    4681.5                        95.06
                    4693.8                        95.26
                    4706.0                        95.45
                    4718.3                        95.65
                    4730.5                        95.85
                    4742.8                        96.05
                    4755.0                        96.25
                    4767.3                        96.44
                    4779.5                        96.64
                    4791.8                        96.84
                    4804.0                        97.04
                    4816.3                        97.23
                    4828.5                        97.43
                    4840.8                        97.63
                    4853.0                        97.82
                    4865.3                        98.02
                    4877.5                        98.22
                    4889.8                        98.41
                    4902.0                        98.61
                    4914.3                        98.81
                    4926.5                        99.00
                    4938.8                        99.20
                    4951.0                        99.39
                    4963.3                        99.59
                    4975.5                        99.79
                    4987.8                        99.98
                    5000.0                       100.18
