
ELEMENT:
                                      Co

SOURCE:
                           Tanuma, Powell and Penn
                    Surface Interface Anal. 21 (1994) 165.
                 IMFP values determined from TPP-2M equation
                                       

ATOMIC WEIGHT:                58.93320

DENSITY:                       8.9000 g/cm**3

TABULATION:

______________________________________________________________________________

                    Energy                         IMFP
                      eV                        Angstroms
______________________________________________________________________________
                      50.0                         3.81
                      54.9                         3.88
                      59.8                         3.92
                      64.6                         3.95
                      69.5                         3.97
                      74.4                         4.00
                      79.3                         4.03
                      84.1                         4.06
                      89.0                         4.10
                      93.9                         4.14
                      98.8                         4.19
                     103.6                         4.23
                     108.5                         4.29
                     113.4                         4.34
                     118.3                         4.39
                     123.1                         4.45
                     128.0                         4.51
                     132.9                         4.56
                     137.8                         4.62
                     142.6                         4.69
                     147.5                         4.75
                     152.4                         4.81
                     157.3                         4.87
                     162.1                         4.94
                     167.0                         5.00
                     171.9                         5.07
                     176.8                         5.13
                     181.6                         5.20
                     186.5                         5.26
                     191.4                         5.33
                     196.3                         5.39
                     201.1                         5.46
                     206.0                         5.52
                     210.9                         5.59
                     215.8                         5.66
                     220.6                         5.72
                     225.5                         5.79
                     230.4                         5.86
                     235.3                         5.92
                     240.1                         5.99
                     245.0                         6.06
                     249.9                         6.12
                     254.8                         6.19
                     259.6                         6.25
                     264.5                         6.32
                     269.4                         6.39
                     274.3                         6.45
                     279.1                         6.52
                     284.0                         6.58
                     288.9                         6.65
                     293.8                         6.72
                     298.6                         6.78
                     303.5                         6.85
                     308.4                         6.91
                     313.3                         6.98
                     318.1                         7.04
                     323.0                         7.11
                     327.9                         7.18
                     332.8                         7.24
                     337.6                         7.31
                     342.5                         7.37
                     347.4                         7.44
                     352.3                         7.50
                     357.1                         7.57
                     362.0                         7.63
                     366.9                         7.69
                     371.8                         7.76
                     376.6                         7.82
                     381.5                         7.89
                     386.4                         7.95
                     391.3                         8.02
                     396.1                         8.08
                     401.0                         8.14
                     405.9                         8.21
                     410.8                         8.27
                     415.6                         8.34
                     420.5                         8.40
                     425.4                         8.46
                     430.3                         8.53
                     435.1                         8.59
                     440.0                         8.65
                     444.9                         8.72
                     449.8                         8.78
                     454.6                         8.84
                     459.5                         8.90
                     464.4                         8.97
                     469.3                         9.03
                     474.1                         9.09
                     479.0                         9.15
                     483.9                         9.22
                     488.8                         9.28
                     493.6                         9.34
                     498.5                         9.40
                     503.4                         9.47
                     508.3                         9.53
                     513.1                         9.59
                     518.0                         9.65
                     522.9                         9.71
                     527.8                         9.78
                     532.6                         9.84
                     537.5                         9.90
                     542.4                         9.96
                     547.3                        10.02
                     552.1                        10.08
                     557.0                        10.14
                     561.9                        10.21
                     566.8                        10.27
                     571.6                        10.33
                     576.5                        10.39
                     581.4                        10.45
                     586.3                        10.51
                     591.1                        10.57
                     596.0                        10.63
                     600.9                        10.69
                     605.8                        10.75
                     610.6                        10.81
                     615.5                        10.87
                     620.4                        10.93
                     625.3                        10.99
                     630.1                        11.05
                     635.0                        11.11
                     639.9                        11.17
                     644.8                        11.23
                     649.6                        11.29
                     654.5                        11.35
                     659.4                        11.41
                     664.3                        11.47
                     669.1                        11.53
                     674.0                        11.59
                     678.9                        11.65
                     683.8                        11.71
                     688.6                        11.77
                     693.5                        11.83
                     698.4                        11.89
                     703.3                        11.95
                     708.1                        12.01
                     713.0                        12.07
                     717.9                        12.13
                     722.8                        12.19
                     727.6                        12.24
                     732.5                        12.30
                     737.4                        12.36
                     742.3                        12.42
                     747.1                        12.48
                     752.0                        12.54
                     756.9                        12.60
                     761.8                        12.65
                     766.6                        12.71
                     771.5                        12.77
                     776.4                        12.83
                     781.3                        12.89
                     786.1                        12.95
                     791.0                        13.00
                     795.9                        13.06
                     800.8                        13.12
                     805.6                        13.18
                     810.5                        13.24
                     815.4                        13.29
                     820.3                        13.35
                     825.1                        13.41
                     830.0                        13.47
                     834.9                        13.53
                     839.8                        13.58
                     844.6                        13.64
                     849.5                        13.70
                     854.4                        13.76
                     859.3                        13.81
                     864.1                        13.87
                     869.0                        13.93
                     873.9                        13.99
                     878.8                        14.04
                     883.6                        14.10
                     888.5                        14.16
                     893.4                        14.21
                     898.3                        14.27
                     903.1                        14.33
                     908.0                        14.38
                     912.9                        14.44
                     917.8                        14.50
                     922.6                        14.56
                     927.5                        14.61
                     932.4                        14.67
                     937.3                        14.73
                     942.1                        14.78
                     947.0                        14.84
                     951.9                        14.90
                     956.8                        14.95
                     961.6                        15.01
                     966.5                        15.06
                     971.4                        15.12
                     976.3                        15.18
                     981.1                        15.23
                     986.0                        15.29
                     990.9                        15.35
                     995.8                        15.40
                    1000.6                        15.46
                    1005.5                        15.51
                    1010.4                        15.57
                    1015.3                        15.63
                    1020.1                        15.68
                    1025.0                        15.74
                    1029.9                        15.79
                    1034.8                        15.85
                    1039.6                        15.91
                    1044.5                        15.96
                    1049.4                        16.02
                    1054.3                        16.07
                    1059.1                        16.13
                    1064.0                        16.18
                    1068.9                        16.24
                    1073.8                        16.29
                    1078.6                        16.35
                    1083.5                        16.41
                    1088.4                        16.46
                    1093.3                        16.52
                    1098.1                        16.57
                    1103.0                        16.63
                    1107.9                        16.68
                    1112.8                        16.74
                    1117.6                        16.79
                    1122.5                        16.85
                    1127.4                        16.90
                    1132.3                        16.96
                    1137.1                        17.01
                    1142.0                        17.07
                    1146.9                        17.12
                    1151.8                        17.18
                    1156.6                        17.23
                    1161.5                        17.29
                    1166.4                        17.34
                    1171.3                        17.40
                    1176.1                        17.45
                    1181.0                        17.51
                    1185.9                        17.56
                    1190.8                        17.62
                    1195.6                        17.67
                    1200.5                        17.73
                    1205.4                        17.78
                    1210.3                        17.83
                    1215.1                        17.89
                    1220.0                        17.94
                    1224.9                        18.00
                    1229.8                        18.05
                    1234.6                        18.11
                    1239.5                        18.16
                    1244.4                        18.21
                    1249.3                        18.27
                    1254.1                        18.32
                    1259.0                        18.38
                    1263.9                        18.43
                    1268.8                        18.49
                    1273.6                        18.54
                    1278.5                        18.59
                    1283.4                        18.65
                    1288.3                        18.70
                    1293.1                        18.76
                    1298.0                        18.81
                    1302.9                        18.86
                    1307.8                        18.92
                    1312.6                        18.97
                    1317.5                        19.02
                    1322.4                        19.08
                    1327.3                        19.13
                    1332.1                        19.19
                    1337.0                        19.24
                    1341.9                        19.29
                    1346.8                        19.35
                    1351.6                        19.40
                    1356.5                        19.45
                    1361.4                        19.51
                    1366.3                        19.56
                    1371.1                        19.61
                    1376.0                        19.67
                    1380.9                        19.72
                    1385.8                        19.77
                    1390.6                        19.83
                    1395.5                        19.88
                    1400.4                        19.93
                    1405.3                        19.99
                    1410.1                        20.04
                    1415.0                        20.09
                    1419.9                        20.15
                    1424.8                        20.20
                    1429.6                        20.25
                    1434.5                        20.31
                    1439.4                        20.36
                    1444.3                        20.41
                    1449.1                        20.47
                    1454.0                        20.52
                    1458.9                        20.57
                    1463.8                        20.63
                    1468.6                        20.68
                    1473.5                        20.73
                    1478.4                        20.78
                    1483.3                        20.84
                    1488.1                        20.89
                    1493.0                        20.94
                    1497.9                        20.99
                    1502.8                        21.05
                    1507.6                        21.10
                    1512.5                        21.15
                    1517.4                        21.21
                    1522.3                        21.26
                    1527.1                        21.31
                    1532.0                        21.36
                    1536.9                        21.42
                    1541.8                        21.47
                    1546.6                        21.52
                    1551.5                        21.57
                    1556.4                        21.63
                    1561.3                        21.68
                    1566.1                        21.73
                    1571.0                        21.78
                    1575.9                        21.84
                    1580.8                        21.89
                    1585.6                        21.94
                    1590.5                        21.99
                    1595.4                        22.04
                    1600.3                        22.10
                    1605.1                        22.15
                    1610.0                        22.20
                    1614.9                        22.25
                    1619.8                        22.31
                    1624.6                        22.36
                    1629.5                        22.41
                    1634.4                        22.46
                    1639.3                        22.51
                    1644.1                        22.57
                    1649.0                        22.62
                    1653.9                        22.67
                    1658.8                        22.72
                    1663.6                        22.77
                    1668.5                        22.83
                    1673.4                        22.88
                    1678.3                        22.93
                    1683.1                        22.98
                    1688.0                        23.03
                    1692.9                        23.08
                    1697.8                        23.14
                    1702.6                        23.19
                    1707.5                        23.24
                    1712.4                        23.29
                    1717.3                        23.34
                    1722.1                        23.39
                    1727.0                        23.45
                    1731.9                        23.50
                    1736.8                        23.55
                    1741.6                        23.60
                    1746.5                        23.65
                    1751.4                        23.70
                    1756.3                        23.76
                    1761.1                        23.81
                    1766.0                        23.86
                    1770.9                        23.91
                    1775.8                        23.96
                    1780.6                        24.01
                    1785.5                        24.06
                    1790.4                        24.12
                    1795.3                        24.17
                    1800.1                        24.22
                    1805.0                        24.27
                    1809.9                        24.32
                    1814.8                        24.37
                    1819.6                        24.42
                    1824.5                        24.47
                    1829.4                        24.53
                    1834.3                        24.58
                    1839.1                        24.63
                    1844.0                        24.68
                    1848.9                        24.73
                    1853.8                        24.78
                    1858.6                        24.83
                    1863.5                        24.88
                    1868.4                        24.93
                    1873.3                        24.99
                    1878.1                        25.04
                    1883.0                        25.09
                    1887.9                        25.14
                    1892.8                        25.19
                    1897.6                        25.24
                    1902.5                        25.29
                    1907.4                        25.34
                    1912.3                        25.39
                    1917.1                        25.44
                    1922.0                        25.49
                    1926.9                        25.55
                    1931.8                        25.60
                    1936.6                        25.65
                    1941.5                        25.70
                    1946.4                        25.75
                    1951.3                        25.80
                    1956.1                        25.85
                    1961.0                        25.90
                    1965.9                        25.95
                    1970.8                        26.00
                    1975.6                        26.05
                    1980.5                        26.10
                    1985.4                        26.15
                    1990.3                        26.20
                    1995.1                        26.25
                    2000.0                        26.30
