
ELEMENT:
                                      Se

SOURCE:
                                    Gries
                    Surface Interface Anal. 24 (1996) 38.
        Predictive formula based on calculated IMFPs of Tanuma et al.
                    and an atomistic model (G-1 equation)

COMMENT:
                Gray selenium (density equal to 4.81 g/cm**3)

ATOMIC WEIGHT:                78.96000

DENSITY:                       4.8100 g/cm**3

TABULATION:

______________________________________________________________________________

                    Energy                         IMFP
                      eV                        Angstroms
______________________________________________________________________________
                     200.0                         6.56
                     204.5                         6.66
                     209.0                         6.75
                     213.5                         6.84
                     218.0                         6.94
                     222.5                         7.03
                     227.0                         7.12
                     231.5                         7.22
                     236.0                         7.31
                     240.5                         7.40
                     245.0                         7.49
                     249.5                         7.58
                     254.0                         7.67
                     258.5                         7.76
                     263.0                         7.85
                     267.5                         7.94
                     272.0                         8.03
                     276.5                         8.12
                     281.0                         8.21
                     285.5                         8.30
                     290.0                         8.39
                     294.5                         8.48
                     299.0                         8.57
                     303.5                         8.65
                     308.0                         8.74
                     312.5                         8.83
                     317.0                         8.92
                     321.5                         9.00
                     326.0                         9.09
                     330.5                         9.18
                     335.0                         9.27
                     339.5                         9.35
                     344.0                         9.44
                     348.5                         9.52
                     353.0                         9.61
                     357.5                         9.70
                     362.0                         9.78
                     366.5                         9.87
                     371.0                         9.95
                     375.5                        10.04
                     380.0                        10.12
                     384.5                        10.21
                     389.0                        10.29
                     393.5                        10.37
                     398.0                        10.46
                     402.5                        10.54
                     407.0                        10.63
                     411.5                        10.71
                     416.0                        10.79
                     420.5                        10.88
                     425.0                        10.96
                     429.5                        11.04
                     434.0                        11.13
                     438.5                        11.21
                     443.0                        11.29
                     447.5                        11.37
                     452.0                        11.46
                     456.5                        11.54
                     461.0                        11.62
                     465.5                        11.70
                     470.0                        11.78
                     474.5                        11.86
                     479.0                        11.95
                     483.5                        12.03
                     488.0                        12.11
                     492.5                        12.19
                     497.0                        12.27
                     501.5                        12.35
                     506.0                        12.43
                     510.5                        12.51
                     515.0                        12.59
                     519.5                        12.67
                     524.0                        12.75
                     528.5                        12.83
                     533.0                        12.91
                     537.5                        12.99
                     542.0                        13.07
                     546.5                        13.15
                     551.0                        13.23
                     555.5                        13.31
                     560.0                        13.39
                     564.5                        13.47
                     569.0                        13.55
                     573.5                        13.63
                     578.0                        13.71
                     582.5                        13.79
                     587.0                        13.87
                     591.5                        13.94
                     596.0                        14.02
                     600.5                        14.10
                     605.0                        14.18
                     609.5                        14.26
                     614.0                        14.34
                     618.5                        14.41
                     623.0                        14.49
                     627.5                        14.57
                     632.0                        14.65
                     636.5                        14.72
                     641.0                        14.80
                     645.5                        14.88
                     650.0                        14.96
                     654.5                        15.03
                     659.0                        15.11
                     663.5                        15.19
                     668.0                        15.26
                     672.5                        15.34
                     677.0                        15.42
                     681.5                        15.50
                     686.0                        15.57
                     690.5                        15.65
                     695.0                        15.73
                     699.5                        15.80
                     704.0                        15.88
                     708.5                        15.95
                     713.0                        16.03
                     717.5                        16.11
                     722.0                        16.18
                     726.5                        16.26
                     731.0                        16.33
                     735.5                        16.41
                     740.0                        16.49
                     744.5                        16.56
                     749.0                        16.64
                     753.5                        16.71
                     758.0                        16.79
                     762.5                        16.86
                     767.0                        16.94
                     771.5                        17.01
                     776.0                        17.09
                     780.5                        17.16
                     785.0                        17.24
                     789.5                        17.31
                     794.0                        17.39
                     798.5                        17.46
                     803.0                        17.54
                     807.5                        17.61
                     812.0                        17.69
                     816.5                        17.76
                     821.0                        17.84
                     825.5                        17.91
                     830.0                        17.98
                     834.5                        18.06
                     839.0                        18.13
                     843.5                        18.21
                     848.0                        18.28
                     852.5                        18.35
                     857.0                        18.43
                     861.5                        18.50
                     866.0                        18.58
                     870.5                        18.65
                     875.0                        18.72
                     879.5                        18.80
                     884.0                        18.87
                     888.5                        18.94
                     893.0                        19.02
                     897.5                        19.09
                     902.0                        19.16
                     906.5                        19.24
                     911.0                        19.31
                     915.5                        19.38
                     920.0                        19.46
                     924.5                        19.53
                     929.0                        19.60
                     933.5                        19.67
                     938.0                        19.75
                     942.5                        19.82
                     947.0                        19.89
                     951.5                        19.97
                     956.0                        20.04
                     960.5                        20.11
                     965.0                        20.18
                     969.5                        20.25
                     974.0                        20.33
                     978.5                        20.40
                     983.0                        20.47
                     987.5                        20.54
                     992.0                        20.62
                     996.5                        20.69
                    1001.0                        20.76
                    1005.5                        20.83
                    1010.0                        20.90
                    1014.5                        20.98
                    1019.0                        21.05
                    1023.5                        21.12
                    1028.0                        21.19
                    1032.5                        21.26
                    1037.0                        21.33
                    1041.5                        21.41
                    1046.0                        21.48
                    1050.5                        21.55
                    1055.0                        21.62
                    1059.5                        21.69
                    1064.0                        21.76
                    1068.5                        21.83
                    1073.0                        21.91
                    1077.5                        21.98
                    1082.0                        22.05
                    1086.5                        22.12
                    1091.0                        22.19
                    1095.5                        22.26
                    1100.0                        22.33
                    1104.5                        22.40
                    1109.0                        22.47
                    1113.5                        22.54
                    1118.0                        22.62
                    1122.5                        22.69
                    1127.0                        22.76
                    1131.5                        22.83
                    1136.0                        22.90
                    1140.5                        22.97
                    1145.0                        23.04
                    1149.5                        23.11
                    1154.0                        23.18
                    1158.5                        23.25
                    1163.0                        23.32
                    1167.5                        23.39
                    1172.0                        23.46
                    1176.5                        23.53
                    1181.0                        23.60
                    1185.5                        23.67
                    1190.0                        23.74
                    1194.5                        23.81
                    1199.0                        23.88
                    1203.5                        23.95
                    1208.0                        24.02
                    1212.5                        24.09
                    1217.0                        24.16
                    1221.5                        24.23
                    1226.0                        24.30
                    1230.5                        24.37
                    1235.0                        24.44
                    1239.5                        24.51
                    1244.0                        24.58
                    1248.5                        24.65
                    1253.0                        24.72
                    1257.5                        24.79
                    1262.0                        24.86
                    1266.5                        24.93
                    1271.0                        25.00
                    1275.5                        25.07
                    1280.0                        25.13
                    1284.5                        25.20
                    1289.0                        25.27
                    1293.5                        25.34
                    1298.0                        25.41
                    1302.5                        25.48
                    1307.0                        25.55
                    1311.5                        25.62
                    1316.0                        25.69
                    1320.5                        25.76
                    1325.0                        25.82
                    1329.5                        25.89
                    1334.0                        25.96
                    1338.5                        26.03
                    1343.0                        26.10
                    1347.5                        26.17
                    1352.0                        26.24
                    1356.5                        26.31
                    1361.0                        26.37
                    1365.5                        26.44
                    1370.0                        26.51
                    1374.5                        26.58
                    1379.0                        26.65
                    1383.5                        26.72
                    1388.0                        26.79
                    1392.5                        26.85
                    1397.0                        26.92
                    1401.5                        26.99
                    1406.0                        27.06
                    1410.5                        27.13
                    1415.0                        27.20
                    1419.5                        27.26
                    1424.0                        27.33
                    1428.5                        27.40
                    1433.0                        27.47
                    1437.5                        27.54
                    1442.0                        27.60
                    1446.5                        27.67
                    1451.0                        27.74
                    1455.5                        27.81
                    1460.0                        27.88
                    1464.5                        27.94
                    1469.0                        28.01
                    1473.5                        28.08
                    1478.0                        28.15
                    1482.5                        28.21
                    1487.0                        28.28
                    1491.5                        28.35
                    1496.0                        28.42
                    1500.5                        28.48
                    1505.0                        28.55
                    1509.5                        28.62
                    1514.0                        28.69
                    1518.5                        28.75
                    1523.0                        28.82
                    1527.5                        28.89
                    1532.0                        28.96
                    1536.5                        29.02
                    1541.0                        29.09
                    1545.5                        29.16
                    1550.0                        29.23
                    1554.5                        29.29
                    1559.0                        29.36
                    1563.5                        29.43
                    1568.0                        29.49
                    1572.5                        29.56
                    1577.0                        29.63
                    1581.5                        29.70
                    1586.0                        29.76
                    1590.5                        29.83
                    1595.0                        29.90
                    1599.5                        29.96
                    1604.0                        30.03
                    1608.5                        30.10
                    1613.0                        30.16
                    1617.5                        30.23
                    1622.0                        30.30
                    1626.5                        30.36
                    1631.0                        30.43
                    1635.5                        30.50
                    1640.0                        30.56
                    1644.5                        30.63
                    1649.0                        30.70
                    1653.5                        30.76
                    1658.0                        30.83
                    1662.5                        30.90
                    1667.0                        30.96
                    1671.5                        31.03
                    1676.0                        31.10
                    1680.5                        31.16
                    1685.0                        31.23
                    1689.5                        31.30
                    1694.0                        31.36
                    1698.5                        31.43
                    1703.0                        31.49
                    1707.5                        31.56
                    1712.0                        31.63
                    1716.5                        31.69
                    1721.0                        31.76
                    1725.5                        31.83
                    1730.0                        31.89
                    1734.5                        31.96
                    1739.0                        32.02
                    1743.5                        32.09
                    1748.0                        32.16
                    1752.5                        32.22
                    1757.0                        32.29
                    1761.5                        32.35
                    1766.0                        32.42
                    1770.5                        32.49
                    1775.0                        32.55
                    1779.5                        32.62
                    1784.0                        32.68
                    1788.5                        32.75
                    1793.0                        32.81
                    1797.5                        32.88
                    1802.0                        32.95
                    1806.5                        33.01
                    1811.0                        33.08
                    1815.5                        33.14
                    1820.0                        33.21
                    1824.5                        33.27
                    1829.0                        33.34
                    1833.5                        33.41
                    1838.0                        33.47
                    1842.5                        33.54
                    1847.0                        33.60
                    1851.5                        33.67
                    1856.0                        33.73
                    1860.5                        33.80
                    1865.0                        33.86
                    1869.5                        33.93
                    1874.0                        33.99
                    1878.5                        34.06
                    1883.0                        34.12
                    1887.5                        34.19
                    1892.0                        34.26
                    1896.5                        34.32
                    1901.0                        34.39
                    1905.5                        34.45
                    1910.0                        34.52
                    1914.5                        34.58
                    1919.0                        34.65
                    1923.5                        34.71
                    1928.0                        34.78
                    1932.5                        34.84
                    1937.0                        34.91
                    1941.5                        34.97
                    1946.0                        35.04
                    1950.5                        35.10
                    1955.0                        35.17
                    1959.5                        35.23
                    1964.0                        35.30
                    1968.5                        35.36
                    1973.0                        35.43
                    1977.5                        35.49
                    1982.0                        35.56
                    1986.5                        35.62
                    1991.0                        35.68
                    1995.5                        35.75
                    2000.0                        35.81
