
ELEMENT:
                                      Sr

SOURCE:
                           Tanuma, Powell and Penn
                    Surface Interface Anal. 21 (1994) 165.
                 IMFP values determined from TPP-2M equation
                                       

ATOMIC WEIGHT:                87.62000

DENSITY:                       2.6400 g/cm**3

TABULATION:

______________________________________________________________________________

                    Energy                         IMFP
                      eV                        Angstroms
______________________________________________________________________________
                      50.0                         5.66
                      54.9                         5.88
                      59.8                         6.09
                      64.6                         6.30
                      69.5                         6.51
                      74.4                         6.72
                      79.3                         6.93
                      84.1                         7.14
                      89.0                         7.34
                      93.9                         7.55
                      98.8                         7.76
                     103.6                         7.96
                     108.5                         8.16
                     113.4                         8.37
                     118.3                         8.57
                     123.1                         8.77
                     128.0                         8.97
                     132.9                         9.17
                     137.8                         9.37
                     142.6                         9.57
                     147.5                         9.77
                     152.4                         9.96
                     157.3                        10.16
                     162.1                        10.35
                     167.0                        10.55
                     171.9                        10.74
                     176.8                        10.93
                     181.6                        11.13
                     186.5                        11.32
                     191.4                        11.51
                     196.3                        11.70
                     201.1                        11.89
                     206.0                        12.08
                     210.9                        12.26
                     215.8                        12.45
                     220.6                        12.64
                     225.5                        12.82
                     230.4                        13.01
                     235.3                        13.19
                     240.1                        13.38
                     245.0                        13.56
                     249.9                        13.75
                     254.8                        13.93
                     259.6                        14.11
                     264.5                        14.29
                     269.4                        14.47
                     274.3                        14.65
                     279.1                        14.83
                     284.0                        15.01
                     288.9                        15.19
                     293.8                        15.37
                     298.6                        15.55
                     303.5                        15.73
                     308.4                        15.90
                     313.3                        16.08
                     318.1                        16.26
                     323.0                        16.43
                     327.9                        16.61
                     332.8                        16.78
                     337.6                        16.96
                     342.5                        17.13
                     347.4                        17.31
                     352.3                        17.48
                     357.1                        17.65
                     362.0                        17.83
                     366.9                        18.00
                     371.8                        18.17
                     376.6                        18.34
                     381.5                        18.52
                     386.4                        18.69
                     391.3                        18.86
                     396.1                        19.03
                     401.0                        19.20
                     405.9                        19.37
                     410.8                        19.54
                     415.6                        19.71
                     420.5                        19.87
                     425.4                        20.04
                     430.3                        20.21
                     435.1                        20.38
                     440.0                        20.55
                     444.9                        20.71
                     449.8                        20.88
                     454.6                        21.05
                     459.5                        21.21
                     464.4                        21.38
                     469.3                        21.55
                     474.1                        21.71
                     479.0                        21.88
                     483.9                        22.04
                     488.8                        22.21
                     493.6                        22.37
                     498.5                        22.53
                     503.4                        22.70
                     508.3                        22.86
                     513.1                        23.03
                     518.0                        23.19
                     522.9                        23.35
                     527.8                        23.51
                     532.6                        23.68
                     537.5                        23.84
                     542.4                        24.00
                     547.3                        24.16
                     552.1                        24.32
                     557.0                        24.49
                     561.9                        24.65
                     566.8                        24.81
                     571.6                        24.97
                     576.5                        25.13
                     581.4                        25.29
                     586.3                        25.45
                     591.1                        25.61
                     596.0                        25.77
                     600.9                        25.93
                     605.8                        26.09
                     610.6                        26.25
                     615.5                        26.41
                     620.4                        26.56
                     625.3                        26.72
                     630.1                        26.88
                     635.0                        27.04
                     639.9                        27.20
                     644.8                        27.35
                     649.6                        27.51
                     654.5                        27.67
                     659.4                        27.83
                     664.3                        27.98
                     669.1                        28.14
                     674.0                        28.30
                     678.9                        28.45
                     683.8                        28.61
                     688.6                        28.77
                     693.5                        28.92
                     698.4                        29.08
                     703.3                        29.23
                     708.1                        29.39
                     713.0                        29.54
                     717.9                        29.70
                     722.8                        29.85
                     727.6                        30.01
                     732.5                        30.16
                     737.4                        30.32
                     742.3                        30.47
                     747.1                        30.62
                     752.0                        30.78
                     756.9                        30.93
                     761.8                        31.09
                     766.6                        31.24
                     771.5                        31.39
                     776.4                        31.55
                     781.3                        31.70
                     786.1                        31.85
                     791.0                        32.00
                     795.9                        32.16
                     800.8                        32.31
                     805.6                        32.46
                     810.5                        32.61
                     815.4                        32.77
                     820.3                        32.92
                     825.1                        33.07
                     830.0                        33.22
                     834.9                        33.37
                     839.8                        33.52
                     844.6                        33.67
                     849.5                        33.83
                     854.4                        33.98
                     859.3                        34.13
                     864.1                        34.28
                     869.0                        34.43
                     873.9                        34.58
                     878.8                        34.73
                     883.6                        34.88
                     888.5                        35.03
                     893.4                        35.18
                     898.3                        35.33
                     903.1                        35.48
                     908.0                        35.63
                     912.9                        35.78
                     917.8                        35.93
                     922.6                        36.08
                     927.5                        36.22
                     932.4                        36.37
                     937.3                        36.52
                     942.1                        36.67
                     947.0                        36.82
                     951.9                        36.97
                     956.8                        37.12
                     961.6                        37.26
                     966.5                        37.41
                     971.4                        37.56
                     976.3                        37.71
                     981.1                        37.86
                     986.0                        38.00
                     990.9                        38.15
                     995.8                        38.30
                    1000.6                        38.45
                    1005.5                        38.59
                    1010.4                        38.74
                    1015.3                        38.89
                    1020.1                        39.03
                    1025.0                        39.18
                    1029.9                        39.33
                    1034.8                        39.47
                    1039.6                        39.62
                    1044.5                        39.77
                    1049.4                        39.91
                    1054.3                        40.06
                    1059.1                        40.20
                    1064.0                        40.35
                    1068.9                        40.50
                    1073.8                        40.64
                    1078.6                        40.79
                    1083.5                        40.93
                    1088.4                        41.08
                    1093.3                        41.22
                    1098.1                        41.37
                    1103.0                        41.51
                    1107.9                        41.66
                    1112.8                        41.80
                    1117.6                        41.95
                    1122.5                        42.09
                    1127.4                        42.24
                    1132.3                        42.38
                    1137.1                        42.53
                    1142.0                        42.67
                    1146.9                        42.82
                    1151.8                        42.96
                    1156.6                        43.10
                    1161.5                        43.25
                    1166.4                        43.39
                    1171.3                        43.54
                    1176.1                        43.68
                    1181.0                        43.82
                    1185.9                        43.97
                    1190.8                        44.11
                    1195.6                        44.25
                    1200.5                        44.40
                    1205.4                        44.54
                    1210.3                        44.68
                    1215.1                        44.83
                    1220.0                        44.97
                    1224.9                        45.11
                    1229.8                        45.26
                    1234.6                        45.40
                    1239.5                        45.54
                    1244.4                        45.68
                    1249.3                        45.83
                    1254.1                        45.97
                    1259.0                        46.11
                    1263.9                        46.25
                    1268.8                        46.39
                    1273.6                        46.54
                    1278.5                        46.68
                    1283.4                        46.82
                    1288.3                        46.96
                    1293.1                        47.10
                    1298.0                        47.25
                    1302.9                        47.39
                    1307.8                        47.53
                    1312.6                        47.67
                    1317.5                        47.81
                    1322.4                        47.95
                    1327.3                        48.09
                    1332.1                        48.23
                    1337.0                        48.38
                    1341.9                        48.52
                    1346.8                        48.66
                    1351.6                        48.80
                    1356.5                        48.94
                    1361.4                        49.08
                    1366.3                        49.22
                    1371.1                        49.36
                    1376.0                        49.50
                    1380.9                        49.64
                    1385.8                        49.78
                    1390.6                        49.92
                    1395.5                        50.06
                    1400.4                        50.20
                    1405.3                        50.34
                    1410.1                        50.48
                    1415.0                        50.62
                    1419.9                        50.76
                    1424.8                        50.90
                    1429.6                        51.04
                    1434.5                        51.18
                    1439.4                        51.32
                    1444.3                        51.46
                    1449.1                        51.60
                    1454.0                        51.74
                    1458.9                        51.88
                    1463.8                        52.02
                    1468.6                        52.16
                    1473.5                        52.29
                    1478.4                        52.43
                    1483.3                        52.57
                    1488.1                        52.71
                    1493.0                        52.85
                    1497.9                        52.99
                    1502.8                        53.13
                    1507.6                        53.27
                    1512.5                        53.40
                    1517.4                        53.54
                    1522.3                        53.68
                    1527.1                        53.82
                    1532.0                        53.96
                    1536.9                        54.10
                    1541.8                        54.23
                    1546.6                        54.37
                    1551.5                        54.51
                    1556.4                        54.65
                    1561.3                        54.79
                    1566.1                        54.92
                    1571.0                        55.06
                    1575.9                        55.20
                    1580.8                        55.34
                    1585.6                        55.47
                    1590.5                        55.61
                    1595.4                        55.75
                    1600.3                        55.89
                    1605.1                        56.02
                    1610.0                        56.16
                    1614.9                        56.30
                    1619.8                        56.44
                    1624.6                        56.57
                    1629.5                        56.71
                    1634.4                        56.85
                    1639.3                        56.98
                    1644.1                        57.12
                    1649.0                        57.26
                    1653.9                        57.39
                    1658.8                        57.53
                    1663.6                        57.67
                    1668.5                        57.80
                    1673.4                        57.94
                    1678.3                        58.08
                    1683.1                        58.21
                    1688.0                        58.35
                    1692.9                        58.49
                    1697.8                        58.62
                    1702.6                        58.76
                    1707.5                        58.89
                    1712.4                        59.03
                    1717.3                        59.17
                    1722.1                        59.30
                    1727.0                        59.44
                    1731.9                        59.57
                    1736.8                        59.71
                    1741.6                        59.85
                    1746.5                        59.98
                    1751.4                        60.12
                    1756.3                        60.25
                    1761.1                        60.39
                    1766.0                        60.52
                    1770.9                        60.66
                    1775.8                        60.79
                    1780.6                        60.93
                    1785.5                        61.06
                    1790.4                        61.20
                    1795.3                        61.33
                    1800.1                        61.47
                    1805.0                        61.60
                    1809.9                        61.74
                    1814.8                        61.87
                    1819.6                        62.01
                    1824.5                        62.14
                    1829.4                        62.28
                    1834.3                        62.41
                    1839.1                        62.55
                    1844.0                        62.68
                    1848.9                        62.82
                    1853.8                        62.95
                    1858.6                        63.09
                    1863.5                        63.22
                    1868.4                        63.35
                    1873.3                        63.49
                    1878.1                        63.62
                    1883.0                        63.76
                    1887.9                        63.89
                    1892.8                        64.03
                    1897.6                        64.16
                    1902.5                        64.29
                    1907.4                        64.43
                    1912.3                        64.56
                    1917.1                        64.70
                    1922.0                        64.83
                    1926.9                        64.96
                    1931.8                        65.10
                    1936.6                        65.23
                    1941.5                        65.36
                    1946.4                        65.50
                    1951.3                        65.63
                    1956.1                        65.76
                    1961.0                        65.90
                    1965.9                        66.03
                    1970.8                        66.16
                    1975.6                        66.30
                    1980.5                        66.43
                    1985.4                        66.56
                    1990.3                        66.70
                    1995.1                        66.83
                    2000.0                        66.96
