
ELEMENT:
                                      Tm

SOURCE:
                           Tanuma, Powell and Penn
                    Surface Interface Anal. 21 (1994) 165.
                 IMFP values determined from TPP-2M equation
                                       

ATOMIC WEIGHT:               168.93421

DENSITY:                       9.3200 g/cm**3

TABULATION:

______________________________________________________________________________

                    Energy                         IMFP
                      eV                        Angstroms
______________________________________________________________________________
                      50.0                         5.01
                      54.9                         4.93
                      59.8                         4.86
                      64.6                         4.81
                      69.5                         4.79
                      74.4                         4.78
                      79.3                         4.79
                      84.1                         4.81
                      89.0                         4.84
                      93.9                         4.88
                      98.8                         4.92
                     103.6                         4.97
                     108.5                         5.03
                     113.4                         5.08
                     118.3                         5.15
                     123.1                         5.21
                     128.0                         5.27
                     132.9                         5.34
                     137.8                         5.41
                     142.6                         5.48
                     147.5                         5.55
                     152.4                         5.63
                     157.3                         5.70
                     162.1                         5.77
                     167.0                         5.85
                     171.9                         5.93
                     176.8                         6.00
                     181.6                         6.08
                     186.5                         6.15
                     191.4                         6.23
                     196.3                         6.31
                     201.1                         6.39
                     206.0                         6.46
                     210.9                         6.54
                     215.8                         6.62
                     220.6                         6.70
                     225.5                         6.78
                     230.4                         6.85
                     235.3                         6.93
                     240.1                         7.01
                     245.0                         7.09
                     249.9                         7.17
                     254.8                         7.24
                     259.6                         7.32
                     264.5                         7.40
                     269.4                         7.48
                     274.3                         7.55
                     279.1                         7.63
                     284.0                         7.71
                     288.9                         7.79
                     293.8                         7.86
                     298.6                         7.94
                     303.5                         8.02
                     308.4                         8.10
                     313.3                         8.17
                     318.1                         8.25
                     323.0                         8.33
                     327.9                         8.40
                     332.8                         8.48
                     337.6                         8.56
                     342.5                         8.63
                     347.4                         8.71
                     352.3                         8.79
                     357.1                         8.86
                     362.0                         8.94
                     366.9                         9.01
                     371.8                         9.09
                     376.6                         9.17
                     381.5                         9.24
                     386.4                         9.32
                     391.3                         9.39
                     396.1                         9.47
                     401.0                         9.54
                     405.9                         9.62
                     410.8                         9.69
                     415.6                         9.77
                     420.5                         9.84
                     425.4                         9.92
                     430.3                         9.99
                     435.1                        10.07
                     440.0                        10.14
                     444.9                        10.21
                     449.8                        10.29
                     454.6                        10.36
                     459.5                        10.44
                     464.4                        10.51
                     469.3                        10.58
                     474.1                        10.66
                     479.0                        10.73
                     483.9                        10.80
                     488.8                        10.88
                     493.6                        10.95
                     498.5                        11.02
                     503.4                        11.10
                     508.3                        11.17
                     513.1                        11.24
                     518.0                        11.31
                     522.9                        11.39
                     527.8                        11.46
                     532.6                        11.53
                     537.5                        11.60
                     542.4                        11.68
                     547.3                        11.75
                     552.1                        11.82
                     557.0                        11.89
                     561.9                        11.96
                     566.8                        12.03
                     571.6                        12.11
                     576.5                        12.18
                     581.4                        12.25
                     586.3                        12.32
                     591.1                        12.39
                     596.0                        12.46
                     600.9                        12.53
                     605.8                        12.61
                     610.6                        12.68
                     615.5                        12.75
                     620.4                        12.82
                     625.3                        12.89
                     630.1                        12.96
                     635.0                        13.03
                     639.9                        13.10
                     644.8                        13.17
                     649.6                        13.24
                     654.5                        13.31
                     659.4                        13.38
                     664.3                        13.45
                     669.1                        13.52
                     674.0                        13.59
                     678.9                        13.66
                     683.8                        13.73
                     688.6                        13.80
                     693.5                        13.87
                     698.4                        13.94
                     703.3                        14.01
                     708.1                        14.08
                     713.0                        14.15
                     717.9                        14.22
                     722.8                        14.29
                     727.6                        14.36
                     732.5                        14.42
                     737.4                        14.49
                     742.3                        14.56
                     747.1                        14.63
                     752.0                        14.70
                     756.9                        14.77
                     761.8                        14.84
                     766.6                        14.91
                     771.5                        14.97
                     776.4                        15.04
                     781.3                        15.11
                     786.1                        15.18
                     791.0                        15.25
                     795.9                        15.32
                     800.8                        15.38
                     805.6                        15.45
                     810.5                        15.52
                     815.4                        15.59
                     820.3                        15.66
                     825.1                        15.72
                     830.0                        15.79
                     834.9                        15.86
                     839.8                        15.93
                     844.6                        15.99
                     849.5                        16.06
                     854.4                        16.13
                     859.3                        16.20
                     864.1                        16.26
                     869.0                        16.33
                     873.9                        16.40
                     878.8                        16.47
                     883.6                        16.53
                     888.5                        16.60
                     893.4                        16.67
                     898.3                        16.73
                     903.1                        16.80
                     908.0                        16.87
                     912.9                        16.93
                     917.8                        17.00
                     922.6                        17.07
                     927.5                        17.13
                     932.4                        17.20
                     937.3                        17.27
                     942.1                        17.33
                     947.0                        17.40
                     951.9                        17.47
                     956.8                        17.53
                     961.6                        17.60
                     966.5                        17.66
                     971.4                        17.73
                     976.3                        17.80
                     981.1                        17.86
                     986.0                        17.93
                     990.9                        18.00
                     995.8                        18.06
                    1000.6                        18.13
                    1005.5                        18.19
                    1010.4                        18.26
                    1015.3                        18.32
                    1020.1                        18.39
                    1025.0                        18.46
                    1029.9                        18.52
                    1034.8                        18.59
                    1039.6                        18.65
                    1044.5                        18.72
                    1049.4                        18.78
                    1054.3                        18.85
                    1059.1                        18.91
                    1064.0                        18.98
                    1068.9                        19.04
                    1073.8                        19.11
                    1078.6                        19.17
                    1083.5                        19.24
                    1088.4                        19.30
                    1093.3                        19.37
                    1098.1                        19.43
                    1103.0                        19.50
                    1107.9                        19.56
                    1112.8                        19.63
                    1117.6                        19.69
                    1122.5                        19.76
                    1127.4                        19.82
                    1132.3                        19.89
                    1137.1                        19.95
                    1142.0                        20.01
                    1146.9                        20.08
                    1151.8                        20.14
                    1156.6                        20.21
                    1161.5                        20.27
                    1166.4                        20.34
                    1171.3                        20.40
                    1176.1                        20.47
                    1181.0                        20.53
                    1185.9                        20.59
                    1190.8                        20.66
                    1195.6                        20.72
                    1200.5                        20.79
                    1205.4                        20.85
                    1210.3                        20.91
                    1215.1                        20.98
                    1220.0                        21.04
                    1224.9                        21.10
                    1229.8                        21.17
                    1234.6                        21.23
                    1239.5                        21.30
                    1244.4                        21.36
                    1249.3                        21.42
                    1254.1                        21.49
                    1259.0                        21.55
                    1263.9                        21.61
                    1268.8                        21.68
                    1273.6                        21.74
                    1278.5                        21.80
                    1283.4                        21.87
                    1288.3                        21.93
                    1293.1                        21.99
                    1298.0                        22.06
                    1302.9                        22.12
                    1307.8                        22.18
                    1312.6                        22.25
                    1317.5                        22.31
                    1322.4                        22.37
                    1327.3                        22.44
                    1332.1                        22.50
                    1337.0                        22.56
                    1341.9                        22.62
                    1346.8                        22.69
                    1351.6                        22.75
                    1356.5                        22.81
                    1361.4                        22.88
                    1366.3                        22.94
                    1371.1                        23.00
                    1376.0                        23.06
                    1380.9                        23.13
                    1385.8                        23.19
                    1390.6                        23.25
                    1395.5                        23.31
                    1400.4                        23.38
                    1405.3                        23.44
                    1410.1                        23.50
                    1415.0                        23.56
                    1419.9                        23.63
                    1424.8                        23.69
                    1429.6                        23.75
                    1434.5                        23.81
                    1439.4                        23.88
                    1444.3                        23.94
                    1449.1                        24.00
                    1454.0                        24.06
                    1458.9                        24.12
                    1463.8                        24.19
                    1468.6                        24.25
                    1473.5                        24.31
                    1478.4                        24.37
                    1483.3                        24.43
                    1488.1                        24.50
                    1493.0                        24.56
                    1497.9                        24.62
                    1502.8                        24.68
                    1507.6                        24.74
                    1512.5                        24.80
                    1517.4                        24.87
                    1522.3                        24.93
                    1527.1                        24.99
                    1532.0                        25.05
                    1536.9                        25.11
                    1541.8                        25.17
                    1546.6                        25.24
                    1551.5                        25.30
                    1556.4                        25.36
                    1561.3                        25.42
                    1566.1                        25.48
                    1571.0                        25.54
                    1575.9                        25.60
                    1580.8                        25.67
                    1585.6                        25.73
                    1590.5                        25.79
                    1595.4                        25.85
                    1600.3                        25.91
                    1605.1                        25.97
                    1610.0                        26.03
                    1614.9                        26.09
                    1619.8                        26.16
                    1624.6                        26.22
                    1629.5                        26.28
                    1634.4                        26.34
                    1639.3                        26.40
                    1644.1                        26.46
                    1649.0                        26.52
                    1653.9                        26.58
                    1658.8                        26.64
                    1663.6                        26.70
                    1668.5                        26.77
                    1673.4                        26.83
                    1678.3                        26.89
                    1683.1                        26.95
                    1688.0                        27.01
                    1692.9                        27.07
                    1697.8                        27.13
                    1702.6                        27.19
                    1707.5                        27.25
                    1712.4                        27.31
                    1717.3                        27.37
                    1722.1                        27.43
                    1727.0                        27.49
                    1731.9                        27.55
                    1736.8                        27.61
                    1741.6                        27.67
                    1746.5                        27.74
                    1751.4                        27.80
                    1756.3                        27.86
                    1761.1                        27.92
                    1766.0                        27.98
                    1770.9                        28.04
                    1775.8                        28.10
                    1780.6                        28.16
                    1785.5                        28.22
                    1790.4                        28.28
                    1795.3                        28.34
                    1800.1                        28.40
                    1805.0                        28.46
                    1809.9                        28.52
                    1814.8                        28.58
                    1819.6                        28.64
                    1824.5                        28.70
                    1829.4                        28.76
                    1834.3                        28.82
                    1839.1                        28.88
                    1844.0                        28.94
                    1848.9                        29.00
                    1853.8                        29.06
                    1858.6                        29.12
                    1863.5                        29.18
                    1868.4                        29.24
                    1873.3                        29.30
                    1878.1                        29.36
                    1883.0                        29.42
                    1887.9                        29.48
                    1892.8                        29.54
                    1897.6                        29.60
                    1902.5                        29.66
                    1907.4                        29.72
                    1912.3                        29.77
                    1917.1                        29.83
                    1922.0                        29.89
                    1926.9                        29.95
                    1931.8                        30.01
                    1936.6                        30.07
                    1941.5                        30.13
                    1946.4                        30.19
                    1951.3                        30.25
                    1956.1                        30.31
                    1961.0                        30.37
                    1965.9                        30.43
                    1970.8                        30.49
                    1975.6                        30.55
                    1980.5                        30.61
                    1985.4                        30.67
                    1990.3                        30.73
                    1995.1                        30.78
                    2000.0                        30.84
