
ELEMENT:
                                      W 

SOURCE:
                           Tanuma, Powell and Penn
                    Surface Interface Anal. 17 (1991) 911.
       IMFP values determined from optical data and a theoretical model
                                       

ATOMIC WEIGHT:               183.84000

DENSITY:                      19.3000 g/cm**3

TABULATION:

______________________________________________________________________________

                    Energy                         IMFP
                      eV                        Angstroms
______________________________________________________________________________
                      50.0                         5.05
                      54.9                         4.75
                      59.8                         4.54
                      64.6                         4.39
                      69.5                         4.28
                      74.4                         4.21
                      79.3                         4.16
                      84.1                         4.14
                      89.0                         4.12
                      93.9                         4.12
                      98.8                         4.13
                     103.6                         4.15
                     108.5                         4.17
                     113.4                         4.20
                     118.3                         4.23
                     123.1                         4.26
                     128.0                         4.30
                     132.9                         4.34
                     137.8                         4.38
                     142.6                         4.43
                     147.5                         4.47
                     152.4                         4.52
                     157.3                         4.57
                     162.1                         4.61
                     167.0                         4.66
                     171.9                         4.71
                     176.8                         4.77
                     181.6                         4.82
                     186.5                         4.87
                     191.4                         4.92
                     196.3                         4.97
                     201.1                         5.03
                     206.0                         5.08
                     210.9                         5.14
                     215.8                         5.19
                     220.6                         5.24
                     225.5                         5.30
                     230.4                         5.35
                     235.3                         5.41
                     240.1                         5.46
                     245.0                         5.52
                     249.9                         5.57
                     254.8                         5.62
                     259.6                         5.68
                     264.5                         5.73
                     269.4                         5.79
                     274.3                         5.84
                     279.1                         5.90
                     284.0                         5.95
                     288.9                         6.01
                     293.8                         6.06
                     298.6                         6.12
                     303.5                         6.17
                     308.4                         6.23
                     313.3                         6.28
                     318.1                         6.34
                     323.0                         6.39
                     327.9                         6.44
                     332.8                         6.50
                     337.6                         6.55
                     342.5                         6.61
                     347.4                         6.66
                     352.3                         6.72
                     357.1                         6.77
                     362.0                         6.82
                     366.9                         6.88
                     371.8                         6.93
                     376.6                         6.99
                     381.5                         7.04
                     386.4                         7.09
                     391.3                         7.15
                     396.1                         7.20
                     401.0                         7.25
                     405.9                         7.31
                     410.8                         7.36
                     415.6                         7.41
                     420.5                         7.47
                     425.4                         7.52
                     430.3                         7.57
                     435.1                         7.62
                     440.0                         7.68
                     444.9                         7.73
                     449.8                         7.78
                     454.6                         7.84
                     459.5                         7.89
                     464.4                         7.94
                     469.3                         7.99
                     474.1                         8.05
                     479.0                         8.10
                     483.9                         8.15
                     488.8                         8.20
                     493.6                         8.25
                     498.5                         8.31
                     503.4                         8.36
                     508.3                         8.41
                     513.1                         8.46
                     518.0                         8.51
                     522.9                         8.56
                     527.8                         8.62
                     532.6                         8.67
                     537.5                         8.72
                     542.4                         8.77
                     547.3                         8.82
                     552.1                         8.87
                     557.0                         8.92
                     561.9                         8.98
                     566.8                         9.03
                     571.6                         9.08
                     576.5                         9.13
                     581.4                         9.18
                     586.3                         9.23
                     591.1                         9.28
                     596.0                         9.33
                     600.9                         9.38
                     605.8                         9.43
                     610.6                         9.48
                     615.5                         9.53
                     620.4                         9.58
                     625.3                         9.63
                     630.1                         9.68
                     635.0                         9.73
                     639.9                         9.78
                     644.8                         9.83
                     649.6                         9.88
                     654.5                         9.93
                     659.4                         9.98
                     664.3                        10.03
                     669.1                        10.08
                     674.0                        10.13
                     678.9                        10.18
                     683.8                        10.23
                     688.6                        10.28
                     693.5                        10.33
                     698.4                        10.38
                     703.3                        10.43
                     708.1                        10.48
                     713.0                        10.53
                     717.9                        10.58
                     722.8                        10.63
                     727.6                        10.68
                     732.5                        10.73
                     737.4                        10.78
                     742.3                        10.82
                     747.1                        10.87
                     752.0                        10.92
                     756.9                        10.97
                     761.8                        11.02
                     766.6                        11.07
                     771.5                        11.12
                     776.4                        11.17
                     781.3                        11.21
                     786.1                        11.26
                     791.0                        11.31
                     795.9                        11.36
                     800.8                        11.41
                     805.6                        11.46
                     810.5                        11.50
                     815.4                        11.55
                     820.3                        11.60
                     825.1                        11.65
                     830.0                        11.70
                     834.9                        11.75
                     839.8                        11.79
                     844.6                        11.84
                     849.5                        11.89
                     854.4                        11.94
                     859.3                        11.99
                     864.1                        12.03
                     869.0                        12.08
                     873.9                        12.13
                     878.8                        12.18
                     883.6                        12.22
                     888.5                        12.27
                     893.4                        12.32
                     898.3                        12.37
                     903.1                        12.41
                     908.0                        12.46
                     912.9                        12.51
                     917.8                        12.56
                     922.6                        12.60
                     927.5                        12.65
                     932.4                        12.70
                     937.3                        12.74
                     942.1                        12.79
                     947.0                        12.84
                     951.9                        12.89
                     956.8                        12.93
                     961.6                        12.98
                     966.5                        13.03
                     971.4                        13.07
                     976.3                        13.12
                     981.1                        13.17
                     986.0                        13.21
                     990.9                        13.26
                     995.8                        13.31
                    1000.6                        13.35
                    1005.5                        13.40
                    1010.4                        13.45
                    1015.3                        13.49
                    1020.1                        13.54
                    1025.0                        13.59
                    1029.9                        13.63
                    1034.8                        13.68
                    1039.6                        13.73
                    1044.5                        13.77
                    1049.4                        13.82
                    1054.3                        13.87
                    1059.1                        13.91
                    1064.0                        13.96
                    1068.9                        14.00
                    1073.8                        14.05
                    1078.6                        14.10
                    1083.5                        14.14
                    1088.4                        14.19
                    1093.3                        14.23
                    1098.1                        14.28
                    1103.0                        14.33
                    1107.9                        14.37
                    1112.8                        14.42
                    1117.6                        14.46
                    1122.5                        14.51
                    1127.4                        14.56
                    1132.3                        14.60
                    1137.1                        14.65
                    1142.0                        14.69
                    1146.9                        14.74
                    1151.8                        14.78
                    1156.6                        14.83
                    1161.5                        14.88
                    1166.4                        14.92
                    1171.3                        14.97
                    1176.1                        15.01
                    1181.0                        15.06
                    1185.9                        15.10
                    1190.8                        15.15
                    1195.6                        15.19
                    1200.5                        15.24
                    1205.4                        15.28
                    1210.3                        15.33
                    1215.1                        15.37
                    1220.0                        15.42
                    1224.9                        15.46
                    1229.8                        15.51
                    1234.6                        15.55
                    1239.5                        15.60
                    1244.4                        15.64
                    1249.3                        15.69
                    1254.1                        15.73
                    1259.0                        15.78
                    1263.9                        15.82
                    1268.8                        15.87
                    1273.6                        15.91
                    1278.5                        15.96
                    1283.4                        16.00
                    1288.3                        16.05
                    1293.1                        16.09
                    1298.0                        16.14
                    1302.9                        16.18
                    1307.8                        16.23
                    1312.6                        16.27
                    1317.5                        16.32
                    1322.4                        16.36
                    1327.3                        16.41
                    1332.1                        16.45
                    1337.0                        16.50
                    1341.9                        16.54
                    1346.8                        16.58
                    1351.6                        16.63
                    1356.5                        16.67
                    1361.4                        16.72
                    1366.3                        16.76
                    1371.1                        16.81
                    1376.0                        16.85
                    1380.9                        16.89
                    1385.8                        16.94
                    1390.6                        16.98
                    1395.5                        17.03
                    1400.4                        17.07
                    1405.3                        17.12
                    1410.1                        17.16
                    1415.0                        17.20
                    1419.9                        17.25
                    1424.8                        17.29
                    1429.6                        17.34
                    1434.5                        17.38
                    1439.4                        17.42
                    1444.3                        17.47
                    1449.1                        17.51
                    1454.0                        17.56
                    1458.9                        17.60
                    1463.8                        17.64
                    1468.6                        17.69
                    1473.5                        17.73
                    1478.4                        17.78
                    1483.3                        17.82
                    1488.1                        17.86
                    1493.0                        17.91
                    1497.9                        17.95
                    1502.8                        17.99
                    1507.6                        18.04
                    1512.5                        18.08
                    1517.4                        18.12
                    1522.3                        18.17
                    1527.1                        18.21
                    1532.0                        18.26
                    1536.9                        18.30
                    1541.8                        18.34
                    1546.6                        18.39
                    1551.5                        18.43
                    1556.4                        18.47
                    1561.3                        18.52
                    1566.1                        18.56
                    1571.0                        18.60
                    1575.9                        18.65
                    1580.8                        18.69
                    1585.6                        18.73
                    1590.5                        18.78
                    1595.4                        18.82
                    1600.3                        18.86
                    1605.1                        18.91
                    1610.0                        18.95
                    1614.9                        18.99
                    1619.8                        19.04
                    1624.6                        19.08
                    1629.5                        19.12
                    1634.4                        19.16
                    1639.3                        19.21
                    1644.1                        19.25
                    1649.0                        19.29
                    1653.9                        19.34
                    1658.8                        19.38
                    1663.6                        19.42
                    1668.5                        19.47
                    1673.4                        19.51
                    1678.3                        19.55
                    1683.1                        19.59
                    1688.0                        19.64
                    1692.9                        19.68
                    1697.8                        19.72
                    1702.6                        19.77
                    1707.5                        19.81
                    1712.4                        19.85
                    1717.3                        19.89
                    1722.1                        19.94
                    1727.0                        19.98
                    1731.9                        20.02
                    1736.8                        20.07
                    1741.6                        20.11
                    1746.5                        20.15
                    1751.4                        20.19
                    1756.3                        20.24
                    1761.1                        20.28
                    1766.0                        20.32
                    1770.9                        20.36
                    1775.8                        20.41
                    1780.6                        20.45
                    1785.5                        20.49
                    1790.4                        20.53
                    1795.3                        20.58
                    1800.1                        20.62
                    1805.0                        20.66
                    1809.9                        20.70
                    1814.8                        20.75
                    1819.6                        20.79
                    1824.5                        20.83
                    1829.4                        20.87
                    1834.3                        20.91
                    1839.1                        20.96
                    1844.0                        21.00
                    1848.9                        21.04
                    1853.8                        21.08
                    1858.6                        21.13
                    1863.5                        21.17
                    1868.4                        21.21
                    1873.3                        21.25
                    1878.1                        21.29
                    1883.0                        21.34
                    1887.9                        21.38
                    1892.8                        21.42
                    1897.6                        21.46
                    1902.5                        21.50
                    1907.4                        21.55
                    1912.3                        21.59
                    1917.1                        21.63
                    1922.0                        21.67
                    1926.9                        21.71
                    1931.8                        21.76
                    1936.6                        21.80
                    1941.5                        21.84
                    1946.4                        21.88
                    1951.3                        21.92
                    1956.1                        21.97
                    1961.0                        22.01
                    1965.9                        22.05
                    1970.8                        22.09
                    1975.6                        22.13
                    1980.5                        22.18
                    1985.4                        22.22
                    1990.3                        22.26
                    1995.1                        22.30
                    2000.0                        22.34
