
ELEMENT:
                                      Pt

SOURCE:
                       Beilschmidt, Tilinin and Werner
                    Surface Interface Anal. 22 (1994) 120
           IMFPs determined from the intensity of the elastic peak
  Multiple elastic scattering accounted by the approximate analytical theory

COMMENT:
                                 Au reference

ATOMIC WEIGHT:               195.07800

DENSITY:                      21.5000 g/cm**3

TABULATION:

______________________________________________________________________________

                    Energy                         IMFP
                      eV                        Angstroms
______________________________________________________________________________
                     250.0                         5.46
                     253.1                         5.50
                     256.3                         5.54
                     259.4                         5.58
                     262.5                         5.62
                     265.6                         5.66
                     268.8                         5.70
                     271.9                         5.74
                     275.0                         5.78
                     278.1                         5.82
                     281.3                         5.86
                     284.4                         5.90
                     287.5                         5.94
                     290.6                         5.98
                     293.8                         6.02
                     296.9                         6.06
                     300.0                         6.10
                     303.1                         6.13
                     306.3                         6.17
                     309.4                         6.21
                     312.5                         6.25
                     315.6                         6.29
                     318.8                         6.33
                     321.9                         6.36
                     325.0                         6.40
                     328.1                         6.44
                     331.3                         6.47
                     334.4                         6.51
                     337.5                         6.55
                     340.6                         6.59
                     343.8                         6.62
                     346.9                         6.66
                     350.0                         6.70
                     353.1                         6.73
                     356.3                         6.77
                     359.4                         6.80
                     362.5                         6.84
                     365.6                         6.88
                     368.8                         6.91
                     371.9                         6.95
                     375.0                         6.98
                     378.1                         7.02
                     381.3                         7.05
                     384.4                         7.09
                     387.5                         7.12
                     390.6                         7.16
                     393.8                         7.19
                     396.9                         7.23
                     400.0                         7.26
                     403.1                         7.30
                     406.3                         7.33
                     409.4                         7.37
                     412.5                         7.40
                     415.6                         7.43
                     418.8                         7.47
                     421.9                         7.50
                     425.0                         7.54
                     428.1                         7.57
                     431.3                         7.60
                     434.4                         7.64
                     437.5                         7.67
                     440.6                         7.70
                     443.8                         7.74
                     446.9                         7.77
                     450.0                         7.80
                     453.1                         7.84
                     456.3                         7.87
                     459.4                         7.90
                     462.5                         7.93
                     465.6                         7.97
                     468.8                         8.00
                     471.9                         8.03
                     475.0                         8.06
                     478.1                         8.10
                     481.3                         8.13
                     484.4                         8.16
                     487.5                         8.19
                     490.6                         8.22
                     493.8                         8.26
                     496.9                         8.29
                     500.0                         8.32
                     503.1                         8.35
                     506.3                         8.38
                     509.4                         8.41
                     512.5                         8.45
                     515.6                         8.48
                     518.8                         8.51
                     521.9                         8.54
                     525.0                         8.57
                     528.1                         8.60
                     531.3                         8.63
                     534.4                         8.66
                     537.5                         8.69
                     540.6                         8.73
                     543.8                         8.76
                     546.9                         8.79
                     550.0                         8.82
                     553.1                         8.85
                     556.3                         8.88
                     559.4                         8.91
                     562.5                         8.94
                     565.6                         8.97
                     568.8                         9.00
                     571.9                         9.03
                     575.0                         9.06
                     578.1                         9.09
                     581.3                         9.12
                     584.4                         9.15
                     587.5                         9.18
                     590.6                         9.21
                     593.8                         9.24
                     596.9                         9.27
                     600.0                         9.30
                     603.1                         9.33
                     606.3                         9.36
                     609.4                         9.39
                     612.5                         9.41
                     615.6                         9.44
                     618.8                         9.47
                     621.9                         9.50
                     625.0                         9.53
                     628.1                         9.56
                     631.3                         9.59
                     634.4                         9.62
                     637.5                         9.65
                     640.6                         9.68
                     643.8                         9.70
                     646.9                         9.73
                     650.0                         9.76
                     653.1                         9.79
                     656.3                         9.82
                     659.4                         9.85
                     662.5                         9.88
                     665.6                         9.90
                     668.8                         9.93
                     671.9                         9.96
                     675.0                         9.99
                     678.1                        10.02
                     681.3                        10.04
                     684.4                        10.07
                     687.5                        10.10
                     690.6                        10.13
                     693.8                        10.16
                     696.9                        10.18
                     700.0                        10.21
                     703.1                        10.24
                     706.3                        10.27
                     709.4                        10.30
                     712.5                        10.32
                     715.6                        10.35
                     718.8                        10.38
                     721.9                        10.41
                     725.0                        10.43
                     728.1                        10.46
                     731.3                        10.49
                     734.4                        10.51
                     737.5                        10.54
                     740.6                        10.57
                     743.8                        10.60
                     746.9                        10.62
                     750.0                        10.65
                     753.1                        10.68
                     756.3                        10.70
                     759.4                        10.73
                     762.5                        10.76
                     765.6                        10.79
                     768.8                        10.81
                     771.9                        10.84
                     775.0                        10.87
                     778.1                        10.89
                     781.3                        10.92
                     784.4                        10.95
                     787.5                        10.97
                     790.6                        11.00
                     793.8                        11.02
                     796.9                        11.05
                     800.0                        11.08
                     803.1                        11.10
                     806.3                        11.13
                     809.4                        11.16
                     812.5                        11.18
                     815.6                        11.21
                     818.8                        11.23
                     821.9                        11.26
                     825.0                        11.29
                     828.1                        11.31
                     831.3                        11.34
                     834.4                        11.37
                     837.5                        11.39
                     840.6                        11.42
                     843.8                        11.44
                     846.9                        11.47
                     850.0                        11.49
                     853.1                        11.52
                     856.3                        11.55
                     859.4                        11.57
                     862.5                        11.60
                     865.6                        11.62
                     868.8                        11.65
                     871.9                        11.67
                     875.0                        11.70
                     878.1                        11.72
                     881.3                        11.75
                     884.4                        11.78
                     887.5                        11.80
                     890.6                        11.83
                     893.8                        11.85
                     896.9                        11.88
                     900.0                        11.90
                     903.1                        11.93
                     906.3                        11.95
                     909.4                        11.98
                     912.5                        12.00
                     915.6                        12.03
                     918.8                        12.05
                     921.9                        12.08
                     925.0                        12.10
                     928.1                        12.13
                     931.3                        12.15
                     934.4                        12.18
                     937.5                        12.20
                     940.6                        12.23
                     943.8                        12.25
                     946.9                        12.28
                     950.0                        12.30
                     953.1                        12.32
                     956.3                        12.35
                     959.4                        12.37
                     962.5                        12.40
                     965.6                        12.42
                     968.8                        12.45
                     971.9                        12.47
                     975.0                        12.50
                     978.1                        12.52
                     981.3                        12.54
                     984.4                        12.57
                     987.5                        12.59
                     990.6                        12.62
                     993.8                        12.64
                     996.9                        12.67
                    1000.0                        12.69
                    1003.1                        12.71
                    1006.3                        12.74
                    1009.4                        12.76
                    1012.5                        12.79
                    1015.6                        12.81
                    1018.8                        12.83
                    1021.9                        12.86
                    1025.0                        12.88
                    1028.1                        12.91
                    1031.3                        12.93
                    1034.4                        12.95
                    1037.5                        12.98
                    1040.6                        13.00
                    1043.8                        13.03
                    1046.9                        13.05
                    1050.0                        13.07
                    1053.1                        13.10
                    1056.3                        13.12
                    1059.4                        13.14
                    1062.5                        13.17
                    1065.6                        13.19
                    1068.8                        13.21
                    1071.9                        13.24
                    1075.0                        13.26
                    1078.1                        13.28
                    1081.3                        13.31
                    1084.4                        13.33
                    1087.5                        13.36
                    1090.6                        13.38
                    1093.8                        13.40
                    1096.9                        13.43
                    1100.0                        13.45
                    1103.1                        13.47
                    1106.3                        13.49
                    1109.4                        13.52
                    1112.5                        13.54
                    1115.6                        13.56
                    1118.8                        13.59
                    1121.9                        13.61
                    1125.0                        13.63
                    1128.1                        13.66
                    1131.3                        13.68
                    1134.4                        13.70
                    1137.5                        13.73
                    1140.6                        13.75
                    1143.8                        13.77
                    1146.9                        13.79
                    1150.0                        13.82
                    1153.1                        13.84
                    1156.3                        13.86
                    1159.4                        13.89
                    1162.5                        13.91
                    1165.6                        13.93
                    1168.8                        13.95
                    1171.9                        13.98
                    1175.0                        14.00
                    1178.1                        14.02
                    1181.3                        14.04
                    1184.4                        14.07
                    1187.5                        14.09
                    1190.6                        14.11
                    1193.8                        14.14
                    1196.9                        14.16
                    1200.0                        14.18
                    1203.1                        14.20
                    1206.3                        14.23
                    1209.4                        14.25
                    1212.5                        14.27
                    1215.6                        14.29
                    1218.8                        14.31
                    1221.9                        14.34
                    1225.0                        14.36
                    1228.1                        14.38
                    1231.3                        14.40
                    1234.4                        14.43
                    1237.5                        14.45
                    1240.6                        14.47
                    1243.8                        14.49
                    1246.9                        14.52
                    1250.0                        14.54
                    1253.1                        14.56
                    1256.3                        14.58
                    1259.4                        14.60
                    1262.5                        14.63
                    1265.6                        14.65
                    1268.8                        14.67
                    1271.9                        14.69
                    1275.0                        14.71
                    1278.1                        14.74
                    1281.3                        14.76
                    1284.4                        14.78
                    1287.5                        14.80
                    1290.6                        14.82
                    1293.8                        14.84
                    1296.9                        14.87
                    1300.0                        14.89
                    1303.1                        14.91
                    1306.3                        14.93
                    1309.4                        14.95
                    1312.5                        14.98
                    1315.6                        15.00
                    1318.8                        15.02
                    1321.9                        15.04
                    1325.0                        15.06
                    1328.1                        15.08
                    1331.3                        15.11
                    1334.4                        15.13
                    1337.5                        15.15
                    1340.6                        15.17
                    1343.8                        15.19
                    1346.9                        15.21
                    1350.0                        15.23
                    1353.1                        15.26
                    1356.3                        15.28
                    1359.4                        15.30
                    1362.5                        15.32
                    1365.6                        15.34
                    1368.8                        15.36
                    1371.9                        15.38
                    1375.0                        15.41
                    1378.1                        15.43
                    1381.3                        15.45
                    1384.4                        15.47
                    1387.5                        15.49
                    1390.6                        15.51
                    1393.8                        15.53
                    1396.9                        15.55
                    1400.0                        15.58
                    1403.1                        15.60
                    1406.3                        15.62
                    1409.4                        15.64
                    1412.5                        15.66
                    1415.6                        15.68
                    1418.8                        15.70
                    1421.9                        15.72
                    1425.0                        15.74
                    1428.1                        15.77
                    1431.3                        15.79
                    1434.4                        15.81
                    1437.5                        15.83
                    1440.6                        15.85
                    1443.8                        15.87
                    1446.9                        15.89
                    1450.0                        15.91
                    1453.1                        15.93
                    1456.3                        15.95
                    1459.4                        15.97
                    1462.5                        16.00
                    1465.6                        16.02
                    1468.8                        16.04
                    1471.9                        16.06
                    1475.0                        16.08
                    1478.1                        16.10
                    1481.3                        16.12
                    1484.4                        16.14
                    1487.5                        16.16
                    1490.6                        16.18
                    1493.8                        16.20
                    1496.9                        16.22
                    1500.0                        16.24
