
ELEMENT:
                                      Au

SOURCE:
                           Tanuma, Powell and Penn
                    Surface Interface Anal. 17 (1991) 911.
       IMFP values determined from optical data and a theoretical model
                                       

ATOMIC WEIGHT:               196.96655

DENSITY:                      19.3000 g/cm**3

TABULATION:

______________________________________________________________________________

                    Energy                         IMFP
                      eV                        Angstroms
______________________________________________________________________________
                      50.0                         6.54
                      54.9                         6.30
                      59.8                         5.97
                      64.6                         5.67
                      69.5                         5.41
                      74.4                         5.21
                      79.3                         5.05
                      84.1                         4.92
                      89.0                         4.83
                      93.9                         4.75
                      98.8                         4.70
                     103.6                         4.66
                     108.5                         4.64
                     113.4                         4.63
                     118.3                         4.62
                     123.1                         4.62
                     128.0                         4.63
                     132.9                         4.64
                     137.8                         4.66
                     142.6                         4.68
                     147.5                         4.71
                     152.4                         4.74
                     157.3                         4.77
                     162.1                         4.80
                     167.0                         4.84
                     171.9                         4.87
                     176.8                         4.91
                     181.6                         4.95
                     186.5                         4.99
                     191.4                         5.03
                     196.3                         5.07
                     201.1                         5.12
                     206.0                         5.16
                     210.9                         5.20
                     215.8                         5.25
                     220.6                         5.29
                     225.5                         5.34
                     230.4                         5.39
                     235.3                         5.43
                     240.1                         5.48
                     245.0                         5.53
                     249.9                         5.58
                     254.8                         5.62
                     259.6                         5.67
                     264.5                         5.72
                     269.4                         5.77
                     274.3                         5.82
                     279.1                         5.87
                     284.0                         5.92
                     288.9                         5.97
                     293.8                         6.02
                     298.6                         6.07
                     303.5                         6.11
                     308.4                         6.16
                     313.3                         6.21
                     318.1                         6.26
                     323.0                         6.31
                     327.9                         6.36
                     332.8                         6.41
                     337.6                         6.46
                     342.5                         6.51
                     347.4                         6.56
                     352.3                         6.61
                     357.1                         6.66
                     362.0                         6.71
                     366.9                         6.76
                     371.8                         6.81
                     376.6                         6.86
                     381.5                         6.91
                     386.4                         6.96
                     391.3                         7.01
                     396.1                         7.06
                     401.0                         7.11
                     405.9                         7.16
                     410.8                         7.21
                     415.6                         7.26
                     420.5                         7.31
                     425.4                         7.36
                     430.3                         7.41
                     435.1                         7.46
                     440.0                         7.51
                     444.9                         7.56
                     449.8                         7.61
                     454.6                         7.66
                     459.5                         7.71
                     464.4                         7.76
                     469.3                         7.81
                     474.1                         7.85
                     479.0                         7.90
                     483.9                         7.95
                     488.8                         8.00
                     493.6                         8.05
                     498.5                         8.10
                     503.4                         8.15
                     508.3                         8.20
                     513.1                         8.25
                     518.0                         8.30
                     522.9                         8.35
                     527.8                         8.39
                     532.6                         8.44
                     537.5                         8.49
                     542.4                         8.54
                     547.3                         8.59
                     552.1                         8.64
                     557.0                         8.69
                     561.9                         8.73
                     566.8                         8.78
                     571.6                         8.83
                     576.5                         8.88
                     581.4                         8.93
                     586.3                         8.98
                     591.1                         9.02
                     596.0                         9.07
                     600.9                         9.12
                     605.8                         9.17
                     610.6                         9.22
                     615.5                         9.26
                     620.4                         9.31
                     625.3                         9.36
                     630.1                         9.41
                     635.0                         9.46
                     639.9                         9.50
                     644.8                         9.55
                     649.6                         9.60
                     654.5                         9.65
                     659.4                         9.69
                     664.3                         9.74
                     669.1                         9.79
                     674.0                         9.84
                     678.9                         9.88
                     683.8                         9.93
                     688.6                         9.98
                     693.5                        10.03
                     698.4                        10.07
                     703.3                        10.12
                     708.1                        10.17
                     713.0                        10.21
                     717.9                        10.26
                     722.8                        10.31
                     727.6                        10.35
                     732.5                        10.40
                     737.4                        10.45
                     742.3                        10.50
                     747.1                        10.54
                     752.0                        10.59
                     756.9                        10.64
                     761.8                        10.68
                     766.6                        10.73
                     771.5                        10.77
                     776.4                        10.82
                     781.3                        10.87
                     786.1                        10.91
                     791.0                        10.96
                     795.9                        11.01
                     800.8                        11.05
                     805.6                        11.10
                     810.5                        11.15
                     815.4                        11.19
                     820.3                        11.24
                     825.1                        11.28
                     830.0                        11.33
                     834.9                        11.38
                     839.8                        11.42
                     844.6                        11.47
                     849.5                        11.51
                     854.4                        11.56
                     859.3                        11.61
                     864.1                        11.65
                     869.0                        11.70
                     873.9                        11.74
                     878.8                        11.79
                     883.6                        11.83
                     888.5                        11.88
                     893.4                        11.93
                     898.3                        11.97
                     903.1                        12.02
                     908.0                        12.06
                     912.9                        12.11
                     917.8                        12.15
                     922.6                        12.20
                     927.5                        12.24
                     932.4                        12.29
                     937.3                        12.33
                     942.1                        12.38
                     947.0                        12.42
                     951.9                        12.47
                     956.8                        12.51
                     961.6                        12.56
                     966.5                        12.60
                     971.4                        12.65
                     976.3                        12.69
                     981.1                        12.74
                     986.0                        12.78
                     990.9                        12.83
                     995.8                        12.87
                    1000.6                        12.92
                    1005.5                        12.96
                    1010.4                        13.01
                    1015.3                        13.05
                    1020.1                        13.10
                    1025.0                        13.14
                    1029.9                        13.19
                    1034.8                        13.23
                    1039.6                        13.28
                    1044.5                        13.32
                    1049.4                        13.37
                    1054.3                        13.41
                    1059.1                        13.45
                    1064.0                        13.50
                    1068.9                        13.54
                    1073.8                        13.59
                    1078.6                        13.63
                    1083.5                        13.68
                    1088.4                        13.72
                    1093.3                        13.76
                    1098.1                        13.81
                    1103.0                        13.85
                    1107.9                        13.90
                    1112.8                        13.94
                    1117.6                        13.99
                    1122.5                        14.03
                    1127.4                        14.07
                    1132.3                        14.12
                    1137.1                        14.16
                    1142.0                        14.21
                    1146.9                        14.25
                    1151.8                        14.29
                    1156.6                        14.34
                    1161.5                        14.38
                    1166.4                        14.42
                    1171.3                        14.47
                    1176.1                        14.51
                    1181.0                        14.56
                    1185.9                        14.60
                    1190.8                        14.64
                    1195.6                        14.69
                    1200.5                        14.73
                    1205.4                        14.77
                    1210.3                        14.82
                    1215.1                        14.86
                    1220.0                        14.90
                    1224.9                        14.95
                    1229.8                        14.99
                    1234.6                        15.03
                    1239.5                        15.08
                    1244.4                        15.12
                    1249.3                        15.16
                    1254.1                        15.21
                    1259.0                        15.25
                    1263.9                        15.29
                    1268.8                        15.34
                    1273.6                        15.38
                    1278.5                        15.42
                    1283.4                        15.47
                    1288.3                        15.51
                    1293.1                        15.55
                    1298.0                        15.60
                    1302.9                        15.64
                    1307.8                        15.68
                    1312.6                        15.73
                    1317.5                        15.77
                    1322.4                        15.81
                    1327.3                        15.85
                    1332.1                        15.90
                    1337.0                        15.94
                    1341.9                        15.98
                    1346.8                        16.03
                    1351.6                        16.07
                    1356.5                        16.11
                    1361.4                        16.15
                    1366.3                        16.20
                    1371.1                        16.24
                    1376.0                        16.28
                    1380.9                        16.32
                    1385.8                        16.37
                    1390.6                        16.41
                    1395.5                        16.45
                    1400.4                        16.50
                    1405.3                        16.54
                    1410.1                        16.58
                    1415.0                        16.62
                    1419.9                        16.67
                    1424.8                        16.71
                    1429.6                        16.75
                    1434.5                        16.79
                    1439.4                        16.84
                    1444.3                        16.88
                    1449.1                        16.92
                    1454.0                        16.96
                    1458.9                        17.00
                    1463.8                        17.05
                    1468.6                        17.09
                    1473.5                        17.13
                    1478.4                        17.17
                    1483.3                        17.22
                    1488.1                        17.26
                    1493.0                        17.30
                    1497.9                        17.34
                    1502.8                        17.38
                    1507.6                        17.43
                    1512.5                        17.47
                    1517.4                        17.51
                    1522.3                        17.55
                    1527.1                        17.59
                    1532.0                        17.64
                    1536.9                        17.68
                    1541.8                        17.72
                    1546.6                        17.76
                    1551.5                        17.80
                    1556.4                        17.85
                    1561.3                        17.89
                    1566.1                        17.93
                    1571.0                        17.97
                    1575.9                        18.01
                    1580.8                        18.05
                    1585.6                        18.10
                    1590.5                        18.14
                    1595.4                        18.18
                    1600.3                        18.22
                    1605.1                        18.26
                    1610.0                        18.31
                    1614.9                        18.35
                    1619.8                        18.39
                    1624.6                        18.43
                    1629.5                        18.47
                    1634.4                        18.51
                    1639.3                        18.55
                    1644.1                        18.60
                    1649.0                        18.64
                    1653.9                        18.68
                    1658.8                        18.72
                    1663.6                        18.76
                    1668.5                        18.80
                    1673.4                        18.85
                    1678.3                        18.89
                    1683.1                        18.93
                    1688.0                        18.97
                    1692.9                        19.01
                    1697.8                        19.05
                    1702.6                        19.09
                    1707.5                        19.13
                    1712.4                        19.18
                    1717.3                        19.22
                    1722.1                        19.26
                    1727.0                        19.30
                    1731.9                        19.34
                    1736.8                        19.38
                    1741.6                        19.42
                    1746.5                        19.46
                    1751.4                        19.51
                    1756.3                        19.55
                    1761.1                        19.59
                    1766.0                        19.63
                    1770.9                        19.67
                    1775.8                        19.71
                    1780.6                        19.75
                    1785.5                        19.79
                    1790.4                        19.83
                    1795.3                        19.87
                    1800.1                        19.92
                    1805.0                        19.96
                    1809.9                        20.00
                    1814.8                        20.04
                    1819.6                        20.08
                    1824.5                        20.12
                    1829.4                        20.16
                    1834.3                        20.20
                    1839.1                        20.24
                    1844.0                        20.28
                    1848.9                        20.32
                    1853.8                        20.36
                    1858.6                        20.41
                    1863.5                        20.45
                    1868.4                        20.49
                    1873.3                        20.53
                    1878.1                        20.57
                    1883.0                        20.61
                    1887.9                        20.65
                    1892.8                        20.69
                    1897.6                        20.73
                    1902.5                        20.77
                    1907.4                        20.81
                    1912.3                        20.85
                    1917.1                        20.89
                    1922.0                        20.93
                    1926.9                        20.97
                    1931.8                        21.01
                    1936.6                        21.06
                    1941.5                        21.10
                    1946.4                        21.14
                    1951.3                        21.18
                    1956.1                        21.22
                    1961.0                        21.26
                    1965.9                        21.30
                    1970.8                        21.34
                    1975.6                        21.38
                    1980.5                        21.42
                    1985.4                        21.46
                    1990.3                        21.50
                    1995.1                        21.54
                    2000.0                        21.58
