75	5.139	5.147	5.081	1.421	1.42	1.417
80	119.9	119.9	119.5	0.6303	0.6303	0.6337
85	50.8	50.77	50.55	0.507	0.5067	0.5122
90	21.34	21.33	21.21	0.6682	0.668	0.6706
95	12.63	12.64	12.55	0.8979	0.898	0.8973
100	8.142	8.15	8.079	1.141	1.141	1.138
105	5.369	5.373	5.316	1.376	1.376	1.371
110	3.581	3.581	3.535	1.589	1.589	1.585
115	2.42	2.417	2.379	1.767	1.767	1.764
120	1.662	1.658	1.627	1.887	1.887	1.887
125	1.166	1.162	1.136	1.921	1.92	1.923
130	0.8429	0.8397	0.8179	1.826	1.825	1.829
132.3	0.7355	0.7327	0.7127	1.729	1.728	1.731
135	0.6354	0.6331	0.6149	1.567	1.565	1.566
140	0.5075	0.5061	0.4909	1.136	1.134	1.128
145	0.4352	0.4344	0.4218	0.5937	0.5927	0.5768
150	0.4017	0.4014	0.3909	0.05422	0.05512	0.03256
151.4	0.3976	0.3974	0.3874	-0.08083	-0.0794	-0.1027
155	0.3952	0.3952	0.3865	-0.3768	-0.3744	-0.3972
160	0.407	0.4071	0.3999	-0.6552	-0.6526	-0.6704
165	0.4307	0.4308	0.4251	-0.795	-0.7931	-0.8039
170	0.4618	0.462	0.4574	-0.834	-0.8332	-0.8374
175	0.4971	0.4973	0.4938	-0.8094	-0.8095	-0.8085
180	0.5342	0.5347	0.532	-0.7486	-0.7493	-0.7444
185	0.5717	0.5724	0.5706	-0.6691	-0.6701	-0.6627
190	0.6086	0.6096	0.6085	-0.5818	-0.5827	-0.5737
195	0.6443	0.6455	0.645	-0.4926	-0.4932	-0.4833
200	0.6782	0.6797	0.6797	-0.405	-0.4051	-0.3949
205	0.7101	0.7117	0.7122	-0.3207	-0.3203	-0.3101
210	0.7398	0.7416	0.7424	-0.2405	-0.2397	-0.2297
215	0.7672	0.769	0.7702	-0.1649	-0.1637	-0.154
220	0.7923	0.794	0.7955	-0.09378	-0.09233	-0.08308
225	0.815	0.8165	0.8182	-0.02714	-0.02552	-0.01678
230	0.8353	0.8364	0.8384	0.03524	0.03694	0.04513
235	0.8532	0.8539	0.8561	0.0936	0.09527	0.1029
240	0.8687	0.8691	0.8714	0.1482	0.1497	0.1569
245	0.8821	0.882	0.8844	0.1993	0.2007	0.2073
250	0.8934	0.8928	0.8953	0.2471	0.2483	0.2544
255	0.9026	0.9016	0.9043	0.2919	0.2929	0.2985
260	0.91	0.9086	0.9114	0.334	0.3347	0.3399
265	0.9157	0.914	0.9169	0.3735	0.3739	0.3787
270	0.9197	0.9179	0.9208	0.4107	0.4109	0.4153
275	0.9223	0.9204	0.9234	0.4457	0.4457	0.4497
280	0.9236	0.9216	0.9247	0.4788	0.4786	0.4823
285	0.9236	0.9217	0.9249	0.51	0.5097	0.5131
290	0.9226	0.9209	0.9241	0.5396	0.5392	0.5423
295	0.9205	0.9191	0.9223	0.5677	0.5673	0.57
300	0.9176	0.9164	0.9197	0.5944	0.5939	0.5964
305	0.9138	0.913	0.9162	0.6198	0.6193	0.6216
310	0.9093	0.9088	0.9121	0.644	0.6435	0.6456
315	0.9041	0.904	0.9073	0.6671	0.6667	0.6685
320	0.8983	0.8987	0.9019	0.6892	0.6888	0.6904
325	0.8921	0.8927	0.8959	0.7103	0.71	0.7113
330	0.8853	0.8863	0.8895	0.7305	0.7302	0.7314
335	0.8782	0.8794	0.8825	0.7498	0.7496	0.7506
340	0.8707	0.8721	0.8752	0.7684	0.7683	0.7691
345	0.8629	0.8644	0.8675	0.7862	0.7861	0.7868
350	0.8549	0.8564	0.8594	0.8033	0.8032	0.8037
355	0.8466	0.8481	0.8511	0.8197	0.8197	0.82
360	0.8382	0.8396	0.8425	0.8355	0.8355	0.8357
365	0.8296	0.8309	0.8337	0.8507	0.8507	0.8507
370	0.8209	0.822	0.8248	0.8653	0.8653	0.8652
380	0.8032	0.8038	0.8065	0.8929	0.8928	0.8925
400	0.767	0.7666	0.7691	0.9422	0.9421	0.9413
420	0.7304	0.7292	0.7316	0.985	0.9848	0.9837
440	0.6937	0.6923	0.6945	1.022	1.022	1.021
460	0.6572	0.6563	0.6584	1.055	1.055	1.054
480	0.6215	0.6215	0.6235	1.084	1.084	1.083
500	0.5874	0.5882	0.59	1.11	1.111	1.109
520	0.5552	0.5565	0.5582	1.133	1.134	1.132
540	0.5252	0.5264	0.528	1.154	1.155	1.152
560	0.4974	0.4981	0.4995	1.173	1.173	1.171
580	0.4713	0.4714	0.4726	1.191	1.19	1.187
600	0.4468	0.4462	0.4474	1.206	1.205	1.202
620	0.4236	0.4224	0.4235	1.22	1.218	1.216
640	0.4014	0.4001	0.4011	1.232	1.23	1.228
660	0.3802	0.379	0.3801	1.242	1.241	1.239
680	0.3601	0.3593	0.3603	1.252	1.251	1.249
700	0.341	0.3409	0.3418	1.26	1.26	1.258
720	0.3232	0.3235	0.3244	1.267	1.269	1.266
740	0.3066	0.3073	0.308	1.275	1.276	1.274
760	0.2912	0.292	0.2927	1.281	1.283	1.28
780	0.2769	0.2776	0.2782	1.288	1.289	1.286
800	0.2637	0.2641	0.2647	1.294	1.294	1.292
850	0.2341	0.2336	0.2341	1.307	1.305	1.303
900	0.2082	0.2074	0.2079	1.316	1.314	1.311
950	0.185	0.1848	0.1852	1.32	1.32	1.317
1000	0.1649	0.1653	0.1656	1.322	1.324	1.322
1041	0.1506	0.1511	0.1514	1.324	1.326	1.324
1050	0.1478	0.1483	0.1485	1.325	1.327	1.324
1100	0.1334	0.1334	0.1336	1.328	1.328	1.326
1150	0.1208	0.1204	0.1206	1.331	1.328	1.326
1200	0.1094	0.109	0.1091	1.33	1.328	1.326
1250	0.09897	0.09887	0.09903	1.327	1.326	1.324
1253.6	0.09826	0.09819	0.09835	1.327	1.326	1.324
1300	0.08964	0.08995	0.09008	1.322	1.324	1.322
1350	0.08158	0.08204	0.08214	1.318	1.321	1.319
1400	0.07474	0.07502	0.0751	1.315	1.318	1.316
1450	0.06879	0.06874	0.0688	1.314	1.315	1.313
1486.6	0.06479	0.06455	0.0646	1.313	1.312	1.31
1500	0.06337	0.06309	0.06315	1.313	1.311	1.309
