
ELEMENT:
                                      Si

SOURCE:
                      Elastic peak electron spectroscopy
                                       
           IMFPs determined from the intensity of the elastic peak
       Multiple elastic scattering simulated by the Monte Carlo method

COMMENT:
      Koch, Thesis, Eberhard-Karls-Universitat, Tubingen, Germany (1996)

ATOMIC WEIGHT:                28.08550

DENSITY:                       2.3290 g/cm**3

TABULATION:

______________________________________________________________________________

                    Energy                         IMFP
                      eV                        Angstroms
______________________________________________________________________________
                     600.0                        15.46
                     604.0                        15.55
                     608.0                        15.64
                     612.0                        15.73
                     616.0                        15.81
                     620.0                        15.90
                     624.0                        15.99
                     628.0                        16.08
                     632.0                        16.17
                     636.0                        16.25
                     640.0                        16.34
                     644.0                        16.43
                     648.0                        16.52
                     652.0                        16.60
                     656.0                        16.69
                     660.0                        16.78
                     664.0                        16.87
                     668.0                        16.95
                     672.0                        17.04
                     676.0                        17.13
                     680.0                        17.21
                     684.0                        17.30
                     688.0                        17.39
                     692.0                        17.48
                     696.0                        17.56
                     700.0                        17.65
                     704.0                        17.74
                     708.0                        17.82
                     712.0                        17.91
                     716.0                        17.99
                     720.0                        18.08
                     724.0                        18.17
                     728.0                        18.25
                     732.0                        18.34
                     736.0                        18.43
                     740.0                        18.51
                     744.0                        18.60
                     748.0                        18.68
                     752.0                        18.77
                     756.0                        18.85
                     760.0                        18.94
                     764.0                        19.03
                     768.0                        19.11
                     772.0                        19.20
                     776.0                        19.28
                     780.0                        19.37
                     784.0                        19.45
                     788.0                        19.54
                     792.0                        19.62
                     796.0                        19.71
                     800.0                        19.79
                     804.0                        19.88
                     808.0                        19.96
                     812.0                        20.05
                     816.0                        20.13
                     820.0                        20.22
                     824.0                        20.30
                     828.0                        20.39
                     832.0                        20.47
                     836.0                        20.56
                     840.0                        20.64
                     844.0                        20.73
                     848.0                        20.81
                     852.0                        20.89
                     856.0                        20.98
                     860.0                        21.06
                     864.0                        21.15
                     868.0                        21.23
                     872.0                        21.31
                     876.0                        21.40
                     880.0                        21.48
                     884.0                        21.57
                     888.0                        21.65
                     892.0                        21.73
                     896.0                        21.82
                     900.0                        21.90
                     904.0                        21.98
                     908.0                        22.07
                     912.0                        22.15
                     916.0                        22.24
                     920.0                        22.32
                     924.0                        22.40
                     928.0                        22.49
                     932.0                        22.57
                     936.0                        22.65
                     940.0                        22.73
                     944.0                        22.82
                     948.0                        22.90
                     952.0                        22.98
                     956.0                        23.07
                     960.0                        23.15
                     964.0                        23.23
                     968.0                        23.32
                     972.0                        23.40
                     976.0                        23.48
                     980.0                        23.56
                     984.0                        23.65
                     988.0                        23.73
                     992.0                        23.81
                     996.0                        23.89
                    1000.0                        23.98
                    1004.0                        24.06
                    1008.0                        24.14
                    1012.0                        24.22
                    1016.0                        24.30
                    1020.0                        24.39
                    1024.0                        24.47
                    1028.0                        24.55
                    1032.0                        24.63
                    1036.0                        24.72
                    1040.0                        24.80
                    1044.0                        24.88
                    1048.0                        24.96
                    1052.0                        25.04
                    1056.0                        25.12
                    1060.0                        25.21
                    1064.0                        25.29
                    1068.0                        25.37
                    1072.0                        25.45
                    1076.0                        25.53
                    1080.0                        25.61
                    1084.0                        25.70
                    1088.0                        25.78
                    1092.0                        25.86
                    1096.0                        25.94
                    1100.0                        26.02
                    1104.0                        26.10
                    1108.0                        26.18
                    1112.0                        26.27
                    1116.0                        26.35
                    1120.0                        26.43
                    1124.0                        26.51
                    1128.0                        26.59
                    1132.0                        26.67
                    1136.0                        26.75
                    1140.0                        26.83
                    1144.0                        26.91
                    1148.0                        26.99
                    1152.0                        27.07
                    1156.0                        27.16
                    1160.0                        27.24
                    1164.0                        27.32
                    1168.0                        27.40
                    1172.0                        27.48
                    1176.0                        27.56
                    1180.0                        27.64
                    1184.0                        27.72
                    1188.0                        27.80
                    1192.0                        27.88
                    1196.0                        27.96
                    1200.0                        28.04
                    1204.0                        28.12
                    1208.0                        28.20
                    1212.0                        28.28
                    1216.0                        28.36
                    1220.0                        28.44
                    1224.0                        28.52
                    1228.0                        28.60
                    1232.0                        28.68
                    1236.0                        28.76
                    1240.0                        28.84
                    1244.0                        28.92
                    1248.0                        29.00
                    1252.0                        29.08
                    1256.0                        29.16
                    1260.0                        29.24
                    1264.0                        29.32
                    1268.0                        29.40
                    1272.0                        29.48
                    1276.0                        29.56
                    1280.0                        29.64
                    1284.0                        29.72
                    1288.0                        29.80
                    1292.0                        29.88
                    1296.0                        29.96
                    1300.0                        30.04
                    1304.0                        30.12
                    1308.0                        30.20
                    1312.0                        30.27
                    1316.0                        30.35
                    1320.0                        30.43
                    1324.0                        30.51
                    1328.0                        30.59
                    1332.0                        30.67
                    1336.0                        30.75
                    1340.0                        30.83
                    1344.0                        30.91
                    1348.0                        30.99
                    1352.0                        31.07
                    1356.0                        31.14
                    1360.0                        31.22
                    1364.0                        31.30
                    1368.0                        31.38
                    1372.0                        31.46
                    1376.0                        31.54
                    1380.0                        31.62
                    1384.0                        31.70
                    1388.0                        31.78
                    1392.0                        31.85
                    1396.0                        31.93
                    1400.0                        32.01
                    1404.0                        32.09
                    1408.0                        32.17
                    1412.0                        32.25
                    1416.0                        32.32
                    1420.0                        32.40
                    1424.0                        32.48
                    1428.0                        32.56
                    1432.0                        32.64
                    1436.0                        32.72
                    1440.0                        32.79
                    1444.0                        32.87
                    1448.0                        32.95
                    1452.0                        33.03
                    1456.0                        33.11
                    1460.0                        33.19
                    1464.0                        33.26
                    1468.0                        33.34
                    1472.0                        33.42
                    1476.0                        33.50
                    1480.0                        33.58
                    1484.0                        33.65
                    1488.0                        33.73
                    1492.0                        33.81
                    1496.0                        33.89
                    1500.0                        33.97
                    1504.0                        34.04
                    1508.0                        34.12
                    1512.0                        34.20
                    1516.0                        34.28
                    1520.0                        34.35
                    1524.0                        34.43
                    1528.0                        34.51
                    1532.0                        34.59
                    1536.0                        34.66
                    1540.0                        34.74
                    1544.0                        34.82
                    1548.0                        34.90
                    1552.0                        34.97
                    1556.0                        35.05
                    1560.0                        35.13
                    1564.0                        35.21
                    1568.0                        35.28
                    1572.0                        35.36
                    1576.0                        35.44
                    1580.0                        35.52
                    1584.0                        35.59
                    1588.0                        35.67
                    1592.0                        35.75
                    1596.0                        35.82
                    1600.0                        35.90
                    1604.0                        35.98
                    1608.0                        36.06
                    1612.0                        36.13
                    1616.0                        36.21
                    1620.0                        36.29
                    1624.0                        36.36
                    1628.0                        36.44
                    1632.0                        36.52
                    1636.0                        36.59
                    1640.0                        36.67
                    1644.0                        36.75
                    1648.0                        36.82
                    1652.0                        36.90
                    1656.0                        36.98
                    1660.0                        37.05
                    1664.0                        37.13
                    1668.0                        37.21
                    1672.0                        37.28
                    1676.0                        37.36
                    1680.0                        37.44
                    1684.0                        37.51
                    1688.0                        37.59
                    1692.0                        37.67
                    1696.0                        37.74
                    1700.0                        37.82
                    1704.0                        37.90
                    1708.0                        37.97
                    1712.0                        38.05
                    1716.0                        38.13
                    1720.0                        38.20
                    1724.0                        38.28
                    1728.0                        38.36
                    1732.0                        38.43
                    1736.0                        38.51
                    1740.0                        38.58
                    1744.0                        38.66
                    1748.0                        38.74
                    1752.0                        38.81
                    1756.0                        38.89
                    1760.0                        38.96
                    1764.0                        39.04
                    1768.0                        39.12
                    1772.0                        39.19
                    1776.0                        39.27
                    1780.0                        39.34
                    1784.0                        39.42
                    1788.0                        39.50
                    1792.0                        39.57
                    1796.0                        39.65
                    1800.0                        39.72
                    1804.0                        39.80
                    1808.0                        39.88
                    1812.0                        39.95
                    1816.0                        40.03
                    1820.0                        40.10
                    1824.0                        40.18
                    1828.0                        40.25
                    1832.0                        40.33
                    1836.0                        40.41
                    1840.0                        40.48
                    1844.0                        40.56
                    1848.0                        40.63
                    1852.0                        40.71
                    1856.0                        40.78
                    1860.0                        40.86
                    1864.0                        40.93
                    1868.0                        41.01
                    1872.0                        41.09
                    1876.0                        41.16
                    1880.0                        41.24
                    1884.0                        41.31
                    1888.0                        41.39
                    1892.0                        41.46
                    1896.0                        41.54
                    1900.0                        41.61
                    1904.0                        41.69
                    1908.0                        41.76
                    1912.0                        41.84
                    1916.0                        41.91
                    1920.0                        41.99
                    1924.0                        42.06
                    1928.0                        42.14
                    1932.0                        42.21
                    1936.0                        42.29
                    1940.0                        42.36
                    1944.0                        42.44
                    1948.0                        42.51
                    1952.0                        42.59
                    1956.0                        42.66
                    1960.0                        42.74
                    1964.0                        42.81
                    1968.0                        42.89
                    1972.0                        42.96
                    1976.0                        43.04
                    1980.0                        43.11
                    1984.0                        43.19
                    1988.0                        43.26
                    1992.0                        43.34
                    1996.0                        43.41
                    2000.0                        43.49
                    2004.0                        43.56
                    2008.0                        43.64
                    2012.0                        43.71
                    2016.0                        43.79
                    2020.0                        43.86
                    2024.0                        43.93
                    2028.0                        44.01
                    2032.0                        44.08
                    2036.0                        44.16
                    2040.0                        44.23
                    2044.0                        44.31
                    2048.0                        44.38
                    2052.0                        44.46
                    2056.0                        44.53
                    2060.0                        44.61
                    2064.0                        44.68
                    2068.0                        44.75
                    2072.0                        44.83
                    2076.0                        44.90
                    2080.0                        44.98
                    2084.0                        45.05
                    2088.0                        45.13
                    2092.0                        45.20
                    2096.0                        45.27
                    2100.0                        45.35
                    2104.0                        45.42
                    2108.0                        45.50
                    2112.0                        45.57
                    2116.0                        45.64
                    2120.0                        45.72
                    2124.0                        45.79
                    2128.0                        45.87
                    2132.0                        45.94
                    2136.0                        46.02
                    2140.0                        46.09
                    2144.0                        46.16
                    2148.0                        46.24
                    2152.0                        46.31
                    2156.0                        46.39
                    2160.0                        46.46
                    2164.0                        46.53
                    2168.0                        46.61
                    2172.0                        46.68
                    2176.0                        46.75
                    2180.0                        46.83
                    2184.0                        46.90
                    2188.0                        46.98
                    2192.0                        47.05
                    2196.0                        47.12
                    2200.0                        47.20
