
ELEMENT:
                                      Mo

SOURCE:
                      Elastic peak electron spectroscopy
                                       
           IMFPs determined from the intensity of the elastic peak
       Multiple elastic scattering simulated by the Monte Carlo method

COMMENT:
       Lesiak et al., Proc. ECASIA 95, Wiley, Chichester (1996), p. 619

ATOMIC WEIGHT:                95.94000

DENSITY:                      10.2000 g/cm**3

TABULATION:

______________________________________________________________________________

                    Energy                         IMFP
                      eV                        Angstroms
______________________________________________________________________________
                      50.0                         4.44
                      54.9                         4.62
                      59.8                         4.79
                      64.6                         4.95
                      69.5                         5.11
                      74.4                         5.26
                      79.3                         5.40
                      84.1                         5.54
                      89.0                         5.67
                      93.9                         5.80
                      98.8                         5.93
                     103.6                         6.05
                     108.5                         6.17
                     113.4                         6.29
                     118.3                         6.40
                     123.1                         6.51
                     128.0                         6.62
                     132.9                         6.73
                     137.8                         6.83
                     142.6                         6.93
                     147.5                         7.03
                     152.4                         7.13
                     157.3                         7.23
                     162.1                         7.32
                     167.0                         7.41
                     171.9                         7.50
                     176.8                         7.59
                     181.6                         7.68
                     186.5                         7.77
                     191.4                         7.85
                     196.3                         7.94
                     201.1                         8.02
                     206.0                         8.10
                     210.9                         8.19
                     215.8                         8.26
                     220.6                         8.34
                     225.5                         8.42
                     230.4                         8.50
                     235.3                         8.57
                     240.1                         8.65
                     245.0                         8.72
                     249.9                         8.80
                     254.8                         8.87
                     259.6                         8.94
                     264.5                         9.01
                     269.4                         9.08
                     274.3                         9.15
                     279.1                         9.22
                     284.0                         9.29
                     288.9                         9.36
                     293.8                         9.42
                     298.6                         9.49
                     303.5                         9.55
                     308.4                         9.62
                     313.3                         9.68
                     318.1                         9.75
                     323.0                         9.81
                     327.9                         9.87
                     332.8                         9.94
                     337.6                        10.00
                     342.5                        10.06
                     347.4                        10.12
                     352.3                        10.18
                     357.1                        10.24
                     362.0                        10.30
                     366.9                        10.36
                     371.8                        10.42
                     376.6                        10.47
                     381.5                        10.53
                     386.4                        10.59
                     391.3                        10.64
                     396.1                        10.70
                     401.0                        10.76
                     405.9                        10.81
                     410.8                        10.87
                     415.6                        10.92
                     420.5                        10.98
                     425.4                        11.03
                     430.3                        11.08
                     435.1                        11.14
                     440.0                        11.19
                     444.9                        11.24
                     449.8                        11.29
                     454.6                        11.35
                     459.5                        11.40
                     464.4                        11.45
                     469.3                        11.50
                     474.1                        11.55
                     479.0                        11.60
                     483.9                        11.65
                     488.8                        11.70
                     493.6                        11.75
                     498.5                        11.80
                     503.4                        11.85
                     508.3                        11.90
                     513.1                        11.94
                     518.0                        11.99
                     522.9                        12.04
                     527.8                        12.09
                     532.6                        12.14
                     537.5                        12.18
                     542.4                        12.23
                     547.3                        12.28
                     552.1                        12.32
                     557.0                        12.37
                     561.9                        12.41
                     566.8                        12.46
                     571.6                        12.51
                     576.5                        12.55
                     581.4                        12.60
                     586.3                        12.64
                     591.1                        12.68
                     596.0                        12.73
                     600.9                        12.77
                     605.8                        12.82
                     610.6                        12.86
                     615.5                        12.90
                     620.4                        12.95
                     625.3                        12.99
                     630.1                        13.03
                     635.0                        13.08
                     639.9                        13.12
                     644.8                        13.16
                     649.6                        13.20
                     654.5                        13.25
                     659.4                        13.29
                     664.3                        13.33
                     669.1                        13.37
                     674.0                        13.41
                     678.9                        13.45
                     683.8                        13.49
                     688.6                        13.53
                     693.5                        13.58
                     698.4                        13.62
                     703.3                        13.66
                     708.1                        13.70
                     713.0                        13.74
                     717.9                        13.78
                     722.8                        13.82
                     727.6                        13.86
                     732.5                        13.89
                     737.4                        13.93
                     742.3                        13.97
                     747.1                        14.01
                     752.0                        14.05
                     756.9                        14.09
                     761.8                        14.13
                     766.6                        14.17
                     771.5                        14.20
                     776.4                        14.24
                     781.3                        14.28
                     786.1                        14.32
                     791.0                        14.36
                     795.9                        14.39
                     800.8                        14.43
                     805.6                        14.47
                     810.5                        14.51
                     815.4                        14.54
                     820.3                        14.58
                     825.1                        14.62
                     830.0                        14.65
                     834.9                        14.69
                     839.8                        14.73
                     844.6                        14.76
                     849.5                        14.80
                     854.4                        14.83
                     859.3                        14.87
                     864.1                        14.91
                     869.0                        14.94
                     873.9                        14.98
                     878.8                        15.01
                     883.6                        15.05
                     888.5                        15.08
                     893.4                        15.12
                     898.3                        15.15
                     903.1                        15.19
                     908.0                        15.22
                     912.9                        15.26
                     917.8                        15.29
                     922.6                        15.33
                     927.5                        15.36
                     932.4                        15.40
                     937.3                        15.43
                     942.1                        15.46
                     947.0                        15.50
                     951.9                        15.53
                     956.8                        15.57
                     961.6                        15.60
                     966.5                        15.63
                     971.4                        15.67
                     976.3                        15.70
                     981.1                        15.73
                     986.0                        15.77
                     990.9                        15.80
                     995.8                        15.83
                    1000.6                        15.86
                    1005.5                        15.90
                    1010.4                        15.93
                    1015.3                        15.96
                    1020.1                        16.00
                    1025.0                        16.03
                    1029.9                        16.06
                    1034.8                        16.09
                    1039.6                        16.12
                    1044.5                        16.16
                    1049.4                        16.19
                    1054.3                        16.22
                    1059.1                        16.25
                    1064.0                        16.28
                    1068.9                        16.32
                    1073.8                        16.35
                    1078.6                        16.38
                    1083.5                        16.41
                    1088.4                        16.44
                    1093.3                        16.47
                    1098.1                        16.50
                    1103.0                        16.54
                    1107.9                        16.57
                    1112.8                        16.60
                    1117.6                        16.63
                    1122.5                        16.66
                    1127.4                        16.69
                    1132.3                        16.72
                    1137.1                        16.75
                    1142.0                        16.78
                    1146.9                        16.81
                    1151.8                        16.84
                    1156.6                        16.87
                    1161.5                        16.90
                    1166.4                        16.93
                    1171.3                        16.96
                    1176.1                        16.99
                    1181.0                        17.02
                    1185.9                        17.05
                    1190.8                        17.08
                    1195.6                        17.11
                    1200.5                        17.14
                    1205.4                        17.17
                    1210.3                        17.20
                    1215.1                        17.23
                    1220.0                        17.26
                    1224.9                        17.29
                    1229.8                        17.32
                    1234.6                        17.35
                    1239.5                        17.38
                    1244.4                        17.40
                    1249.3                        17.43
                    1254.1                        17.46
                    1259.0                        17.49
                    1263.9                        17.52
                    1268.8                        17.55
                    1273.6                        17.58
                    1278.5                        17.61
                    1283.4                        17.63
                    1288.3                        17.66
                    1293.1                        17.69
                    1298.0                        17.72
                    1302.9                        17.75
                    1307.8                        17.78
                    1312.6                        17.80
                    1317.5                        17.83
                    1322.4                        17.86
                    1327.3                        17.89
                    1332.1                        17.92
                    1337.0                        17.94
                    1341.9                        17.97
                    1346.8                        18.00
                    1351.6                        18.03
                    1356.5                        18.05
                    1361.4                        18.08
                    1366.3                        18.11
                    1371.1                        18.14
                    1376.0                        18.16
                    1380.9                        18.19
                    1385.8                        18.22
                    1390.6                        18.25
                    1395.5                        18.27
                    1400.4                        18.30
                    1405.3                        18.33
                    1410.1                        18.35
                    1415.0                        18.38
                    1419.9                        18.41
                    1424.8                        18.44
                    1429.6                        18.46
                    1434.5                        18.49
                    1439.4                        18.52
                    1444.3                        18.54
                    1449.1                        18.57
                    1454.0                        18.60
                    1458.9                        18.62
                    1463.8                        18.65
                    1468.6                        18.67
                    1473.5                        18.70
                    1478.4                        18.73
                    1483.3                        18.75
                    1488.1                        18.78
                    1493.0                        18.81
                    1497.9                        18.83
                    1502.8                        18.86
                    1507.6                        18.88
                    1512.5                        18.91
                    1517.4                        18.94
                    1522.3                        18.96
                    1527.1                        18.99
                    1532.0                        19.01
                    1536.9                        19.04
                    1541.8                        19.06
                    1546.6                        19.09
                    1551.5                        19.12
                    1556.4                        19.14
                    1561.3                        19.17
                    1566.1                        19.19
                    1571.0                        19.22
                    1575.9                        19.24
                    1580.8                        19.27
                    1585.6                        19.29
                    1590.5                        19.32
                    1595.4                        19.34
                    1600.3                        19.37
                    1605.1                        19.39
                    1610.0                        19.42
                    1614.9                        19.44
                    1619.8                        19.47
                    1624.6                        19.49
                    1629.5                        19.52
                    1634.4                        19.54
                    1639.3                        19.57
                    1644.1                        19.59
                    1649.0                        19.62
                    1653.9                        19.64
                    1658.8                        19.67
                    1663.6                        19.69
                    1668.5                        19.72
                    1673.4                        19.74
                    1678.3                        19.76
                    1683.1                        19.79
                    1688.0                        19.81
                    1692.9                        19.84
                    1697.8                        19.86
                    1702.6                        19.89
                    1707.5                        19.91
                    1712.4                        19.93
                    1717.3                        19.96
                    1722.1                        19.98
                    1727.0                        20.01
                    1731.9                        20.03
                    1736.8                        20.05
                    1741.6                        20.08
                    1746.5                        20.10
                    1751.4                        20.13
                    1756.3                        20.15
                    1761.1                        20.17
                    1766.0                        20.20
                    1770.9                        20.22
                    1775.8                        20.24
                    1780.6                        20.27
                    1785.5                        20.29
                    1790.4                        20.31
                    1795.3                        20.34
                    1800.1                        20.36
                    1805.0                        20.39
                    1809.9                        20.41
                    1814.8                        20.43
                    1819.6                        20.46
                    1824.5                        20.48
                    1829.4                        20.50
                    1834.3                        20.52
                    1839.1                        20.55
                    1844.0                        20.57
                    1848.9                        20.59
                    1853.8                        20.62
                    1858.6                        20.64
                    1863.5                        20.66
                    1868.4                        20.69
                    1873.3                        20.71
                    1878.1                        20.73
                    1883.0                        20.76
                    1887.9                        20.78
                    1892.8                        20.80
                    1897.6                        20.82
                    1902.5                        20.85
                    1907.4                        20.87
                    1912.3                        20.89
                    1917.1                        20.91
                    1922.0                        20.94
                    1926.9                        20.96
                    1931.8                        20.98
                    1936.6                        21.00
                    1941.5                        21.03
                    1946.4                        21.05
                    1951.3                        21.07
                    1956.1                        21.09
                    1961.0                        21.12
                    1965.9                        21.14
                    1970.8                        21.16
                    1975.6                        21.18
                    1980.5                        21.21
                    1985.4                        21.23
                    1990.3                        21.25
                    1995.1                        21.27
                    2000.0                        21.29
