
ELEMENT:
                                      Pd

SOURCE:
                           Tanuma, Powell and Penn
                    Surface Interface Anal. 17 (1991) 911.
       IMFP values determined from optical data and a theoretical model
                                       

ATOMIC WEIGHT:               106.42000

DENSITY:                      12.0000 g/cm**3

TABULATION:

______________________________________________________________________________

                    Energy                         IMFP
                      eV                        Angstroms
______________________________________________________________________________
                      50.0                         4.84
                      54.9                         4.72
                      59.8                         4.65
                      64.6                         4.61
                      69.5                         4.59
                      74.4                         4.60
                      79.3                         4.61
                      84.1                         4.64
                      89.0                         4.68
                      93.9                         4.72
                      98.8                         4.78
                     103.6                         4.83
                     108.5                         4.89
                     113.4                         4.96
                     118.3                         5.02
                     123.1                         5.09
                     128.0                         5.16
                     132.9                         5.23
                     137.8                         5.31
                     142.6                         5.38
                     147.5                         5.46
                     152.4                         5.53
                     157.3                         5.61
                     162.1                         5.69
                     167.0                         5.76
                     171.9                         5.84
                     176.8                         5.92
                     181.6                         6.00
                     186.5                         6.08
                     191.4                         6.16
                     196.3                         6.24
                     201.1                         6.32
                     206.0                         6.40
                     210.9                         6.48
                     215.8                         6.56
                     220.6                         6.64
                     225.5                         6.72
                     230.4                         6.80
                     235.3                         6.88
                     240.1                         6.96
                     245.0                         7.04
                     249.9                         7.12
                     254.8                         7.19
                     259.6                         7.27
                     264.5                         7.35
                     269.4                         7.43
                     274.3                         7.51
                     279.1                         7.59
                     284.0                         7.67
                     288.9                         7.75
                     293.8                         7.83
                     298.6                         7.91
                     303.5                         7.98
                     308.4                         8.06
                     313.3                         8.14
                     318.1                         8.22
                     323.0                         8.30
                     327.9                         8.38
                     332.8                         8.45
                     337.6                         8.53
                     342.5                         8.61
                     347.4                         8.69
                     352.3                         8.76
                     357.1                         8.84
                     362.0                         8.92
                     366.9                         8.99
                     371.8                         9.07
                     376.6                         9.15
                     381.5                         9.22
                     386.4                         9.30
                     391.3                         9.38
                     396.1                         9.45
                     401.0                         9.53
                     405.9                         9.61
                     410.8                         9.68
                     415.6                         9.76
                     420.5                         9.83
                     425.4                         9.91
                     430.3                         9.98
                     435.1                        10.06
                     440.0                        10.13
                     444.9                        10.21
                     449.8                        10.28
                     454.6                        10.36
                     459.5                        10.43
                     464.4                        10.51
                     469.3                        10.58
                     474.1                        10.66
                     479.0                        10.73
                     483.9                        10.81
                     488.8                        10.88
                     493.6                        10.95
                     498.5                        11.03
                     503.4                        11.10
                     508.3                        11.18
                     513.1                        11.25
                     518.0                        11.32
                     522.9                        11.40
                     527.8                        11.47
                     532.6                        11.54
                     537.5                        11.62
                     542.4                        11.69
                     547.3                        11.76
                     552.1                        11.83
                     557.0                        11.91
                     561.9                        11.98
                     566.8                        12.05
                     571.6                        12.12
                     576.5                        12.20
                     581.4                        12.27
                     586.3                        12.34
                     591.1                        12.41
                     596.0                        12.49
                     600.9                        12.56
                     605.8                        12.63
                     610.6                        12.70
                     615.5                        12.77
                     620.4                        12.84
                     625.3                        12.92
                     630.1                        12.99
                     635.0                        13.06
                     639.9                        13.13
                     644.8                        13.20
                     649.6                        13.27
                     654.5                        13.34
                     659.4                        13.41
                     664.3                        13.48
                     669.1                        13.56
                     674.0                        13.63
                     678.9                        13.70
                     683.8                        13.77
                     688.6                        13.84
                     693.5                        13.91
                     698.4                        13.98
                     703.3                        14.05
                     708.1                        14.12
                     713.0                        14.19
                     717.9                        14.26
                     722.8                        14.33
                     727.6                        14.40
                     732.5                        14.47
                     737.4                        14.54
                     742.3                        14.61
                     747.1                        14.68
                     752.0                        14.75
                     756.9                        14.82
                     761.8                        14.88
                     766.6                        14.95
                     771.5                        15.02
                     776.4                        15.09
                     781.3                        15.16
                     786.1                        15.23
                     791.0                        15.30
                     795.9                        15.37
                     800.8                        15.44
                     805.6                        15.51
                     810.5                        15.57
                     815.4                        15.64
                     820.3                        15.71
                     825.1                        15.78
                     830.0                        15.85
                     834.9                        15.92
                     839.8                        15.99
                     844.6                        16.05
                     849.5                        16.12
                     854.4                        16.19
                     859.3                        16.26
                     864.1                        16.33
                     869.0                        16.39
                     873.9                        16.46
                     878.8                        16.53
                     883.6                        16.60
                     888.5                        16.66
                     893.4                        16.73
                     898.3                        16.80
                     903.1                        16.87
                     908.0                        16.93
                     912.9                        17.00
                     917.8                        17.07
                     922.6                        17.14
                     927.5                        17.20
                     932.4                        17.27
                     937.3                        17.34
                     942.1                        17.41
                     947.0                        17.47
                     951.9                        17.54
                     956.8                        17.61
                     961.6                        17.67
                     966.5                        17.74
                     971.4                        17.81
                     976.3                        17.87
                     981.1                        17.94
                     986.0                        18.01
                     990.9                        18.07
                     995.8                        18.14
                    1000.6                        18.21
                    1005.5                        18.27
                    1010.4                        18.34
                    1015.3                        18.41
                    1020.1                        18.47
                    1025.0                        18.54
                    1029.9                        18.60
                    1034.8                        18.67
                    1039.6                        18.74
                    1044.5                        18.80
                    1049.4                        18.87
                    1054.3                        18.93
                    1059.1                        19.00
                    1064.0                        19.07
                    1068.9                        19.13
                    1073.8                        19.20
                    1078.6                        19.26
                    1083.5                        19.33
                    1088.4                        19.39
                    1093.3                        19.46
                    1098.1                        19.53
                    1103.0                        19.59
                    1107.9                        19.66
                    1112.8                        19.72
                    1117.6                        19.79
                    1122.5                        19.85
                    1127.4                        19.92
                    1132.3                        19.98
                    1137.1                        20.05
                    1142.0                        20.11
                    1146.9                        20.18
                    1151.8                        20.24
                    1156.6                        20.31
                    1161.5                        20.37
                    1166.4                        20.44
                    1171.3                        20.50
                    1176.1                        20.57
                    1181.0                        20.63
                    1185.9                        20.70
                    1190.8                        20.76
                    1195.6                        20.83
                    1200.5                        20.89
                    1205.4                        20.96
                    1210.3                        21.02
                    1215.1                        21.08
                    1220.0                        21.15
                    1224.9                        21.21
                    1229.8                        21.28
                    1234.6                        21.34
                    1239.5                        21.41
                    1244.4                        21.47
                    1249.3                        21.53
                    1254.1                        21.60
                    1259.0                        21.66
                    1263.9                        21.73
                    1268.8                        21.79
                    1273.6                        21.85
                    1278.5                        21.92
                    1283.4                        21.98
                    1288.3                        22.05
                    1293.1                        22.11
                    1298.0                        22.17
                    1302.9                        22.24
                    1307.8                        22.30
                    1312.6                        22.37
                    1317.5                        22.43
                    1322.4                        22.49
                    1327.3                        22.56
                    1332.1                        22.62
                    1337.0                        22.68
                    1341.9                        22.75
                    1346.8                        22.81
                    1351.6                        22.87
                    1356.5                        22.94
                    1361.4                        23.00
                    1366.3                        23.06
                    1371.1                        23.13
                    1376.0                        23.19
                    1380.9                        23.25
                    1385.8                        23.32
                    1390.6                        23.38
                    1395.5                        23.44
                    1400.4                        23.51
                    1405.3                        23.57
                    1410.1                        23.63
                    1415.0                        23.70
                    1419.9                        23.76
                    1424.8                        23.82
                    1429.6                        23.88
                    1434.5                        23.95
                    1439.4                        24.01
                    1444.3                        24.07
                    1449.1                        24.14
                    1454.0                        24.20
                    1458.9                        24.26
                    1463.8                        24.32
                    1468.6                        24.39
                    1473.5                        24.45
                    1478.4                        24.51
                    1483.3                        24.57
                    1488.1                        24.64
                    1493.0                        24.70
                    1497.9                        24.76
                    1502.8                        24.82
                    1507.6                        24.89
                    1512.5                        24.95
                    1517.4                        25.01
                    1522.3                        25.07
                    1527.1                        25.13
                    1532.0                        25.20
                    1536.9                        25.26
                    1541.8                        25.32
                    1546.6                        25.38
                    1551.5                        25.45
                    1556.4                        25.51
                    1561.3                        25.57
                    1566.1                        25.63
                    1571.0                        25.69
                    1575.9                        25.76
                    1580.8                        25.82
                    1585.6                        25.88
                    1590.5                        25.94
                    1595.4                        26.00
                    1600.3                        26.07
                    1605.1                        26.13
                    1610.0                        26.19
                    1614.9                        26.25
                    1619.8                        26.31
                    1624.6                        26.37
                    1629.5                        26.44
                    1634.4                        26.50
                    1639.3                        26.56
                    1644.1                        26.62
                    1649.0                        26.68
                    1653.9                        26.74
                    1658.8                        26.80
                    1663.6                        26.87
                    1668.5                        26.93
                    1673.4                        26.99
                    1678.3                        27.05
                    1683.1                        27.11
                    1688.0                        27.17
                    1692.9                        27.23
                    1697.8                        27.30
                    1702.6                        27.36
                    1707.5                        27.42
                    1712.4                        27.48
                    1717.3                        27.54
                    1722.1                        27.60
                    1727.0                        27.66
                    1731.9                        27.72
                    1736.8                        27.78
                    1741.6                        27.85
                    1746.5                        27.91
                    1751.4                        27.97
                    1756.3                        28.03
                    1761.1                        28.09
                    1766.0                        28.15
                    1770.9                        28.21
                    1775.8                        28.27
                    1780.6                        28.33
                    1785.5                        28.39
                    1790.4                        28.45
                    1795.3                        28.51
                    1800.1                        28.58
                    1805.0                        28.64
                    1809.9                        28.70
                    1814.8                        28.76
                    1819.6                        28.82
                    1824.5                        28.88
                    1829.4                        28.94
                    1834.3                        29.00
                    1839.1                        29.06
                    1844.0                        29.12
                    1848.9                        29.18
                    1853.8                        29.24
                    1858.6                        29.30
                    1863.5                        29.36
                    1868.4                        29.42
                    1873.3                        29.48
                    1878.1                        29.54
                    1883.0                        29.60
                    1887.9                        29.66
                    1892.8                        29.72
                    1897.6                        29.78
                    1902.5                        29.84
                    1907.4                        29.91
                    1912.3                        29.97
                    1917.1                        30.03
                    1922.0                        30.09
                    1926.9                        30.15
                    1931.8                        30.21
                    1936.6                        30.27
                    1941.5                        30.33
                    1946.4                        30.39
                    1951.3                        30.45
                    1956.1                        30.51
                    1961.0                        30.57
                    1965.9                        30.63
                    1970.8                        30.69
                    1975.6                        30.75
                    1980.5                        30.81
                    1985.4                        30.87
                    1990.3                        30.92
                    1995.1                        30.98
                    2000.0                        31.04
