
ELEMENT:
                                      Cs

SOURCE:
                           Tanuma, Powell and Penn
                    Surface Interface Anal. 21 (1994) 165.
                 IMFP values determined from TPP-2M equation
                                       

ATOMIC WEIGHT:               132.90545

DENSITY:                       1.9300 g/cm**3

TABULATION:

______________________________________________________________________________

                    Energy                         IMFP
                      eV                        Angstroms
______________________________________________________________________________
                      50.0                         9.11
                      54.9                         9.52
                      59.8                         9.93
                      64.6                        10.33
                      69.5                        10.73
                      74.4                        11.13
                      79.3                        11.53
                      84.1                        11.92
                      89.0                        12.31
                      93.9                        12.70
                      98.8                        13.08
                     103.6                        13.46
                     108.5                        13.84
                     113.4                        14.22
                     118.3                        14.60
                     123.1                        14.97
                     128.0                        15.34
                     132.9                        15.71
                     137.8                        16.07
                     142.6                        16.44
                     147.5                        16.80
                     152.4                        17.16
                     157.3                        17.52
                     162.1                        17.88
                     167.0                        18.23
                     171.9                        18.59
                     176.8                        18.94
                     181.6                        19.29
                     186.5                        19.64
                     191.4                        19.99
                     196.3                        20.33
                     201.1                        20.68
                     206.0                        21.02
                     210.9                        21.37
                     215.8                        21.71
                     220.6                        22.05
                     225.5                        22.38
                     230.4                        22.72
                     235.3                        23.06
                     240.1                        23.39
                     245.0                        23.73
                     249.9                        24.06
                     254.8                        24.39
                     259.6                        24.72
                     264.5                        25.05
                     269.4                        25.38
                     274.3                        25.71
                     279.1                        26.04
                     284.0                        26.36
                     288.9                        26.69
                     293.8                        27.01
                     298.6                        27.33
                     303.5                        27.66
                     308.4                        27.98
                     313.3                        28.30
                     318.1                        28.62
                     323.0                        28.94
                     327.9                        29.25
                     332.8                        29.57
                     337.6                        29.89
                     342.5                        30.20
                     347.4                        30.52
                     352.3                        30.83
                     357.1                        31.15
                     362.0                        31.46
                     366.9                        31.77
                     371.8                        32.08
                     376.6                        32.40
                     381.5                        32.71
                     386.4                        33.02
                     391.3                        33.32
                     396.1                        33.63
                     401.0                        33.94
                     405.9                        34.25
                     410.8                        34.55
                     415.6                        34.86
                     420.5                        35.17
                     425.4                        35.47
                     430.3                        35.77
                     435.1                        36.08
                     440.0                        36.38
                     444.9                        36.68
                     449.8                        36.99
                     454.6                        37.29
                     459.5                        37.59
                     464.4                        37.89
                     469.3                        38.19
                     474.1                        38.49
                     479.0                        38.79
                     483.9                        39.09
                     488.8                        39.38
                     493.6                        39.68
                     498.5                        39.98
                     503.4                        40.27
                     508.3                        40.57
                     513.1                        40.87
                     518.0                        41.16
                     522.9                        41.46
                     527.8                        41.75
                     532.6                        42.05
                     537.5                        42.34
                     542.4                        42.63
                     547.3                        42.92
                     552.1                        43.22
                     557.0                        43.51
                     561.9                        43.80
                     566.8                        44.09
                     571.6                        44.38
                     576.5                        44.67
                     581.4                        44.96
                     586.3                        45.25
                     591.1                        45.54
                     596.0                        45.83
                     600.9                        46.12
                     605.8                        46.40
                     610.6                        46.69
                     615.5                        46.98
                     620.4                        47.27
                     625.3                        47.55
                     630.1                        47.84
                     635.0                        48.12
                     639.9                        48.41
                     644.8                        48.70
                     649.6                        48.98
                     654.5                        49.26
                     659.4                        49.55
                     664.3                        49.83
                     669.1                        50.12
                     674.0                        50.40
                     678.9                        50.68
                     683.8                        50.96
                     688.6                        51.25
                     693.5                        51.53
                     698.4                        51.81
                     703.3                        52.09
                     708.1                        52.37
                     713.0                        52.65
                     717.9                        52.93
                     722.8                        53.21
                     727.6                        53.49
                     732.5                        53.77
                     737.4                        54.05
                     742.3                        54.33
                     747.1                        54.61
                     752.0                        54.89
                     756.9                        55.17
                     761.8                        55.44
                     766.6                        55.72
                     771.5                        56.00
                     776.4                        56.27
                     781.3                        56.55
                     786.1                        56.83
                     791.0                        57.10
                     795.9                        57.38
                     800.8                        57.66
                     805.6                        57.93
                     810.5                        58.21
                     815.4                        58.48
                     820.3                        58.76
                     825.1                        59.03
                     830.0                        59.30
                     834.9                        59.58
                     839.8                        59.85
                     844.6                        60.13
                     849.5                        60.40
                     854.4                        60.67
                     859.3                        60.94
                     864.1                        61.22
                     869.0                        61.49
                     873.9                        61.76
                     878.8                        62.03
                     883.6                        62.30
                     888.5                        62.57
                     893.4                        62.85
                     898.3                        63.12
                     903.1                        63.39
                     908.0                        63.66
                     912.9                        63.93
                     917.8                        64.20
                     922.6                        64.47
                     927.5                        64.74
                     932.4                        65.01
                     937.3                        65.28
                     942.1                        65.54
                     947.0                        65.81
                     951.9                        66.08
                     956.8                        66.35
                     961.6                        66.62
                     966.5                        66.89
                     971.4                        67.15
                     976.3                        67.42
                     981.1                        67.69
                     986.0                        67.95
                     990.9                        68.22
                     995.8                        68.49
                    1000.6                        68.75
                    1005.5                        69.02
                    1010.4                        69.29
                    1015.3                        69.55
                    1020.1                        69.82
                    1025.0                        70.08
                    1029.9                        70.35
                    1034.8                        70.61
                    1039.6                        70.88
                    1044.5                        71.14
                    1049.4                        71.41
                    1054.3                        71.67
                    1059.1                        71.94
                    1064.0                        72.20
                    1068.9                        72.46
                    1073.8                        72.73
                    1078.6                        72.99
                    1083.5                        73.25
                    1088.4                        73.52
                    1093.3                        73.78
                    1098.1                        74.04
                    1103.0                        74.31
                    1107.9                        74.57
                    1112.8                        74.83
                    1117.6                        75.09
                    1122.5                        75.35
                    1127.4                        75.62
                    1132.3                        75.88
                    1137.1                        76.14
                    1142.0                        76.40
                    1146.9                        76.66
                    1151.8                        76.92
                    1156.6                        77.18
                    1161.5                        77.44
                    1166.4                        77.70
                    1171.3                        77.96
                    1176.1                        78.22
                    1181.0                        78.48
                    1185.9                        78.74
                    1190.8                        79.00
                    1195.6                        79.26
                    1200.5                        79.52
                    1205.4                        79.78
                    1210.3                        80.04
                    1215.1                        80.30
                    1220.0                        80.56
                    1224.9                        80.82
                    1229.8                        81.07
                    1234.6                        81.33
                    1239.5                        81.59
                    1244.4                        81.85
                    1249.3                        82.11
                    1254.1                        82.36
                    1259.0                        82.62
                    1263.9                        82.88
                    1268.8                        83.14
                    1273.6                        83.39
                    1278.5                        83.65
                    1283.4                        83.91
                    1288.3                        84.16
                    1293.1                        84.42
                    1298.0                        84.68
                    1302.9                        84.93
                    1307.8                        85.19
                    1312.6                        85.44
                    1317.5                        85.70
                    1322.4                        85.96
                    1327.3                        86.21
                    1332.1                        86.47
                    1337.0                        86.72
                    1341.9                        86.98
                    1346.8                        87.23
                    1351.6                        87.49
                    1356.5                        87.74
                    1361.4                        88.00
                    1366.3                        88.25
                    1371.1                        88.50
                    1376.0                        88.76
                    1380.9                        89.01
                    1385.8                        89.27
                    1390.6                        89.52
                    1395.5                        89.77
                    1400.4                        90.03
                    1405.3                        90.28
                    1410.1                        90.53
                    1415.0                        90.79
                    1419.9                        91.04
                    1424.8                        91.29
                    1429.6                        91.55
                    1434.5                        91.80
                    1439.4                        92.05
                    1444.3                        92.30
                    1449.1                        92.56
                    1454.0                        92.81
                    1458.9                        93.06
                    1463.8                        93.31
                    1468.6                        93.56
                    1473.5                        93.81
                    1478.4                        94.07
                    1483.3                        94.32
                    1488.1                        94.57
                    1493.0                        94.82
                    1497.9                        95.07
                    1502.8                        95.32
                    1507.6                        95.57
                    1512.5                        95.82
                    1517.4                        96.07
                    1522.3                        96.32
                    1527.1                        96.58
                    1532.0                        96.83
                    1536.9                        97.08
                    1541.8                        97.33
                    1546.6                        97.58
                    1551.5                        97.83
                    1556.4                        98.07
                    1561.3                        98.32
                    1566.1                        98.57
                    1571.0                        98.82
                    1575.9                        99.07
                    1580.8                        99.32
                    1585.6                        99.57
                    1590.5                        99.82
                    1595.4                       100.07
                    1600.3                       100.32
                    1605.1                       100.57
                    1610.0                       100.81
                    1614.9                       101.06
                    1619.8                       101.31
                    1624.6                       101.56
                    1629.5                       101.81
                    1634.4                       102.05
                    1639.3                       102.30
                    1644.1                       102.55
                    1649.0                       102.80
                    1653.9                       103.05
                    1658.8                       103.29
                    1663.6                       103.54
                    1668.5                       103.79
                    1673.4                       104.03
                    1678.3                       104.28
                    1683.1                       104.53
                    1688.0                       104.77
                    1692.9                       105.02
                    1697.8                       105.27
                    1702.6                       105.51
                    1707.5                       105.76
                    1712.4                       106.01
                    1717.3                       106.25
                    1722.1                       106.50
                    1727.0                       106.75
                    1731.9                       106.99
                    1736.8                       107.24
                    1741.6                       107.48
                    1746.5                       107.73
                    1751.4                       107.97
                    1756.3                       108.22
                    1761.1                       108.46
                    1766.0                       108.71
                    1770.9                       108.96
                    1775.8                       109.20
                    1780.6                       109.45
                    1785.5                       109.69
                    1790.4                       109.93
                    1795.3                       110.18
                    1800.1                       110.42
                    1805.0                       110.67
                    1809.9                       110.91
                    1814.8                       111.16
                    1819.6                       111.40
                    1824.5                       111.65
                    1829.4                       111.89
                    1834.3                       112.13
                    1839.1                       112.38
                    1844.0                       112.62
                    1848.9                       112.86
                    1853.8                       113.11
                    1858.6                       113.35
                    1863.5                       113.59
                    1868.4                       113.84
                    1873.3                       114.08
                    1878.1                       114.32
                    1883.0                       114.57
                    1887.9                       114.81
                    1892.8                       115.05
                    1897.6                       115.30
                    1902.5                       115.54
                    1907.4                       115.78
                    1912.3                       116.02
                    1917.1                       116.27
                    1922.0                       116.51
                    1926.9                       116.75
                    1931.8                       116.99
                    1936.6                       117.23
                    1941.5                       117.48
                    1946.4                       117.72
                    1951.3                       117.96
                    1956.1                       118.20
                    1961.0                       118.44
                    1965.9                       118.69
                    1970.8                       118.93
                    1975.6                       119.17
                    1980.5                       119.41
                    1985.4                       119.65
                    1990.3                       119.89
                    1995.1                       120.13
                    2000.0                       120.37
