
ELEMENT:
                                      Au

SOURCE:
                       Beilschmidt, Tilinin and Werner
                    Surface Interface Anal. 22 (1994) 120
           IMFPs determined from the intensity of the elastic peak
  Multiple elastic scattering accounted by the approximate analytical theory

COMMENT:
                                 Al reference

ATOMIC WEIGHT:               196.96655

DENSITY:                      19.3000 g/cm**3

TABULATION:

______________________________________________________________________________

                    Energy                         IMFP
                      eV                        Angstroms
______________________________________________________________________________
                     250.0                         3.61
                     253.1                         3.65
                     256.3                         3.68
                     259.4                         3.71
                     262.5                         3.74
                     265.6                         3.77
                     268.8                         3.81
                     271.9                         3.84
                     275.0                         3.87
                     278.1                         3.90
                     281.3                         3.93
                     284.4                         3.96
                     287.5                         3.99
                     290.6                         4.02
                     293.8                         4.05
                     296.9                         4.08
                     300.0                         4.11
                     303.1                         4.14
                     306.3                         4.18
                     309.4                         4.21
                     312.5                         4.24
                     315.6                         4.27
                     318.8                         4.30
                     321.9                         4.33
                     325.0                         4.36
                     328.1                         4.39
                     331.3                         4.41
                     334.4                         4.44
                     337.5                         4.47
                     340.6                         4.50
                     343.8                         4.53
                     346.9                         4.56
                     350.0                         4.59
                     353.1                         4.62
                     356.3                         4.65
                     359.4                         4.68
                     362.5                         4.71
                     365.6                         4.74
                     368.8                         4.76
                     371.9                         4.79
                     375.0                         4.82
                     378.1                         4.85
                     381.3                         4.88
                     384.4                         4.91
                     387.5                         4.94
                     390.6                         4.96
                     393.8                         4.99
                     396.9                         5.02
                     400.0                         5.05
                     403.1                         5.08
                     406.3                         5.10
                     409.4                         5.13
                     412.5                         5.16
                     415.6                         5.19
                     418.8                         5.22
                     421.9                         5.24
                     425.0                         5.27
                     428.1                         5.30
                     431.3                         5.33
                     434.4                         5.35
                     437.5                         5.38
                     440.6                         5.41
                     443.8                         5.44
                     446.9                         5.46
                     450.0                         5.49
                     453.1                         5.52
                     456.3                         5.54
                     459.4                         5.57
                     462.5                         5.60
                     465.6                         5.62
                     468.8                         5.65
                     471.9                         5.68
                     475.0                         5.70
                     478.1                         5.73
                     481.3                         5.76
                     484.4                         5.78
                     487.5                         5.81
                     490.6                         5.84
                     493.8                         5.86
                     496.9                         5.89
                     500.0                         5.92
                     503.1                         5.94
                     506.3                         5.97
                     509.4                         6.00
                     512.5                         6.02
                     515.6                         6.05
                     518.8                         6.07
                     521.9                         6.10
                     525.0                         6.13
                     528.1                         6.15
                     531.3                         6.18
                     534.4                         6.20
                     537.5                         6.23
                     540.6                         6.25
                     543.8                         6.28
                     546.9                         6.31
                     550.0                         6.33
                     553.1                         6.36
                     556.3                         6.38
                     559.4                         6.41
                     562.5                         6.43
                     565.6                         6.46
                     568.8                         6.48
                     571.9                         6.51
                     575.0                         6.53
                     578.1                         6.56
                     581.3                         6.58
                     584.4                         6.61
                     587.5                         6.64
                     590.6                         6.66
                     593.8                         6.69
                     596.9                         6.71
                     600.0                         6.74
                     603.1                         6.76
                     606.3                         6.79
                     609.4                         6.81
                     612.5                         6.83
                     615.6                         6.86
                     618.8                         6.88
                     621.9                         6.91
                     625.0                         6.93
                     628.1                         6.96
                     631.3                         6.98
                     634.4                         7.01
                     637.5                         7.03
                     640.6                         7.06
                     643.8                         7.08
                     646.9                         7.11
                     650.0                         7.13
                     653.1                         7.15
                     656.3                         7.18
                     659.4                         7.20
                     662.5                         7.23
                     665.6                         7.25
                     668.8                         7.28
                     671.9                         7.30
                     675.0                         7.32
                     678.1                         7.35
                     681.3                         7.37
                     684.4                         7.40
                     687.5                         7.42
                     690.6                         7.44
                     693.8                         7.47
                     696.9                         7.49
                     700.0                         7.52
                     703.1                         7.54
                     706.3                         7.56
                     709.4                         7.59
                     712.5                         7.61
                     715.6                         7.63
                     718.8                         7.66
                     721.9                         7.68
                     725.0                         7.71
                     728.1                         7.73
                     731.3                         7.75
                     734.4                         7.78
                     737.5                         7.80
                     740.6                         7.82
                     743.8                         7.85
                     746.9                         7.87
                     750.0                         7.89
                     753.1                         7.92
                     756.3                         7.94
                     759.4                         7.96
                     762.5                         7.99
                     765.6                         8.01
                     768.8                         8.03
                     771.9                         8.06
                     775.0                         8.08
                     778.1                         8.10
                     781.3                         8.13
                     784.4                         8.15
                     787.5                         8.17
                     790.6                         8.19
                     793.8                         8.22
                     796.9                         8.24
                     800.0                         8.26
                     803.1                         8.29
                     806.3                         8.31
                     809.4                         8.33
                     812.5                         8.36
                     815.6                         8.38
                     818.8                         8.40
                     821.9                         8.42
                     825.0                         8.45
                     828.1                         8.47
                     831.3                         8.49
                     834.4                         8.51
                     837.5                         8.54
                     840.6                         8.56
                     843.8                         8.58
                     846.9                         8.61
                     850.0                         8.63
                     853.1                         8.65
                     856.3                         8.67
                     859.4                         8.70
                     862.5                         8.72
                     865.6                         8.74
                     868.8                         8.76
                     871.9                         8.79
                     875.0                         8.81
                     878.1                         8.83
                     881.3                         8.85
                     884.4                         8.87
                     887.5                         8.90
                     890.6                         8.92
                     893.8                         8.94
                     896.9                         8.96
                     900.0                         8.99
                     903.1                         9.01
                     906.3                         9.03
                     909.4                         9.05
                     912.5                         9.07
                     915.6                         9.10
                     918.8                         9.12
                     921.9                         9.14
                     925.0                         9.16
                     928.1                         9.18
                     931.3                         9.21
                     934.4                         9.23
                     937.5                         9.25
                     940.6                         9.27
                     943.8                         9.29
                     946.9                         9.32
                     950.0                         9.34
                     953.1                         9.36
                     956.3                         9.38
                     959.4                         9.40
                     962.5                         9.43
                     965.6                         9.45
                     968.8                         9.47
                     971.9                         9.49
                     975.0                         9.51
                     978.1                         9.53
                     981.3                         9.56
                     984.4                         9.58
                     987.5                         9.60
                     990.6                         9.62
                     993.8                         9.64
                     996.9                         9.66
                    1000.0                         9.68
                    1003.1                         9.71
                    1006.3                         9.73
                    1009.4                         9.75
                    1012.5                         9.77
                    1015.6                         9.79
                    1018.8                         9.81
                    1021.9                         9.83
                    1025.0                         9.86
                    1028.1                         9.88
                    1031.3                         9.90
                    1034.4                         9.92
                    1037.5                         9.94
                    1040.6                         9.96
                    1043.8                         9.98
                    1046.9                        10.01
                    1050.0                        10.03
                    1053.1                        10.05
                    1056.3                        10.07
                    1059.4                        10.09
                    1062.5                        10.11
                    1065.6                        10.13
                    1068.8                        10.15
                    1071.9                        10.17
                    1075.0                        10.20
                    1078.1                        10.22
                    1081.3                        10.24
                    1084.4                        10.26
                    1087.5                        10.28
                    1090.6                        10.30
                    1093.8                        10.32
                    1096.9                        10.34
                    1100.0                        10.36
                    1103.1                        10.38
                    1106.3                        10.41
                    1109.4                        10.43
                    1112.5                        10.45
                    1115.6                        10.47
                    1118.8                        10.49
                    1121.9                        10.51
                    1125.0                        10.53
                    1128.1                        10.55
                    1131.3                        10.57
                    1134.4                        10.59
                    1137.5                        10.61
                    1140.6                        10.63
                    1143.8                        10.66
                    1146.9                        10.68
                    1150.0                        10.70
                    1153.1                        10.72
                    1156.3                        10.74
                    1159.4                        10.76
                    1162.5                        10.78
                    1165.6                        10.80
                    1168.8                        10.82
                    1171.9                        10.84
                    1175.0                        10.86
                    1178.1                        10.88
                    1181.3                        10.90
                    1184.4                        10.92
                    1187.5                        10.94
                    1190.6                        10.96
                    1193.8                        10.98
                    1196.9                        11.00
                    1200.0                        11.03
                    1203.1                        11.05
                    1206.3                        11.07
                    1209.4                        11.09
                    1212.5                        11.11
                    1215.6                        11.13
                    1218.8                        11.15
                    1221.9                        11.17
                    1225.0                        11.19
                    1228.1                        11.21
                    1231.3                        11.23
                    1234.4                        11.25
                    1237.5                        11.27
                    1240.6                        11.29
                    1243.8                        11.31
                    1246.9                        11.33
                    1250.0                        11.35
                    1253.1                        11.37
                    1256.3                        11.39
                    1259.4                        11.41
                    1262.5                        11.43
                    1265.6                        11.45
                    1268.8                        11.47
                    1271.9                        11.49
                    1275.0                        11.51
                    1278.1                        11.53
                    1281.3                        11.55
                    1284.4                        11.57
                    1287.5                        11.59
                    1290.6                        11.61
                    1293.8                        11.63
                    1296.9                        11.65
                    1300.0                        11.67
                    1303.1                        11.69
                    1306.3                        11.71
                    1309.4                        11.73
                    1312.5                        11.75
                    1315.6                        11.77
                    1318.8                        11.79
                    1321.9                        11.81
                    1325.0                        11.83
                    1328.1                        11.85
                    1331.3                        11.87
                    1334.4                        11.89
                    1337.5                        11.91
                    1340.6                        11.93
                    1343.8                        11.95
                    1346.9                        11.97
                    1350.0                        11.99
                    1353.1                        12.01
                    1356.3                        12.03
                    1359.4                        12.05
                    1362.5                        12.07
                    1365.6                        12.09
                    1368.8                        12.11
                    1371.9                        12.13
                    1375.0                        12.15
                    1378.1                        12.17
                    1381.3                        12.18
                    1384.4                        12.20
                    1387.5                        12.22
                    1390.6                        12.24
                    1393.8                        12.26
                    1396.9                        12.28
                    1400.0                        12.30
                    1403.1                        12.32
                    1406.3                        12.34
                    1409.4                        12.36
                    1412.5                        12.38
                    1415.6                        12.40
                    1418.8                        12.42
                    1421.9                        12.44
                    1425.0                        12.46
                    1428.1                        12.48
                    1431.3                        12.50
                    1434.4                        12.52
                    1437.5                        12.54
                    1440.6                        12.56
                    1443.8                        12.57
                    1446.9                        12.59
                    1450.0                        12.61
                    1453.1                        12.63
                    1456.3                        12.65
                    1459.4                        12.67
                    1462.5                        12.69
                    1465.6                        12.71
                    1468.8                        12.73
                    1471.9                        12.75
                    1475.0                        12.77
                    1478.1                        12.79
                    1481.3                        12.81
                    1484.4                        12.82
                    1487.5                        12.84
                    1490.6                        12.86
                    1493.8                        12.88
                    1496.9                        12.90
                    1500.0                        12.92
