
ELEMENT:
                                      Si

SOURCE:
                           Tanuma, Powell and Penn
                    Surface Interface Anal. 17 (1991) 911.
       IMFP values determined from optical data and a theoretical model
                                       

ATOMIC WEIGHT:                28.08550

DENSITY:                       2.3290 g/cm**3

TABULATION:

______________________________________________________________________________

                    Energy                         IMFP
                      eV                        Angstroms
______________________________________________________________________________
                      50.0                         4.07
                      54.9                         4.17
                      59.8                         4.28
                      64.6                         4.40
                      69.5                         4.51
                      74.4                         4.63
                      79.3                         4.75
                      84.1                         4.87
                      89.0                         4.99
                      93.9                         5.12
                      98.8                         5.24
                     103.6                         5.37
                     108.5                         5.49
                     113.4                         5.61
                     118.3                         5.74
                     123.1                         5.86
                     128.0                         5.99
                     132.9                         6.11
                     137.8                         6.23
                     142.6                         6.36
                     147.5                         6.48
                     152.4                         6.60
                     157.3                         6.72
                     162.1                         6.84
                     167.0                         6.97
                     171.9                         7.09
                     176.8                         7.21
                     181.6                         7.33
                     186.5                         7.45
                     191.4                         7.57
                     196.3                         7.69
                     201.1                         7.81
                     206.0                         7.92
                     210.9                         8.04
                     215.8                         8.16
                     220.6                         8.28
                     225.5                         8.39
                     230.4                         8.51
                     235.3                         8.63
                     240.1                         8.74
                     245.0                         8.86
                     249.9                         8.97
                     254.8                         9.09
                     259.6                         9.20
                     264.5                         9.32
                     269.4                         9.43
                     274.3                         9.54
                     279.1                         9.66
                     284.0                         9.77
                     288.9                         9.88
                     293.8                        10.00
                     298.6                        10.11
                     303.5                        10.22
                     308.4                        10.33
                     313.3                        10.44
                     318.1                        10.55
                     323.0                        10.67
                     327.9                        10.78
                     332.8                        10.89
                     337.6                        11.00
                     342.5                        11.11
                     347.4                        11.22
                     352.3                        11.33
                     357.1                        11.43
                     362.0                        11.54
                     366.9                        11.65
                     371.8                        11.76
                     376.6                        11.87
                     381.5                        11.98
                     386.4                        12.08
                     391.3                        12.19
                     396.1                        12.30
                     401.0                        12.41
                     405.9                        12.51
                     410.8                        12.62
                     415.6                        12.73
                     420.5                        12.83
                     425.4                        12.94
                     430.3                        13.05
                     435.1                        13.15
                     440.0                        13.26
                     444.9                        13.36
                     449.8                        13.47
                     454.6                        13.57
                     459.5                        13.68
                     464.4                        13.78
                     469.3                        13.89
                     474.1                        13.99
                     479.0                        14.09
                     483.9                        14.20
                     488.8                        14.30
                     493.6                        14.41
                     498.5                        14.51
                     503.4                        14.61
                     508.3                        14.72
                     513.1                        14.82
                     518.0                        14.92
                     522.9                        15.02
                     527.8                        15.13
                     532.6                        15.23
                     537.5                        15.33
                     542.4                        15.43
                     547.3                        15.54
                     552.1                        15.64
                     557.0                        15.74
                     561.9                        15.84
                     566.8                        15.94
                     571.6                        16.04
                     576.5                        16.14
                     581.4                        16.24
                     586.3                        16.35
                     591.1                        16.45
                     596.0                        16.55
                     600.9                        16.65
                     605.8                        16.75
                     610.6                        16.85
                     615.5                        16.95
                     620.4                        17.05
                     625.3                        17.15
                     630.1                        17.25
                     635.0                        17.35
                     639.9                        17.45
                     644.8                        17.54
                     649.6                        17.64
                     654.5                        17.74
                     659.4                        17.84
                     664.3                        17.94
                     669.1                        18.04
                     674.0                        18.14
                     678.9                        18.24
                     683.8                        18.33
                     688.6                        18.43
                     693.5                        18.53
                     698.4                        18.63
                     703.3                        18.73
                     708.1                        18.82
                     713.0                        18.92
                     717.9                        19.02
                     722.8                        19.12
                     727.6                        19.21
                     732.5                        19.31
                     737.4                        19.41
                     742.3                        19.51
                     747.1                        19.60
                     752.0                        19.70
                     756.9                        19.80
                     761.8                        19.89
                     766.6                        19.99
                     771.5                        20.09
                     776.4                        20.18
                     781.3                        20.28
                     786.1                        20.37
                     791.0                        20.47
                     795.9                        20.57
                     800.8                        20.66
                     805.6                        20.76
                     810.5                        20.85
                     815.4                        20.95
                     820.3                        21.05
                     825.1                        21.14
                     830.0                        21.24
                     834.9                        21.33
                     839.8                        21.43
                     844.6                        21.52
                     849.5                        21.62
                     854.4                        21.71
                     859.3                        21.81
                     864.1                        21.90
                     869.0                        22.00
                     873.9                        22.09
                     878.8                        22.18
                     883.6                        22.28
                     888.5                        22.37
                     893.4                        22.47
                     898.3                        22.56
                     903.1                        22.66
                     908.0                        22.75
                     912.9                        22.84
                     917.8                        22.94
                     922.6                        23.03
                     927.5                        23.12
                     932.4                        23.22
                     937.3                        23.31
                     942.1                        23.41
                     947.0                        23.50
                     951.9                        23.59
                     956.8                        23.69
                     961.6                        23.78
                     966.5                        23.87
                     971.4                        23.96
                     976.3                        24.06
                     981.1                        24.15
                     986.0                        24.24
                     990.9                        24.34
                     995.8                        24.43
                    1000.6                        24.52
                    1005.5                        24.61
                    1010.4                        24.71
                    1015.3                        24.80
                    1020.1                        24.89
                    1025.0                        24.98
                    1029.9                        25.07
                    1034.8                        25.17
                    1039.6                        25.26
                    1044.5                        25.35
                    1049.4                        25.44
                    1054.3                        25.53
                    1059.1                        25.63
                    1064.0                        25.72
                    1068.9                        25.81
                    1073.8                        25.90
                    1078.6                        25.99
                    1083.5                        26.08
                    1088.4                        26.18
                    1093.3                        26.27
                    1098.1                        26.36
                    1103.0                        26.45
                    1107.9                        26.54
                    1112.8                        26.63
                    1117.6                        26.72
                    1122.5                        26.81
                    1127.4                        26.90
                    1132.3                        26.99
                    1137.1                        27.09
                    1142.0                        27.18
                    1146.9                        27.27
                    1151.8                        27.36
                    1156.6                        27.45
                    1161.5                        27.54
                    1166.4                        27.63
                    1171.3                        27.72
                    1176.1                        27.81
                    1181.0                        27.90
                    1185.9                        27.99
                    1190.8                        28.08
                    1195.6                        28.17
                    1200.5                        28.26
                    1205.4                        28.35
                    1210.3                        28.44
                    1215.1                        28.53
                    1220.0                        28.62
                    1224.9                        28.71
                    1229.8                        28.80
                    1234.6                        28.89
                    1239.5                        28.98
                    1244.4                        29.07
                    1249.3                        29.16
                    1254.1                        29.25
                    1259.0                        29.34
                    1263.9                        29.42
                    1268.8                        29.51
                    1273.6                        29.60
                    1278.5                        29.69
                    1283.4                        29.78
                    1288.3                        29.87
                    1293.1                        29.96
                    1298.0                        30.05
                    1302.9                        30.14
                    1307.8                        30.23
                    1312.6                        30.31
                    1317.5                        30.40
                    1322.4                        30.49
                    1327.3                        30.58
                    1332.1                        30.67
                    1337.0                        30.76
                    1341.9                        30.85
                    1346.8                        30.93
                    1351.6                        31.02
                    1356.5                        31.11
                    1361.4                        31.20
                    1366.3                        31.29
                    1371.1                        31.38
                    1376.0                        31.46
                    1380.9                        31.55
                    1385.8                        31.64
                    1390.6                        31.73
                    1395.5                        31.82
                    1400.4                        31.90
                    1405.3                        31.99
                    1410.1                        32.08
                    1415.0                        32.17
                    1419.9                        32.26
                    1424.8                        32.34
                    1429.6                        32.43
                    1434.5                        32.52
                    1439.4                        32.61
                    1444.3                        32.69
                    1449.1                        32.78
                    1454.0                        32.87
                    1458.9                        32.96
                    1463.8                        33.04
                    1468.6                        33.13
                    1473.5                        33.22
                    1478.4                        33.30
                    1483.3                        33.39
                    1488.1                        33.48
                    1493.0                        33.57
                    1497.9                        33.65
                    1502.8                        33.74
                    1507.6                        33.83
                    1512.5                        33.91
                    1517.4                        34.00
                    1522.3                        34.09
                    1527.1                        34.17
                    1532.0                        34.26
                    1536.9                        34.35
                    1541.8                        34.43
                    1546.6                        34.52
                    1551.5                        34.61
                    1556.4                        34.69
                    1561.3                        34.78
                    1566.1                        34.87
                    1571.0                        34.95
                    1575.9                        35.04
                    1580.8                        35.13
                    1585.6                        35.21
                    1590.5                        35.30
                    1595.4                        35.39
                    1600.3                        35.47
                    1605.1                        35.56
                    1610.0                        35.64
                    1614.9                        35.73
                    1619.8                        35.82
                    1624.6                        35.90
                    1629.5                        35.99
                    1634.4                        36.07
                    1639.3                        36.16
                    1644.1                        36.24
                    1649.0                        36.33
                    1653.9                        36.42
                    1658.8                        36.50
                    1663.6                        36.59
                    1668.5                        36.67
                    1673.4                        36.76
                    1678.3                        36.84
                    1683.1                        36.93
                    1688.0                        37.02
                    1692.9                        37.10
                    1697.8                        37.19
                    1702.6                        37.27
                    1707.5                        37.36
                    1712.4                        37.44
                    1717.3                        37.53
                    1722.1                        37.61
                    1727.0                        37.70
                    1731.9                        37.78
                    1736.8                        37.87
                    1741.6                        37.95
                    1746.5                        38.04
                    1751.4                        38.12
                    1756.3                        38.21
                    1761.1                        38.29
                    1766.0                        38.38
                    1770.9                        38.46
                    1775.8                        38.55
                    1780.6                        38.63
                    1785.5                        38.72
                    1790.4                        38.80
                    1795.3                        38.89
                    1800.1                        38.97
                    1805.0                        39.06
                    1809.9                        39.14
                    1814.8                        39.23
                    1819.6                        39.31
                    1824.5                        39.39
                    1829.4                        39.48
                    1834.3                        39.56
                    1839.1                        39.65
                    1844.0                        39.73
                    1848.9                        39.82
                    1853.8                        39.90
                    1858.6                        39.99
                    1863.5                        40.07
                    1868.4                        40.15
                    1873.3                        40.24
                    1878.1                        40.32
                    1883.0                        40.41
                    1887.9                        40.49
                    1892.8                        40.57
                    1897.6                        40.66
                    1902.5                        40.74
                    1907.4                        40.83
                    1912.3                        40.91
                    1917.1                        40.99
                    1922.0                        41.08
                    1926.9                        41.16
                    1931.8                        41.25
                    1936.6                        41.33
                    1941.5                        41.41
                    1946.4                        41.50
                    1951.3                        41.58
                    1956.1                        41.66
                    1961.0                        41.75
                    1965.9                        41.83
                    1970.8                        41.92
                    1975.6                        42.00
                    1980.5                        42.08
                    1985.4                        42.17
                    1990.3                        42.25
                    1995.1                        42.33
                    2000.0                        42.42
