
ELEMENT:
                                      Ca

SOURCE:
                           Tanuma, Powell and Penn
                    Surface Interface Anal. 21 (1994) 165.
                 IMFP values determined from TPP-2M equation
                                       

ATOMIC WEIGHT:                40.07800

DENSITY:                       1.5400 g/cm**3

TABULATION:

______________________________________________________________________________

                    Energy                         IMFP
                      eV                        Angstroms
______________________________________________________________________________
                      50.0                         4.70
                      54.9                         4.91
                      59.8                         5.12
                      64.6                         5.32
                      69.5                         5.53
                      74.4                         5.72
                      79.3                         5.92
                      84.1                         6.11
                      89.0                         6.30
                      93.9                         6.50
                      98.8                         6.69
                     103.6                         6.87
                     108.5                         7.06
                     113.4                         7.25
                     118.3                         7.43
                     123.1                         7.62
                     128.0                         7.80
                     132.9                         7.98
                     137.8                         8.17
                     142.6                         8.35
                     147.5                         8.53
                     152.4                         8.71
                     157.3                         8.88
                     162.1                         9.06
                     167.0                         9.24
                     171.9                         9.41
                     176.8                         9.59
                     181.6                         9.76
                     186.5                         9.94
                     191.4                        10.11
                     196.3                        10.29
                     201.1                        10.46
                     206.0                        10.63
                     210.9                        10.80
                     215.8                        10.97
                     220.6                        11.14
                     225.5                        11.31
                     230.4                        11.48
                     235.3                        11.65
                     240.1                        11.81
                     245.0                        11.98
                     249.9                        12.15
                     254.8                        12.31
                     259.6                        12.48
                     264.5                        12.64
                     269.4                        12.81
                     274.3                        12.97
                     279.1                        13.14
                     284.0                        13.30
                     288.9                        13.46
                     293.8                        13.63
                     298.6                        13.79
                     303.5                        13.95
                     308.4                        14.11
                     313.3                        14.27
                     318.1                        14.43
                     323.0                        14.59
                     327.9                        14.75
                     332.8                        14.91
                     337.6                        15.07
                     342.5                        15.23
                     347.4                        15.39
                     352.3                        15.54
                     357.1                        15.70
                     362.0                        15.86
                     366.9                        16.02
                     371.8                        16.17
                     376.6                        16.33
                     381.5                        16.48
                     386.4                        16.64
                     391.3                        16.80
                     396.1                        16.95
                     401.0                        17.11
                     405.9                        17.26
                     410.8                        17.41
                     415.6                        17.57
                     420.5                        17.72
                     425.4                        17.87
                     430.3                        18.03
                     435.1                        18.18
                     440.0                        18.33
                     444.9                        18.49
                     449.8                        18.64
                     454.6                        18.79
                     459.5                        18.94
                     464.4                        19.09
                     469.3                        19.24
                     474.1                        19.39
                     479.0                        19.54
                     483.9                        19.69
                     488.8                        19.84
                     493.6                        19.99
                     498.5                        20.14
                     503.4                        20.29
                     508.3                        20.44
                     513.1                        20.59
                     518.0                        20.74
                     522.9                        20.89
                     527.8                        21.04
                     532.6                        21.18
                     537.5                        21.33
                     542.4                        21.48
                     547.3                        21.63
                     552.1                        21.77
                     557.0                        21.92
                     561.9                        22.07
                     566.8                        22.22
                     571.6                        22.36
                     576.5                        22.51
                     581.4                        22.65
                     586.3                        22.80
                     591.1                        22.95
                     596.0                        23.09
                     600.9                        23.24
                     605.8                        23.38
                     610.6                        23.53
                     615.5                        23.67
                     620.4                        23.82
                     625.3                        23.96
                     630.1                        24.10
                     635.0                        24.25
                     639.9                        24.39
                     644.8                        24.54
                     649.6                        24.68
                     654.5                        24.82
                     659.4                        24.97
                     664.3                        25.11
                     669.1                        25.25
                     674.0                        25.40
                     678.9                        25.54
                     683.8                        25.68
                     688.6                        25.82
                     693.5                        25.97
                     698.4                        26.11
                     703.3                        26.25
                     708.1                        26.39
                     713.0                        26.53
                     717.9                        26.67
                     722.8                        26.81
                     727.6                        26.96
                     732.5                        27.10
                     737.4                        27.24
                     742.3                        27.38
                     747.1                        27.52
                     752.0                        27.66
                     756.9                        27.80
                     761.8                        27.94
                     766.6                        28.08
                     771.5                        28.22
                     776.4                        28.36
                     781.3                        28.50
                     786.1                        28.64
                     791.0                        28.78
                     795.9                        28.92
                     800.8                        29.06
                     805.6                        29.20
                     810.5                        29.33
                     815.4                        29.47
                     820.3                        29.61
                     825.1                        29.75
                     830.0                        29.89
                     834.9                        30.03
                     839.8                        30.17
                     844.6                        30.30
                     849.5                        30.44
                     854.4                        30.58
                     859.3                        30.72
                     864.1                        30.85
                     869.0                        30.99
                     873.9                        31.13
                     878.8                        31.27
                     883.6                        31.40
                     888.5                        31.54
                     893.4                        31.68
                     898.3                        31.81
                     903.1                        31.95
                     908.0                        32.09
                     912.9                        32.22
                     917.8                        32.36
                     922.6                        32.50
                     927.5                        32.63
                     932.4                        32.77
                     937.3                        32.90
                     942.1                        33.04
                     947.0                        33.18
                     951.9                        33.31
                     956.8                        33.45
                     961.6                        33.58
                     966.5                        33.72
                     971.4                        33.85
                     976.3                        33.99
                     981.1                        34.12
                     986.0                        34.26
                     990.9                        34.39
                     995.8                        34.53
                    1000.6                        34.66
                    1005.5                        34.80
                    1010.4                        34.93
                    1015.3                        35.06
                    1020.1                        35.20
                    1025.0                        35.33
                    1029.9                        35.47
                    1034.8                        35.60
                    1039.6                        35.73
                    1044.5                        35.87
                    1049.4                        36.00
                    1054.3                        36.14
                    1059.1                        36.27
                    1064.0                        36.40
                    1068.9                        36.54
                    1073.8                        36.67
                    1078.6                        36.80
                    1083.5                        36.93
                    1088.4                        37.07
                    1093.3                        37.20
                    1098.1                        37.33
                    1103.0                        37.47
                    1107.9                        37.60
                    1112.8                        37.73
                    1117.6                        37.86
                    1122.5                        38.00
                    1127.4                        38.13
                    1132.3                        38.26
                    1137.1                        38.39
                    1142.0                        38.52
                    1146.9                        38.66
                    1151.8                        38.79
                    1156.6                        38.92
                    1161.5                        39.05
                    1166.4                        39.18
                    1171.3                        39.31
                    1176.1                        39.45
                    1181.0                        39.58
                    1185.9                        39.71
                    1190.8                        39.84
                    1195.6                        39.97
                    1200.5                        40.10
                    1205.4                        40.23
                    1210.3                        40.36
                    1215.1                        40.49
                    1220.0                        40.63
                    1224.9                        40.76
                    1229.8                        40.89
                    1234.6                        41.02
                    1239.5                        41.15
                    1244.4                        41.28
                    1249.3                        41.41
                    1254.1                        41.54
                    1259.0                        41.67
                    1263.9                        41.80
                    1268.8                        41.93
                    1273.6                        42.06
                    1278.5                        42.19
                    1283.4                        42.32
                    1288.3                        42.45
                    1293.1                        42.58
                    1298.0                        42.71
                    1302.9                        42.84
                    1307.8                        42.97
                    1312.6                        43.10
                    1317.5                        43.23
                    1322.4                        43.35
                    1327.3                        43.48
                    1332.1                        43.61
                    1337.0                        43.74
                    1341.9                        43.87
                    1346.8                        44.00
                    1351.6                        44.13
                    1356.5                        44.26
                    1361.4                        44.39
                    1366.3                        44.51
                    1371.1                        44.64
                    1376.0                        44.77
                    1380.9                        44.90
                    1385.8                        45.03
                    1390.6                        45.16
                    1395.5                        45.29
                    1400.4                        45.41
                    1405.3                        45.54
                    1410.1                        45.67
                    1415.0                        45.80
                    1419.9                        45.93
                    1424.8                        46.05
                    1429.6                        46.18
                    1434.5                        46.31
                    1439.4                        46.44
                    1444.3                        46.56
                    1449.1                        46.69
                    1454.0                        46.82
                    1458.9                        46.95
                    1463.8                        47.07
                    1468.6                        47.20
                    1473.5                        47.33
                    1478.4                        47.46
                    1483.3                        47.58
                    1488.1                        47.71
                    1493.0                        47.84
                    1497.9                        47.96
                    1502.8                        48.09
                    1507.6                        48.22
                    1512.5                        48.34
                    1517.4                        48.47
                    1522.3                        48.60
                    1527.1                        48.73
                    1532.0                        48.85
                    1536.9                        48.98
                    1541.8                        49.10
                    1546.6                        49.23
                    1551.5                        49.36
                    1556.4                        49.48
                    1561.3                        49.61
                    1566.1                        49.74
                    1571.0                        49.86
                    1575.9                        49.99
                    1580.8                        50.11
                    1585.6                        50.24
                    1590.5                        50.37
                    1595.4                        50.49
                    1600.3                        50.62
                    1605.1                        50.74
                    1610.0                        50.87
                    1614.9                        50.99
                    1619.8                        51.12
                    1624.6                        51.25
                    1629.5                        51.37
                    1634.4                        51.50
                    1639.3                        51.62
                    1644.1                        51.75
                    1649.0                        51.87
                    1653.9                        52.00
                    1658.8                        52.12
                    1663.6                        52.25
                    1668.5                        52.37
                    1673.4                        52.50
                    1678.3                        52.62
                    1683.1                        52.75
                    1688.0                        52.87
                    1692.9                        53.00
                    1697.8                        53.12
                    1702.6                        53.25
                    1707.5                        53.37
                    1712.4                        53.50
                    1717.3                        53.62
                    1722.1                        53.75
                    1727.0                        53.87
                    1731.9                        53.99
                    1736.8                        54.12
                    1741.6                        54.24
                    1746.5                        54.37
                    1751.4                        54.49
                    1756.3                        54.62
                    1761.1                        54.74
                    1766.0                        54.86
                    1770.9                        54.99
                    1775.8                        55.11
                    1780.6                        55.24
                    1785.5                        55.36
                    1790.4                        55.48
                    1795.3                        55.61
                    1800.1                        55.73
                    1805.0                        55.86
                    1809.9                        55.98
                    1814.8                        56.10
                    1819.6                        56.23
                    1824.5                        56.35
                    1829.4                        56.47
                    1834.3                        56.60
                    1839.1                        56.72
                    1844.0                        56.84
                    1848.9                        56.97
                    1853.8                        57.09
                    1858.6                        57.21
                    1863.5                        57.34
                    1868.4                        57.46
                    1873.3                        57.58
                    1878.1                        57.71
                    1883.0                        57.83
                    1887.9                        57.95
                    1892.8                        58.07
                    1897.6                        58.20
                    1902.5                        58.32
                    1907.4                        58.44
                    1912.3                        58.57
                    1917.1                        58.69
                    1922.0                        58.81
                    1926.9                        58.93
                    1931.8                        59.06
                    1936.6                        59.18
                    1941.5                        59.30
                    1946.4                        59.42
                    1951.3                        59.55
                    1956.1                        59.67
                    1961.0                        59.79
                    1965.9                        59.91
                    1970.8                        60.04
                    1975.6                        60.16
                    1980.5                        60.28
                    1985.4                        60.40
                    1990.3                        60.52
                    1995.1                        60.65
                    2000.0                        60.77
