
ELEMENT:
                                      As

SOURCE:
                           Tanuma, Powell and Penn
                    Surface Interface Anal. 21 (1994) 165.
                 IMFP values determined from TPP-2M equation
                                       

ATOMIC WEIGHT:                74.92160

DENSITY:                       5.7500 g/cm**3

TABULATION:

______________________________________________________________________________

                    Energy                         IMFP
                      eV                        Angstroms
______________________________________________________________________________
                      50.0                         4.59
                      54.9                         4.62
                      59.8                         4.65
                      64.6                         4.69
                      69.5                         4.73
                      74.4                         4.78
                      79.3                         4.84
                      84.1                         4.90
                      89.0                         4.97
                      93.9                         5.04
                      98.8                         5.12
                     103.6                         5.20
                     108.5                         5.28
                     113.4                         5.36
                     118.3                         5.44
                     123.1                         5.53
                     128.0                         5.62
                     132.9                         5.70
                     137.8                         5.79
                     142.6                         5.88
                     147.5                         5.97
                     152.4                         6.07
                     157.3                         6.16
                     162.1                         6.25
                     167.0                         6.34
                     171.9                         6.43
                     176.8                         6.53
                     181.6                         6.62
                     186.5                         6.71
                     191.4                         6.80
                     196.3                         6.90
                     201.1                         6.99
                     206.0                         7.08
                     210.9                         7.17
                     215.8                         7.27
                     220.6                         7.36
                     225.5                         7.45
                     230.4                         7.54
                     235.3                         7.64
                     240.1                         7.73
                     245.0                         7.82
                     249.9                         7.91
                     254.8                         8.00
                     259.6                         8.10
                     264.5                         8.19
                     269.4                         8.28
                     274.3                         8.37
                     279.1                         8.46
                     284.0                         8.55
                     288.9                         8.64
                     293.8                         8.73
                     298.6                         8.83
                     303.5                         8.92
                     308.4                         9.01
                     313.3                         9.10
                     318.1                         9.19
                     323.0                         9.28
                     327.9                         9.37
                     332.8                         9.46
                     337.6                         9.54
                     342.5                         9.63
                     347.4                         9.72
                     352.3                         9.81
                     357.1                         9.90
                     362.0                         9.99
                     366.9                        10.08
                     371.8                        10.17
                     376.6                        10.25
                     381.5                        10.34
                     386.4                        10.43
                     391.3                        10.52
                     396.1                        10.61
                     401.0                        10.69
                     405.9                        10.78
                     410.8                        10.87
                     415.6                        10.96
                     420.5                        11.04
                     425.4                        11.13
                     430.3                        11.22
                     435.1                        11.30
                     440.0                        11.39
                     444.9                        11.48
                     449.8                        11.56
                     454.6                        11.65
                     459.5                        11.73
                     464.4                        11.82
                     469.3                        11.90
                     474.1                        11.99
                     479.0                        12.08
                     483.9                        12.16
                     488.8                        12.25
                     493.6                        12.33
                     498.5                        12.42
                     503.4                        12.50
                     508.3                        12.59
                     513.1                        12.67
                     518.0                        12.75
                     522.9                        12.84
                     527.8                        12.92
                     532.6                        13.01
                     537.5                        13.09
                     542.4                        13.18
                     547.3                        13.26
                     552.1                        13.34
                     557.0                        13.43
                     561.9                        13.51
                     566.8                        13.59
                     571.6                        13.68
                     576.5                        13.76
                     581.4                        13.84
                     586.3                        13.93
                     591.1                        14.01
                     596.0                        14.09
                     600.9                        14.17
                     605.8                        14.26
                     610.6                        14.34
                     615.5                        14.42
                     620.4                        14.50
                     625.3                        14.59
                     630.1                        14.67
                     635.0                        14.75
                     639.9                        14.83
                     644.8                        14.91
                     649.6                        14.99
                     654.5                        15.08
                     659.4                        15.16
                     664.3                        15.24
                     669.1                        15.32
                     674.0                        15.40
                     678.9                        15.48
                     683.8                        15.56
                     688.6                        15.64
                     693.5                        15.73
                     698.4                        15.81
                     703.3                        15.89
                     708.1                        15.97
                     713.0                        16.05
                     717.9                        16.13
                     722.8                        16.21
                     727.6                        16.29
                     732.5                        16.37
                     737.4                        16.45
                     742.3                        16.53
                     747.1                        16.61
                     752.0                        16.69
                     756.9                        16.77
                     761.8                        16.85
                     766.6                        16.93
                     771.5                        17.01
                     776.4                        17.09
                     781.3                        17.17
                     786.1                        17.25
                     791.0                        17.33
                     795.9                        17.40
                     800.8                        17.48
                     805.6                        17.56
                     810.5                        17.64
                     815.4                        17.72
                     820.3                        17.80
                     825.1                        17.88
                     830.0                        17.96
                     834.9                        18.04
                     839.8                        18.11
                     844.6                        18.19
                     849.5                        18.27
                     854.4                        18.35
                     859.3                        18.43
                     864.1                        18.51
                     869.0                        18.58
                     873.9                        18.66
                     878.8                        18.74
                     883.6                        18.82
                     888.5                        18.90
                     893.4                        18.97
                     898.3                        19.05
                     903.1                        19.13
                     908.0                        19.21
                     912.9                        19.28
                     917.8                        19.36
                     922.6                        19.44
                     927.5                        19.52
                     932.4                        19.59
                     937.3                        19.67
                     942.1                        19.75
                     947.0                        19.83
                     951.9                        19.90
                     956.8                        19.98
                     961.6                        20.06
                     966.5                        20.13
                     971.4                        20.21
                     976.3                        20.29
                     981.1                        20.36
                     986.0                        20.44
                     990.9                        20.52
                     995.8                        20.59
                    1000.6                        20.67
                    1005.5                        20.75
                    1010.4                        20.82
                    1015.3                        20.90
                    1020.1                        20.98
                    1025.0                        21.05
                    1029.9                        21.13
                    1034.8                        21.20
                    1039.6                        21.28
                    1044.5                        21.36
                    1049.4                        21.43
                    1054.3                        21.51
                    1059.1                        21.58
                    1064.0                        21.66
                    1068.9                        21.74
                    1073.8                        21.81
                    1078.6                        21.89
                    1083.5                        21.96
                    1088.4                        22.04
                    1093.3                        22.11
                    1098.1                        22.19
                    1103.0                        22.26
                    1107.9                        22.34
                    1112.8                        22.41
                    1117.6                        22.49
                    1122.5                        22.56
                    1127.4                        22.64
                    1132.3                        22.71
                    1137.1                        22.79
                    1142.0                        22.86
                    1146.9                        22.94
                    1151.8                        23.01
                    1156.6                        23.09
                    1161.5                        23.16
                    1166.4                        23.24
                    1171.3                        23.31
                    1176.1                        23.39
                    1181.0                        23.46
                    1185.9                        23.54
                    1190.8                        23.61
                    1195.6                        23.69
                    1200.5                        23.76
                    1205.4                        23.83
                    1210.3                        23.91
                    1215.1                        23.98
                    1220.0                        24.06
                    1224.9                        24.13
                    1229.8                        24.21
                    1234.6                        24.28
                    1239.5                        24.35
                    1244.4                        24.43
                    1249.3                        24.50
                    1254.1                        24.58
                    1259.0                        24.65
                    1263.9                        24.72
                    1268.8                        24.80
                    1273.6                        24.87
                    1278.5                        24.94
                    1283.4                        25.02
                    1288.3                        25.09
                    1293.1                        25.17
                    1298.0                        25.24
                    1302.9                        25.31
                    1307.8                        25.39
                    1312.6                        25.46
                    1317.5                        25.53
                    1322.4                        25.61
                    1327.3                        25.68
                    1332.1                        25.75
                    1337.0                        25.83
                    1341.9                        25.90
                    1346.8                        25.97
                    1351.6                        26.05
                    1356.5                        26.12
                    1361.4                        26.19
                    1366.3                        26.26
                    1371.1                        26.34
                    1376.0                        26.41
                    1380.9                        26.48
                    1385.8                        26.56
                    1390.6                        26.63
                    1395.5                        26.70
                    1400.4                        26.77
                    1405.3                        26.85
                    1410.1                        26.92
                    1415.0                        26.99
                    1419.9                        27.06
                    1424.8                        27.14
                    1429.6                        27.21
                    1434.5                        27.28
                    1439.4                        27.35
                    1444.3                        27.43
                    1449.1                        27.50
                    1454.0                        27.57
                    1458.9                        27.64
                    1463.8                        27.72
                    1468.6                        27.79
                    1473.5                        27.86
                    1478.4                        27.93
                    1483.3                        28.00
                    1488.1                        28.08
                    1493.0                        28.15
                    1497.9                        28.22
                    1502.8                        28.29
                    1507.6                        28.36
                    1512.5                        28.44
                    1517.4                        28.51
                    1522.3                        28.58
                    1527.1                        28.65
                    1532.0                        28.72
                    1536.9                        28.79
                    1541.8                        28.87
                    1546.6                        28.94
                    1551.5                        29.01
                    1556.4                        29.08
                    1561.3                        29.15
                    1566.1                        29.22
                    1571.0                        29.30
                    1575.9                        29.37
                    1580.8                        29.44
                    1585.6                        29.51
                    1590.5                        29.58
                    1595.4                        29.65
                    1600.3                        29.72
                    1605.1                        29.79
                    1610.0                        29.87
                    1614.9                        29.94
                    1619.8                        30.01
                    1624.6                        30.08
                    1629.5                        30.15
                    1634.4                        30.22
                    1639.3                        30.29
                    1644.1                        30.36
                    1649.0                        30.43
                    1653.9                        30.50
                    1658.8                        30.58
                    1663.6                        30.65
                    1668.5                        30.72
                    1673.4                        30.79
                    1678.3                        30.86
                    1683.1                        30.93
                    1688.0                        31.00
                    1692.9                        31.07
                    1697.8                        31.14
                    1702.6                        31.21
                    1707.5                        31.28
                    1712.4                        31.35
                    1717.3                        31.42
                    1722.1                        31.49
                    1727.0                        31.56
                    1731.9                        31.64
                    1736.8                        31.71
                    1741.6                        31.78
                    1746.5                        31.85
                    1751.4                        31.92
                    1756.3                        31.99
                    1761.1                        32.06
                    1766.0                        32.13
                    1770.9                        32.20
                    1775.8                        32.27
                    1780.6                        32.34
                    1785.5                        32.41
                    1790.4                        32.48
                    1795.3                        32.55
                    1800.1                        32.62
                    1805.0                        32.69
                    1809.9                        32.76
                    1814.8                        32.83
                    1819.6                        32.90
                    1824.5                        32.97
                    1829.4                        33.04
                    1834.3                        33.11
                    1839.1                        33.18
                    1844.0                        33.25
                    1848.9                        33.32
                    1853.8                        33.39
                    1858.6                        33.46
                    1863.5                        33.53
                    1868.4                        33.60
                    1873.3                        33.67
                    1878.1                        33.73
                    1883.0                        33.80
                    1887.9                        33.87
                    1892.8                        33.94
                    1897.6                        34.01
                    1902.5                        34.08
                    1907.4                        34.15
                    1912.3                        34.22
                    1917.1                        34.29
                    1922.0                        34.36
                    1926.9                        34.43
                    1931.8                        34.50
                    1936.6                        34.57
                    1941.5                        34.64
                    1946.4                        34.71
                    1951.3                        34.78
                    1956.1                        34.84
                    1961.0                        34.91
                    1965.9                        34.98
                    1970.8                        35.05
                    1975.6                        35.12
                    1980.5                        35.19
                    1985.4                        35.26
                    1990.3                        35.33
                    1995.1                        35.40
                    2000.0                        35.47
