
ELEMENT:
                                      Ag

SOURCE:
                           Tanuma, Powell and Penn
                    Surface Interface Anal. 17 (1991) 911.
       IMFP values determined from optical data and a theoretical model
                                       

ATOMIC WEIGHT:               107.86820

DENSITY:                      10.5000 g/cm**3

TABULATION:

______________________________________________________________________________

                    Energy                         IMFP
                      eV                        Angstroms
______________________________________________________________________________
                      50.0                         6.12
                      54.9                         5.97
                      59.8                         5.74
                      64.6                         5.52
                      69.5                         5.32
                      74.4                         5.17
                      79.3                         5.04
                      84.1                         4.95
                      89.0                         4.88
                      93.9                         4.83
                      98.8                         4.79
                     103.6                         4.77
                     108.5                         4.76
                     113.4                         4.76
                     118.3                         4.77
                     123.1                         4.78
                     128.0                         4.80
                     132.9                         4.82
                     137.8                         4.85
                     142.6                         4.88
                     147.5                         4.92
                     152.4                         4.95
                     157.3                         4.99
                     162.1                         5.03
                     167.0                         5.08
                     171.9                         5.12
                     176.8                         5.17
                     181.6                         5.21
                     186.5                         5.26
                     191.4                         5.31
                     196.3                         5.36
                     201.1                         5.41
                     206.0                         5.46
                     210.9                         5.51
                     215.8                         5.56
                     220.6                         5.62
                     225.5                         5.67
                     230.4                         5.72
                     235.3                         5.78
                     240.1                         5.83
                     245.0                         5.88
                     249.9                         5.94
                     254.8                         5.99
                     259.6                         6.05
                     264.5                         6.10
                     269.4                         6.16
                     274.3                         6.21
                     279.1                         6.27
                     284.0                         6.33
                     288.9                         6.38
                     293.8                         6.44
                     298.6                         6.49
                     303.5                         6.55
                     308.4                         6.61
                     313.3                         6.66
                     318.1                         6.72
                     323.0                         6.77
                     327.9                         6.83
                     332.8                         6.89
                     337.6                         6.94
                     342.5                         7.00
                     347.4                         7.06
                     352.3                         7.11
                     357.1                         7.17
                     362.0                         7.22
                     366.9                         7.28
                     371.8                         7.34
                     376.6                         7.39
                     381.5                         7.45
                     386.4                         7.50
                     391.3                         7.56
                     396.1                         7.62
                     401.0                         7.67
                     405.9                         7.73
                     410.8                         7.78
                     415.6                         7.84
                     420.5                         7.90
                     425.4                         7.95
                     430.3                         8.01
                     435.1                         8.06
                     440.0                         8.12
                     444.9                         8.18
                     449.8                         8.23
                     454.6                         8.29
                     459.5                         8.34
                     464.4                         8.40
                     469.3                         8.45
                     474.1                         8.51
                     479.0                         8.56
                     483.9                         8.62
                     488.8                         8.67
                     493.6                         8.73
                     498.5                         8.78
                     503.4                         8.84
                     508.3                         8.89
                     513.1                         8.95
                     518.0                         9.00
                     522.9                         9.06
                     527.8                         9.11
                     532.6                         9.17
                     537.5                         9.22
                     542.4                         9.28
                     547.3                         9.33
                     552.1                         9.39
                     557.0                         9.44
                     561.9                         9.49
                     566.8                         9.55
                     571.6                         9.60
                     576.5                         9.66
                     581.4                         9.71
                     586.3                         9.77
                     591.1                         9.82
                     596.0                         9.87
                     600.9                         9.93
                     605.8                         9.98
                     610.6                        10.04
                     615.5                        10.09
                     620.4                        10.14
                     625.3                        10.20
                     630.1                        10.25
                     635.0                        10.30
                     639.9                        10.36
                     644.8                        10.41
                     649.6                        10.47
                     654.5                        10.52
                     659.4                        10.57
                     664.3                        10.63
                     669.1                        10.68
                     674.0                        10.73
                     678.9                        10.78
                     683.8                        10.84
                     688.6                        10.89
                     693.5                        10.94
                     698.4                        11.00
                     703.3                        11.05
                     708.1                        11.10
                     713.0                        11.16
                     717.9                        11.21
                     722.8                        11.26
                     727.6                        11.31
                     732.5                        11.37
                     737.4                        11.42
                     742.3                        11.47
                     747.1                        11.52
                     752.0                        11.58
                     756.9                        11.63
                     761.8                        11.68
                     766.6                        11.73
                     771.5                        11.79
                     776.4                        11.84
                     781.3                        11.89
                     786.1                        11.94
                     791.0                        11.99
                     795.9                        12.05
                     800.8                        12.10
                     805.6                        12.15
                     810.5                        12.20
                     815.4                        12.25
                     820.3                        12.31
                     825.1                        12.36
                     830.0                        12.41
                     834.9                        12.46
                     839.8                        12.51
                     844.6                        12.56
                     849.5                        12.62
                     854.4                        12.67
                     859.3                        12.72
                     864.1                        12.77
                     869.0                        12.82
                     873.9                        12.87
                     878.8                        12.92
                     883.6                        12.98
                     888.5                        13.03
                     893.4                        13.08
                     898.3                        13.13
                     903.1                        13.18
                     908.0                        13.23
                     912.9                        13.28
                     917.8                        13.33
                     922.6                        13.38
                     927.5                        13.44
                     932.4                        13.49
                     937.3                        13.54
                     942.1                        13.59
                     947.0                        13.64
                     951.9                        13.69
                     956.8                        13.74
                     961.6                        13.79
                     966.5                        13.84
                     971.4                        13.89
                     976.3                        13.94
                     981.1                        13.99
                     986.0                        14.04
                     990.9                        14.09
                     995.8                        14.14
                    1000.6                        14.19
                    1005.5                        14.25
                    1010.4                        14.30
                    1015.3                        14.35
                    1020.1                        14.40
                    1025.0                        14.45
                    1029.9                        14.50
                    1034.8                        14.55
                    1039.6                        14.60
                    1044.5                        14.65
                    1049.4                        14.70
                    1054.3                        14.75
                    1059.1                        14.80
                    1064.0                        14.85
                    1068.9                        14.90
                    1073.8                        14.95
                    1078.6                        15.00
                    1083.5                        15.05
                    1088.4                        15.10
                    1093.3                        15.15
                    1098.1                        15.20
                    1103.0                        15.24
                    1107.9                        15.29
                    1112.8                        15.34
                    1117.6                        15.39
                    1122.5                        15.44
                    1127.4                        15.49
                    1132.3                        15.54
                    1137.1                        15.59
                    1142.0                        15.64
                    1146.9                        15.69
                    1151.8                        15.74
                    1156.6                        15.79
                    1161.5                        15.84
                    1166.4                        15.89
                    1171.3                        15.94
                    1176.1                        15.99
                    1181.0                        16.04
                    1185.9                        16.08
                    1190.8                        16.13
                    1195.6                        16.18
                    1200.5                        16.23
                    1205.4                        16.28
                    1210.3                        16.33
                    1215.1                        16.38
                    1220.0                        16.43
                    1224.9                        16.48
                    1229.8                        16.53
                    1234.6                        16.57
                    1239.5                        16.62
                    1244.4                        16.67
                    1249.3                        16.72
                    1254.1                        16.77
                    1259.0                        16.82
                    1263.9                        16.87
                    1268.8                        16.92
                    1273.6                        16.96
                    1278.5                        17.01
                    1283.4                        17.06
                    1288.3                        17.11
                    1293.1                        17.16
                    1298.0                        17.21
                    1302.9                        17.25
                    1307.8                        17.30
                    1312.6                        17.35
                    1317.5                        17.40
                    1322.4                        17.45
                    1327.3                        17.50
                    1332.1                        17.54
                    1337.0                        17.59
                    1341.9                        17.64
                    1346.8                        17.69
                    1351.6                        17.74
                    1356.5                        17.79
                    1361.4                        17.83
                    1366.3                        17.88
                    1371.1                        17.93
                    1376.0                        17.98
                    1380.9                        18.03
                    1385.8                        18.07
                    1390.6                        18.12
                    1395.5                        18.17
                    1400.4                        18.22
                    1405.3                        18.27
                    1410.1                        18.31
                    1415.0                        18.36
                    1419.9                        18.41
                    1424.8                        18.46
                    1429.6                        18.51
                    1434.5                        18.55
                    1439.4                        18.60
                    1444.3                        18.65
                    1449.1                        18.70
                    1454.0                        18.74
                    1458.9                        18.79
                    1463.8                        18.84
                    1468.6                        18.89
                    1473.5                        18.93
                    1478.4                        18.98
                    1483.3                        19.03
                    1488.1                        19.08
                    1493.0                        19.12
                    1497.9                        19.17
                    1502.8                        19.22
                    1507.6                        19.27
                    1512.5                        19.31
                    1517.4                        19.36
                    1522.3                        19.41
                    1527.1                        19.46
                    1532.0                        19.50
                    1536.9                        19.55
                    1541.8                        19.60
                    1546.6                        19.65
                    1551.5                        19.69
                    1556.4                        19.74
                    1561.3                        19.79
                    1566.1                        19.83
                    1571.0                        19.88
                    1575.9                        19.93
                    1580.8                        19.98
                    1585.6                        20.02
                    1590.5                        20.07
                    1595.4                        20.12
                    1600.3                        20.16
                    1605.1                        20.21
                    1610.0                        20.26
                    1614.9                        20.30
                    1619.8                        20.35
                    1624.6                        20.40
                    1629.5                        20.45
                    1634.4                        20.49
                    1639.3                        20.54
                    1644.1                        20.59
                    1649.0                        20.63
                    1653.9                        20.68
                    1658.8                        20.73
                    1663.6                        20.77
                    1668.5                        20.82
                    1673.4                        20.87
                    1678.3                        20.91
                    1683.1                        20.96
                    1688.0                        21.01
                    1692.9                        21.05
                    1697.8                        21.10
                    1702.6                        21.15
                    1707.5                        21.19
                    1712.4                        21.24
                    1717.3                        21.29
                    1722.1                        21.33
                    1727.0                        21.38
                    1731.9                        21.42
                    1736.8                        21.47
                    1741.6                        21.52
                    1746.5                        21.56
                    1751.4                        21.61
                    1756.3                        21.66
                    1761.1                        21.70
                    1766.0                        21.75
                    1770.9                        21.80
                    1775.8                        21.84
                    1780.6                        21.89
                    1785.5                        21.93
                    1790.4                        21.98
                    1795.3                        22.03
                    1800.1                        22.07
                    1805.0                        22.12
                    1809.9                        22.17
                    1814.8                        22.21
                    1819.6                        22.26
                    1824.5                        22.30
                    1829.4                        22.35
                    1834.3                        22.40
                    1839.1                        22.44
                    1844.0                        22.49
                    1848.9                        22.53
                    1853.8                        22.58
                    1858.6                        22.63
                    1863.5                        22.67
                    1868.4                        22.72
                    1873.3                        22.76
                    1878.1                        22.81
                    1883.0                        22.86
                    1887.9                        22.90
                    1892.8                        22.95
                    1897.6                        22.99
                    1902.5                        23.04
                    1907.4                        23.08
                    1912.3                        23.13
                    1917.1                        23.18
                    1922.0                        23.22
                    1926.9                        23.27
                    1931.8                        23.31
                    1936.6                        23.36
                    1941.5                        23.40
                    1946.4                        23.45
                    1951.3                        23.50
                    1956.1                        23.54
                    1961.0                        23.59
                    1965.9                        23.63
                    1970.8                        23.68
                    1975.6                        23.72
                    1980.5                        23.77
                    1985.4                        23.81
                    1990.3                        23.86
                    1995.1                        23.91
                    2000.0                        23.95
