
ELEMENT:
                                      Ir

SOURCE:
                           Tanuma, Powell and Penn
                    Surface Interface Anal. 17 (1991) 911.
       IMFP values determined from optical data and a theoretical model
                                       

ATOMIC WEIGHT:               192.21700

DENSITY:                      22.5000 g/cm**3

TABULATION:

______________________________________________________________________________

                    Energy                         IMFP
                      eV                        Angstroms
______________________________________________________________________________
                      50.0                         5.31
                      54.9                         5.00
                      59.8                         4.78
                      64.6                         4.62
                      69.5                         4.51
                      74.4                         4.43
                      79.3                         4.38
                      84.1                         4.35
                      89.0                         4.34
                      93.9                         4.33
                      98.8                         4.34
                     103.6                         4.35
                     108.5                         4.37
                     113.4                         4.40
                     118.3                         4.43
                     123.1                         4.47
                     128.0                         4.50
                     132.9                         4.54
                     137.8                         4.59
                     142.6                         4.63
                     147.5                         4.68
                     152.4                         4.72
                     157.3                         4.77
                     162.1                         4.82
                     167.0                         4.87
                     171.9                         4.92
                     176.8                         4.98
                     181.6                         5.03
                     186.5                         5.08
                     191.4                         5.13
                     196.3                         5.19
                     201.1                         5.24
                     206.0                         5.30
                     210.9                         5.35
                     215.8                         5.41
                     220.6                         5.46
                     225.5                         5.52
                     230.4                         5.57
                     235.3                         5.63
                     240.1                         5.68
                     245.0                         5.74
                     249.9                         5.80
                     254.8                         5.85
                     259.6                         5.91
                     264.5                         5.96
                     269.4                         6.02
                     274.3                         6.07
                     279.1                         6.13
                     284.0                         6.19
                     288.9                         6.24
                     293.8                         6.30
                     298.6                         6.35
                     303.5                         6.41
                     308.4                         6.47
                     313.3                         6.52
                     318.1                         6.58
                     323.0                         6.63
                     327.9                         6.69
                     332.8                         6.74
                     337.6                         6.80
                     342.5                         6.85
                     347.4                         6.91
                     352.3                         6.96
                     357.1                         7.02
                     362.0                         7.08
                     366.9                         7.13
                     371.8                         7.19
                     376.6                         7.24
                     381.5                         7.30
                     386.4                         7.35
                     391.3                         7.40
                     396.1                         7.46
                     401.0                         7.51
                     405.9                         7.57
                     410.8                         7.62
                     415.6                         7.68
                     420.5                         7.73
                     425.4                         7.79
                     430.3                         7.84
                     435.1                         7.89
                     440.0                         7.95
                     444.9                         8.00
                     449.8                         8.06
                     454.6                         8.11
                     459.5                         8.16
                     464.4                         8.22
                     469.3                         8.27
                     474.1                         8.32
                     479.0                         8.38
                     483.9                         8.43
                     488.8                         8.48
                     493.6                         8.54
                     498.5                         8.59
                     503.4                         8.64
                     508.3                         8.70
                     513.1                         8.75
                     518.0                         8.80
                     522.9                         8.85
                     527.8                         8.91
                     532.6                         8.96
                     537.5                         9.01
                     542.4                         9.06
                     547.3                         9.12
                     552.1                         9.17
                     557.0                         9.22
                     561.9                         9.27
                     566.8                         9.33
                     571.6                         9.38
                     576.5                         9.43
                     581.4                         9.48
                     586.3                         9.53
                     591.1                         9.59
                     596.0                         9.64
                     600.9                         9.69
                     605.8                         9.74
                     610.6                         9.79
                     615.5                         9.84
                     620.4                         9.90
                     625.3                         9.95
                     630.1                        10.00
                     635.0                        10.05
                     639.9                        10.10
                     644.8                        10.15
                     649.6                        10.20
                     654.5                        10.25
                     659.4                        10.30
                     664.3                        10.36
                     669.1                        10.41
                     674.0                        10.46
                     678.9                        10.51
                     683.8                        10.56
                     688.6                        10.61
                     693.5                        10.66
                     698.4                        10.71
                     703.3                        10.76
                     708.1                        10.81
                     713.0                        10.86
                     717.9                        10.91
                     722.8                        10.96
                     727.6                        11.01
                     732.5                        11.06
                     737.4                        11.11
                     742.3                        11.16
                     747.1                        11.21
                     752.0                        11.26
                     756.9                        11.31
                     761.8                        11.36
                     766.6                        11.41
                     771.5                        11.46
                     776.4                        11.51
                     781.3                        11.56
                     786.1                        11.61
                     791.0                        11.66
                     795.9                        11.71
                     800.8                        11.76
                     805.6                        11.81
                     810.5                        11.86
                     815.4                        11.91
                     820.3                        11.96
                     825.1                        12.00
                     830.0                        12.05
                     834.9                        12.10
                     839.8                        12.15
                     844.6                        12.20
                     849.5                        12.25
                     854.4                        12.30
                     859.3                        12.35
                     864.1                        12.40
                     869.0                        12.44
                     873.9                        12.49
                     878.8                        12.54
                     883.6                        12.59
                     888.5                        12.64
                     893.4                        12.69
                     898.3                        12.74
                     903.1                        12.78
                     908.0                        12.83
                     912.9                        12.88
                     917.8                        12.93
                     922.6                        12.98
                     927.5                        13.03
                     932.4                        13.07
                     937.3                        13.12
                     942.1                        13.17
                     947.0                        13.22
                     951.9                        13.27
                     956.8                        13.31
                     961.6                        13.36
                     966.5                        13.41
                     971.4                        13.46
                     976.3                        13.51
                     981.1                        13.55
                     986.0                        13.60
                     990.9                        13.65
                     995.8                        13.70
                    1000.6                        13.74
                    1005.5                        13.79
                    1010.4                        13.84
                    1015.3                        13.89
                    1020.1                        13.94
                    1025.0                        13.98
                    1029.9                        14.03
                    1034.8                        14.08
                    1039.6                        14.12
                    1044.5                        14.17
                    1049.4                        14.22
                    1054.3                        14.27
                    1059.1                        14.31
                    1064.0                        14.36
                    1068.9                        14.41
                    1073.8                        14.45
                    1078.6                        14.50
                    1083.5                        14.55
                    1088.4                        14.60
                    1093.3                        14.64
                    1098.1                        14.69
                    1103.0                        14.74
                    1107.9                        14.78
                    1112.8                        14.83
                    1117.6                        14.88
                    1122.5                        14.92
                    1127.4                        14.97
                    1132.3                        15.02
                    1137.1                        15.06
                    1142.0                        15.11
                    1146.9                        15.16
                    1151.8                        15.20
                    1156.6                        15.25
                    1161.5                        15.30
                    1166.4                        15.34
                    1171.3                        15.39
                    1176.1                        15.44
                    1181.0                        15.48
                    1185.9                        15.53
                    1190.8                        15.57
                    1195.6                        15.62
                    1200.5                        15.67
                    1205.4                        15.71
                    1210.3                        15.76
                    1215.1                        15.81
                    1220.0                        15.85
                    1224.9                        15.90
                    1229.8                        15.94
                    1234.6                        15.99
                    1239.5                        16.04
                    1244.4                        16.08
                    1249.3                        16.13
                    1254.1                        16.17
                    1259.0                        16.22
                    1263.9                        16.27
                    1268.8                        16.31
                    1273.6                        16.36
                    1278.5                        16.40
                    1283.4                        16.45
                    1288.3                        16.49
                    1293.1                        16.54
                    1298.0                        16.59
                    1302.9                        16.63
                    1307.8                        16.68
                    1312.6                        16.72
                    1317.5                        16.77
                    1322.4                        16.81
                    1327.3                        16.86
                    1332.1                        16.90
                    1337.0                        16.95
                    1341.9                        16.99
                    1346.8                        17.04
                    1351.6                        17.09
                    1356.5                        17.13
                    1361.4                        17.18
                    1366.3                        17.22
                    1371.1                        17.27
                    1376.0                        17.31
                    1380.9                        17.36
                    1385.8                        17.40
                    1390.6                        17.45
                    1395.5                        17.49
                    1400.4                        17.54
                    1405.3                        17.58
                    1410.1                        17.63
                    1415.0                        17.67
                    1419.9                        17.72
                    1424.8                        17.76
                    1429.6                        17.81
                    1434.5                        17.85
                    1439.4                        17.90
                    1444.3                        17.94
                    1449.1                        17.99
                    1454.0                        18.03
                    1458.9                        18.08
                    1463.8                        18.12
                    1468.6                        18.17
                    1473.5                        18.21
                    1478.4                        18.25
                    1483.3                        18.30
                    1488.1                        18.34
                    1493.0                        18.39
                    1497.9                        18.43
                    1502.8                        18.48
                    1507.6                        18.52
                    1512.5                        18.57
                    1517.4                        18.61
                    1522.3                        18.66
                    1527.1                        18.70
                    1532.0                        18.74
                    1536.9                        18.79
                    1541.8                        18.83
                    1546.6                        18.88
                    1551.5                        18.92
                    1556.4                        18.97
                    1561.3                        19.01
                    1566.1                        19.05
                    1571.0                        19.10
                    1575.9                        19.14
                    1580.8                        19.19
                    1585.6                        19.23
                    1590.5                        19.28
                    1595.4                        19.32
                    1600.3                        19.36
                    1605.1                        19.41
                    1610.0                        19.45
                    1614.9                        19.50
                    1619.8                        19.54
                    1624.6                        19.58
                    1629.5                        19.63
                    1634.4                        19.67
                    1639.3                        19.72
                    1644.1                        19.76
                    1649.0                        19.80
                    1653.9                        19.85
                    1658.8                        19.89
                    1663.6                        19.93
                    1668.5                        19.98
                    1673.4                        20.02
                    1678.3                        20.07
                    1683.1                        20.11
                    1688.0                        20.15
                    1692.9                        20.20
                    1697.8                        20.24
                    1702.6                        20.28
                    1707.5                        20.33
                    1712.4                        20.37
                    1717.3                        20.42
                    1722.1                        20.46
                    1727.0                        20.50
                    1731.9                        20.55
                    1736.8                        20.59
                    1741.6                        20.63
                    1746.5                        20.68
                    1751.4                        20.72
                    1756.3                        20.76
                    1761.1                        20.81
                    1766.0                        20.85
                    1770.9                        20.89
                    1775.8                        20.94
                    1780.6                        20.98
                    1785.5                        21.02
                    1790.4                        21.07
                    1795.3                        21.11
                    1800.1                        21.15
                    1805.0                        21.20
                    1809.9                        21.24
                    1814.8                        21.28
                    1819.6                        21.33
                    1824.5                        21.37
                    1829.4                        21.41
                    1834.3                        21.46
                    1839.1                        21.50
                    1844.0                        21.54
                    1848.9                        21.58
                    1853.8                        21.63
                    1858.6                        21.67
                    1863.5                        21.71
                    1868.4                        21.76
                    1873.3                        21.80
                    1878.1                        21.84
                    1883.0                        21.89
                    1887.9                        21.93
                    1892.8                        21.97
                    1897.6                        22.01
                    1902.5                        22.06
                    1907.4                        22.10
                    1912.3                        22.14
                    1917.1                        22.19
                    1922.0                        22.23
                    1926.9                        22.27
                    1931.8                        22.31
                    1936.6                        22.36
                    1941.5                        22.40
                    1946.4                        22.44
                    1951.3                        22.48
                    1956.1                        22.53
                    1961.0                        22.57
                    1965.9                        22.61
                    1970.8                        22.66
                    1975.6                        22.70
                    1980.5                        22.74
                    1985.4                        22.78
                    1990.3                        22.83
                    1995.1                        22.87
                    2000.0                        22.91
