
ELEMENT:
                                      Pb

SOURCE:
                                     Koch
         Thesis, Eberhard-Karls-Universitat, Tubingen, Germany (1996)
           IMFPs determined from the intensity of the elastic peak
       Multiple elastic scattering simulated by the Monte Carlo method

ATOMIC WEIGHT:               207.20000

DENSITY:                      11.3000 g/cm**3

TABULATION:

______________________________________________________________________________

                    Energy                         IMFP
                      eV                        Angstroms
______________________________________________________________________________
                     600.0                        15.07
                     603.5                        15.13
                     607.0                        15.19
                     610.5                        15.26
                     614.0                        15.32
                     617.5                        15.38
                     621.0                        15.44
                     624.5                        15.51
                     628.0                        15.57
                     631.5                        15.63
                     635.0                        15.69
                     638.5                        15.76
                     642.0                        15.82
                     645.5                        15.88
                     649.0                        15.94
                     652.5                        16.00
                     656.0                        16.06
                     659.5                        16.12
                     663.0                        16.19
                     666.5                        16.25
                     670.0                        16.31
                     673.5                        16.37
                     677.0                        16.43
                     680.5                        16.49
                     684.0                        16.55
                     687.5                        16.61
                     691.0                        16.67
                     694.5                        16.73
                     698.0                        16.79
                     701.5                        16.85
                     705.0                        16.91
                     708.5                        16.97
                     712.0                        17.03
                     715.5                        17.09
                     719.0                        17.15
                     722.5                        17.21
                     726.0                        17.27
                     729.5                        17.33
                     733.0                        17.39
                     736.5                        17.45
                     740.0                        17.51
                     743.5                        17.57
                     747.0                        17.63
                     750.5                        17.69
                     754.0                        17.75
                     757.5                        17.81
                     761.0                        17.86
                     764.5                        17.92
                     768.0                        17.98
                     771.5                        18.04
                     775.0                        18.10
                     778.5                        18.16
                     782.0                        18.22
                     785.5                        18.27
                     789.0                        18.33
                     792.5                        18.39
                     796.0                        18.45
                     799.5                        18.51
                     803.0                        18.57
                     806.5                        18.62
                     810.0                        18.68
                     813.5                        18.74
                     817.0                        18.80
                     820.5                        18.85
                     824.0                        18.91
                     827.5                        18.97
                     831.0                        19.03
                     834.5                        19.08
                     838.0                        19.14
                     841.5                        19.20
                     845.0                        19.26
                     848.5                        19.31
                     852.0                        19.37
                     855.5                        19.43
                     859.0                        19.48
                     862.5                        19.54
                     866.0                        19.60
                     869.5                        19.65
                     873.0                        19.71
                     876.5                        19.77
                     880.0                        19.82
                     883.5                        19.88
                     887.0                        19.94
                     890.5                        19.99
                     894.0                        20.05
                     897.5                        20.10
                     901.0                        20.16
                     904.5                        20.22
                     908.0                        20.27
                     911.5                        20.33
                     915.0                        20.38
                     918.5                        20.44
                     922.0                        20.50
                     925.5                        20.55
                     929.0                        20.61
                     932.5                        20.66
                     936.0                        20.72
                     939.5                        20.77
                     943.0                        20.83
                     946.5                        20.88
                     950.0                        20.94
                     953.5                        21.00
                     957.0                        21.05
                     960.5                        21.11
                     964.0                        21.16
                     967.5                        21.22
                     971.0                        21.27
                     974.5                        21.33
                     978.0                        21.38
                     981.5                        21.43
                     985.0                        21.49
                     988.5                        21.54
                     992.0                        21.60
                     995.5                        21.65
                     999.0                        21.71
                    1002.5                        21.76
                    1006.0                        21.82
                    1009.5                        21.87
                    1013.0                        21.93
                    1016.5                        21.98
                    1020.0                        22.03
                    1023.5                        22.09
                    1027.0                        22.14
                    1030.5                        22.20
                    1034.0                        22.25
                    1037.5                        22.30
                    1041.0                        22.36
                    1044.5                        22.41
                    1048.0                        22.47
                    1051.5                        22.52
                    1055.0                        22.57
                    1058.5                        22.63
                    1062.0                        22.68
                    1065.5                        22.73
                    1069.0                        22.79
                    1072.5                        22.84
                    1076.0                        22.89
                    1079.5                        22.95
                    1083.0                        23.00
                    1086.5                        23.05
                    1090.0                        23.11
                    1093.5                        23.16
                    1097.0                        23.21
                    1100.5                        23.27
                    1104.0                        23.32
                    1107.5                        23.37
                    1111.0                        23.42
                    1114.5                        23.48
                    1118.0                        23.53
                    1121.5                        23.58
                    1125.0                        23.63
                    1128.5                        23.69
                    1132.0                        23.74
                    1135.5                        23.79
                    1139.0                        23.85
                    1142.5                        23.90
                    1146.0                        23.95
                    1149.5                        24.00
                    1153.0                        24.05
                    1156.5                        24.11
                    1160.0                        24.16
                    1163.5                        24.21
                    1167.0                        24.26
                    1170.5                        24.32
                    1174.0                        24.37
                    1177.5                        24.42
                    1181.0                        24.47
                    1184.5                        24.52
                    1188.0                        24.58
                    1191.5                        24.63
                    1195.0                        24.68
                    1198.5                        24.73
                    1202.0                        24.78
                    1205.5                        24.83
                    1209.0                        24.89
                    1212.5                        24.94
                    1216.0                        24.99
                    1219.5                        25.04
                    1223.0                        25.09
                    1226.5                        25.14
                    1230.0                        25.19
                    1233.5                        25.25
                    1237.0                        25.30
                    1240.5                        25.35
                    1244.0                        25.40
                    1247.5                        25.45
                    1251.0                        25.50
                    1254.5                        25.55
                    1258.0                        25.60
                    1261.5                        25.65
                    1265.0                        25.71
                    1268.5                        25.76
                    1272.0                        25.81
                    1275.5                        25.86
                    1279.0                        25.91
                    1282.5                        25.96
                    1286.0                        26.01
                    1289.5                        26.06
                    1293.0                        26.11
                    1296.5                        26.16
                    1300.0                        26.21
                    1303.5                        26.26
                    1307.0                        26.31
                    1310.5                        26.36
                    1314.0                        26.41
                    1317.5                        26.46
                    1321.0                        26.52
                    1324.5                        26.57
                    1328.0                        26.62
                    1331.5                        26.67
                    1335.0                        26.72
                    1338.5                        26.77
                    1342.0                        26.82
                    1345.5                        26.87
                    1349.0                        26.92
                    1352.5                        26.97
                    1356.0                        27.02
                    1359.5                        27.07
                    1363.0                        27.12
                    1366.5                        27.17
                    1370.0                        27.22
                    1373.5                        27.27
                    1377.0                        27.32
                    1380.5                        27.36
                    1384.0                        27.41
                    1387.5                        27.46
                    1391.0                        27.51
                    1394.5                        27.56
                    1398.0                        27.61
                    1401.5                        27.66
                    1405.0                        27.71
                    1408.5                        27.76
                    1412.0                        27.81
                    1415.5                        27.86
                    1419.0                        27.91
                    1422.5                        27.96
                    1426.0                        28.01
                    1429.5                        28.06
                    1433.0                        28.11
                    1436.5                        28.16
                    1440.0                        28.20
                    1443.5                        28.25
                    1447.0                        28.30
                    1450.5                        28.35
                    1454.0                        28.40
                    1457.5                        28.45
                    1461.0                        28.50
                    1464.5                        28.55
                    1468.0                        28.60
                    1471.5                        28.64
                    1475.0                        28.69
                    1478.5                        28.74
                    1482.0                        28.79
                    1485.5                        28.84
                    1489.0                        28.89
                    1492.5                        28.94
                    1496.0                        28.99
                    1499.5                        29.03
                    1503.0                        29.08
                    1506.5                        29.13
                    1510.0                        29.18
                    1513.5                        29.23
                    1517.0                        29.28
                    1520.5                        29.32
                    1524.0                        29.37
                    1527.5                        29.42
                    1531.0                        29.47
                    1534.5                        29.52
                    1538.0                        29.57
                    1541.5                        29.61
                    1545.0                        29.66
                    1548.5                        29.71
                    1552.0                        29.76
                    1555.5                        29.81
                    1559.0                        29.85
                    1562.5                        29.90
                    1566.0                        29.95
                    1569.5                        30.00
                    1573.0                        30.05
                    1576.5                        30.09
                    1580.0                        30.14
                    1583.5                        30.19
                    1587.0                        30.24
                    1590.5                        30.28
                    1594.0                        30.33
                    1597.5                        30.38
                    1601.0                        30.43
                    1604.5                        30.48
                    1608.0                        30.52
                    1611.5                        30.57
                    1615.0                        30.62
                    1618.5                        30.67
                    1622.0                        30.71
                    1625.5                        30.76
                    1629.0                        30.81
                    1632.5                        30.86
                    1636.0                        30.90
                    1639.5                        30.95
                    1643.0                        31.00
                    1646.5                        31.04
                    1650.0                        31.09
                    1653.5                        31.14
                    1657.0                        31.19
                    1660.5                        31.23
                    1664.0                        31.28
                    1667.5                        31.33
                    1671.0                        31.37
                    1674.5                        31.42
                    1678.0                        31.47
                    1681.5                        31.52
                    1685.0                        31.56
                    1688.5                        31.61
                    1692.0                        31.66
                    1695.5                        31.70
                    1699.0                        31.75
                    1702.5                        31.80
                    1706.0                        31.84
                    1709.5                        31.89
                    1713.0                        31.94
                    1716.5                        31.98
                    1720.0                        32.03
                    1723.5                        32.08
                    1727.0                        32.12
                    1730.5                        32.17
                    1734.0                        32.22
                    1737.5                        32.26
                    1741.0                        32.31
                    1744.5                        32.36
                    1748.0                        32.40
                    1751.5                        32.45
                    1755.0                        32.50
                    1758.5                        32.54
                    1762.0                        32.59
                    1765.5                        32.64
                    1769.0                        32.68
                    1772.5                        32.73
                    1776.0                        32.77
                    1779.5                        32.82
                    1783.0                        32.87
                    1786.5                        32.91
                    1790.0                        32.96
                    1793.5                        33.00
                    1797.0                        33.05
                    1800.5                        33.10
                    1804.0                        33.14
                    1807.5                        33.19
                    1811.0                        33.24
                    1814.5                        33.28
                    1818.0                        33.33
                    1821.5                        33.37
                    1825.0                        33.42
                    1828.5                        33.46
                    1832.0                        33.51
                    1835.5                        33.56
                    1839.0                        33.60
                    1842.5                        33.65
                    1846.0                        33.69
                    1849.5                        33.74
                    1853.0                        33.79
                    1856.5                        33.83
                    1860.0                        33.88
                    1863.5                        33.92
                    1867.0                        33.97
                    1870.5                        34.01
                    1874.0                        34.06
                    1877.5                        34.10
                    1881.0                        34.15
                    1884.5                        34.20
                    1888.0                        34.24
                    1891.5                        34.29
                    1895.0                        34.33
                    1898.5                        34.38
                    1902.0                        34.42
                    1905.5                        34.47
                    1909.0                        34.51
                    1912.5                        34.56
                    1916.0                        34.60
                    1919.5                        34.65
                    1923.0                        34.69
                    1926.5                        34.74
                    1930.0                        34.78
                    1933.5                        34.83
                    1937.0                        34.87
                    1940.5                        34.92
                    1944.0                        34.97
                    1947.5                        35.01
                    1951.0                        35.06
                    1954.5                        35.10
                    1958.0                        35.15
                    1961.5                        35.19
                    1965.0                        35.24
                    1968.5                        35.28
                    1972.0                        35.32
                    1975.5                        35.37
                    1979.0                        35.41
                    1982.5                        35.46
                    1986.0                        35.50
                    1989.5                        35.55
                    1993.0                        35.59
                    1996.5                        35.64
                    2000.0                        35.68
