370	0.2497	0.2494	0.2507	2	2	2
375	0.2741	0.2738	0.2752	2	2	2
380	0.2844	0.2841	0.2856	2	2	2
385	0.2866	0.2863	0.2877	2	2	2
390	0.2842	0.284	0.2854	2	2	2
395	0.2797	0.2794	0.2808	2	2	2
400	0.2743	0.2741	0.2754	2	2	2
405	0.2688	0.2686	0.27	2	2	2
410	0.2636	0.2635	0.2648	2	2	2
415	0.2588	0.2588	0.26	2	2	2
420	0.2545	0.2545	0.2557	2	2	2
425	0.2506	0.2506	0.2518	2	2	2
430	0.247	0.247	0.2483	2	2	2
435	0.2436	0.2437	0.2449	2	2	2
440	0.2404	0.2406	0.2417	2	2	2
445	0.2373	0.2375	0.2387	2	2	2
450	0.2343	0.2345	0.2356	2	2	2
455	0.2313	0.2315	0.2326	2	2	2
460	0.2282	0.2284	0.2295	2	2	2
465	0.2252	0.2254	0.2265	2	2	2
470	0.2221	0.2223	0.2234	2	2	2
475	0.2191	0.2193	0.2203	2	2	2
480	0.216	0.2162	0.2173	2	2	2
485	0.213	0.2132	0.2142	2	2	2
490	0.21	0.2102	0.2112	2	2	2
495	0.2071	0.2073	0.2082	2	2	2
500	0.2042	0.2044	0.2053	2	2	2
505	0.2014	0.2016	0.2025	2	2	2
510	0.1987	0.1988	0.1997	2	2	2
515	0.196	0.1961	0.197	2	2	2
520	0.1934	0.1935	0.1943	2	2	2
525	0.1908	0.1909	0.1918	2	2	2
530	0.1883	0.1884	0.1892	2	2	2
535	0.1859	0.1859	0.1868	2	2	2
540	0.1835	0.1835	0.1844	2	2	2
545	0.1812	0.1812	0.182	2	2	2
550	0.1789	0.1789	0.1797	2	2	2
555	0.1767	0.1766	0.1774	2	2	2
560	0.1744	0.1744	0.1752	2	2	2
565	0.1723	0.1722	0.1729	2	2	2
570	0.1701	0.17	0.1708	2	2	2
575	0.168	0.1679	0.1686	2	2	2
580	0.1659	0.1657	0.1665	2	2	2
585	0.1638	0.1637	0.1644	2	2	2
590	0.1618	0.1616	0.1623	2	2	2
595	0.1597	0.1596	0.1603	2	2	2
600	0.1577	0.1576	0.1583	2	2	2
605	0.1558	0.1556	0.1563	2	2	2
610	0.1538	0.1536	0.1543	2	2	2
615	0.1519	0.1517	0.1524	2	2	2
620	0.15	0.1498	0.1505	2	2	2
625	0.1482	0.148	0.1486	2	2	2
630	0.1464	0.1462	0.1468	2	2	2
635	0.1446	0.1444	0.145	2	2	2
640	0.1428	0.1426	0.1432	2	2	2
645	0.1411	0.1409	0.1415	2	2	2
650	0.1394	0.1392	0.1398	2	2	2
655	0.1377	0.1375	0.1381	2	2	2
660	0.136	0.1359	0.1365	2	2	2
665	0.1344	0.1343	0.1349	2	2	2
680	0.1297	0.1296	0.1302	2	2	2
700	0.1238	0.1237	0.1243	2	2	2
720	0.1182	0.1182	0.1187	2	2	2
740	0.113	0.113	0.1135	2	2	2
760	0.108	0.1081	0.1085	2	2	2
780	0.1034	0.1034	0.1039	2	2	2
800	0.09898	0.09905	0.09947	2	2	2
850	0.08913	0.0892	0.08957	2	2	2
900	0.08063	0.08068	0.081	2	2	2
950	0.07322	0.07321	0.0735	2	2	2
1000	0.06671	0.06667	0.06692	2	2	2
1041	0.06195	0.06189	0.06213	2	2	2
1050	0.06097	0.06091	0.06114	2	2	2
1100	0.05588	0.05582	0.05604	2	2	2
1150	0.05134	0.05131	0.0515	2	2	2
1200	0.04728	0.04728	0.04746	2	2	2
1250	0.04365	0.04368	0.04384	2	2	2
1253.6	0.0434	0.04344	0.0436	2	2	2
1300	0.04041	0.04046	0.0406	2	2	2
1350	0.0375	0.03755	0.03768	2	2	2
1400	0.03488	0.03493	0.03505	2	2	2
1450	0.03252	0.03255	0.03266	2	2	2
1486.6	0.03094	0.03095	0.03105	2	2	2
1500	0.03038	0.03039	0.03049	2	2	2
