190	0.5429	0.5437	0.5355	-0.5056	-0.5037	-0.4841
195	0.6303	0.6307	0.6235	-0.7725	-0.7711	-0.7461
200	0.6332	0.6331	0.6262	-0.7011	-0.7005	-0.676
205	0.6333	0.633	0.6264	-0.5625	-0.5625	-0.5388
210	0.6391	0.6387	0.6327	-0.4153	-0.4157	-0.3927
215	0.649	0.6487	0.6433	-0.2719	-0.2725	-0.2504
220	0.6613	0.6611	0.6563	-0.1357	-0.1363	-0.1152
225	0.6742	0.6742	0.67	-0.007888	-0.008552	0.01132
230	0.6866	0.6868	0.6832	0.1106	0.11	0.1285
235	0.6977	0.698	0.6949	0.2194	0.219	0.2361
240	0.7068	0.7073	0.7046	0.3186	0.3183	0.334
245	0.714	0.7146	0.7123	0.4085	0.4083	0.4226
250	0.7192	0.7199	0.7179	0.4897	0.4896	0.5025
255	0.7227	0.7235	0.7218	0.5629	0.5629	0.5745
260	0.7247	0.7256	0.7241	0.6288	0.629	0.6394
265	0.7257	0.7265	0.7252	0.6884	0.6886	0.698
270	0.7257	0.7265	0.7254	0.7424	0.7426	0.751
275	0.725	0.7257	0.7248	0.7916	0.7918	0.7992
280	0.7239	0.7244	0.7236	0.8365	0.8367	0.8433
285	0.7222	0.7227	0.722	0.8777	0.878	0.8837
290	0.7202	0.7205	0.72	0.9158	0.916	0.921
295	0.7179	0.718	0.7176	0.9511	0.9513	0.9556
300	0.7152	0.7151	0.7149	0.984	0.9842	0.9879
305	0.7121	0.7118	0.7117	1.015	1.015	1.018
310	0.7086	0.7082	0.7082	1.044	1.044	1.046
315	0.7047	0.7042	0.7043	1.071	1.071	1.073
320	0.7005	0.6998	0.7	1.096	1.096	1.098
325	0.6958	0.695	0.6953	1.12	1.12	1.121
330	0.6907	0.6898	0.6902	1.143	1.143	1.144
335	0.6852	0.6843	0.6847	1.164	1.164	1.165
340	0.6794	0.6785	0.679	1.185	1.185	1.185
345	0.6733	0.6723	0.6729	1.204	1.204	1.203
350	0.6669	0.666	0.6666	1.222	1.222	1.221
355	0.6603	0.6594	0.6601	1.239	1.239	1.238
360	0.6535	0.6527	0.6534	1.255	1.255	1.254
365	0.6466	0.6458	0.6466	1.271	1.271	1.269
370	0.6396	0.6389	0.6397	1.285	1.285	1.283
375	0.6325	0.6319	0.6327	1.299	1.299	1.297
380	0.6253	0.6249	0.6257	1.312	1.312	1.309
385	0.6182	0.6178	0.6187	1.324	1.324	1.322
390	0.6111	0.6108	0.6118	1.336	1.336	1.333
395	0.604	0.6039	0.6048	1.347	1.347	1.344
400	0.597	0.5969	0.5979	1.358	1.358	1.354
405	0.59	0.59	0.591	1.368	1.368	1.364
410	0.583	0.5832	0.5842	1.377	1.377	1.374
415	0.5761	0.5764	0.5774	1.386	1.386	1.383
420	0.5693	0.5696	0.5706	1.395	1.395	1.391
425	0.5625	0.5629	0.5639	1.403	1.404	1.4
430	0.5558	0.5563	0.5573	1.411	1.412	1.407
435	0.5491	0.5496	0.5506	1.419	1.419	1.415
440	0.5425	0.5431	0.5441	1.426	1.427	1.422
445	0.5359	0.5365	0.5375	1.434	1.434	1.429
450	0.5294	0.53	0.531	1.44	1.441	1.436
455	0.5229	0.5236	0.5246	1.447	1.447	1.442
460	0.5165	0.5172	0.5181	1.453	1.453	1.449
465	0.5102	0.5108	0.5118	1.459	1.459	1.455
470	0.5039	0.5045	0.5054	1.465	1.465	1.46
475	0.4976	0.4982	0.4992	1.471	1.471	1.466
480	0.4914	0.492	0.4929	1.476	1.476	1.471
500	0.4674	0.4677	0.4687	1.496	1.496	1.491
520	0.4446	0.4447	0.4455	1.513	1.513	1.507
540	0.423	0.4229	0.4237	1.528	1.527	1.522
560	0.4026	0.4023	0.4032	1.54	1.54	1.534
580	0.3834	0.383	0.3838	1.551	1.551	1.545
600	0.3651	0.3648	0.3656	1.561	1.56	1.555
620	0.3478	0.3475	0.3483	1.569	1.569	1.563
640	0.3314	0.3312	0.332	1.576	1.576	1.57
660	0.3158	0.3158	0.3165	1.582	1.582	1.576
680	0.3012	0.3012	0.3019	1.588	1.588	1.582
700	0.2873	0.2875	0.2882	1.592	1.593	1.587
720	0.2743	0.2746	0.2752	1.596	1.597	1.591
740	0.2622	0.2625	0.2631	1.6	1.6	1.595
760	0.2507	0.251	0.2516	1.603	1.603	1.598
780	0.24	0.2402	0.2407	1.606	1.606	1.6
800	0.2298	0.23	0.2305	1.608	1.608	1.602
850	0.2068	0.2067	0.2071	1.612	1.612	1.606
900	0.1866	0.1863	0.1867	1.615	1.614	1.609
950	0.1688	0.1685	0.1689	1.615	1.615	1.609
1000	0.153	0.1529	0.1532	1.615	1.614	1.609
1041	0.1414	0.1415	0.1418	1.613	1.613	1.608
1050	0.1391	0.1391	0.1394	1.613	1.613	1.608
1100	0.1267	0.1269	0.1272	1.61	1.611	1.606
1150	0.1158	0.1161	0.1163	1.607	1.608	1.603
1200	0.1063	0.1065	0.1067	1.604	1.605	1.6
1250	0.09778	0.09785	0.09803	1.601	1.601	1.597
1253.6	0.0972	0.09726	0.09745	1.6	1.601	1.596
1300	0.09017	0.09012	0.09029	1.597	1.597	1.593
1350	0.08329	0.08317	0.08333	1.593	1.593	1.588
1400	0.07704	0.07692	0.07706	1.589	1.588	1.584
1450	0.07135	0.07128	0.07141	1.584	1.583	1.579
1486.6	0.06751	0.06749	0.06761	1.58	1.58	1.576
1500	0.06616	0.06617	0.06629	1.579	1.579	1.575
