10	8.728	8.714	8.106	0.1125	0.1116	0.4175
10.2	8.811	8.794	8.197	0.1185	0.1173	0.4157
15	8.166	8.167	7.765	0.3421	0.3434	0.4875
16.71	7.209	7.202	6.857	0.4269	0.4278	0.5352
20	5.315	5.307	5.058	0.579	0.5785	0.6345
21.22	4.705	4.702	4.481	0.6308	0.6303	0.672
25	3.246	3.247	3.091	0.7788	0.7789	0.7871
26.86	2.732	2.728	2.596	0.8462	0.8462	0.8423
30	2.069	2.063	1.961	0.9525	0.9524	0.9329
35	1.366	1.367	1.297	1.106	1.106	1.07
40	0.9364	0.9359	0.8856	1.245	1.244	1.198
40.81	0.8836	0.8823	0.8345	1.266	1.265	1.218
45	0.6592	0.6567	0.6199	1.368	1.368	1.317
50	0.4709	0.4716	0.4439	1.478	1.479	1.426
55	0.3456	0.3465	0.3251	1.578	1.578	1.525
60	0.261	0.2599	0.243	1.667	1.666	1.615
65	0.1994	0.1986	0.1852	1.743	1.743	1.696
70	0.1536	0.1544	0.1434	1.808	1.809	1.767
75	0.121	0.1217	0.1126	1.865	1.866	1.83
80	0.09741	0.09703	0.08941	1.913	1.912	1.882
85	0.07884	0.07812	0.07173	1.949	1.949	1.925
90	0.06353	0.06348	0.05807	1.974	1.974	1.957
95	0.05155	0.05204	0.04741	1.988	1.988	1.978
100	0.04274	0.04302	0.03901	1.991	1.991	1.987
105	0.03607	0.03582	0.03235	1.981	1.981	1.983
110	0.03045	0.03004	0.02704	1.959	1.958	1.965
115	0.0255	0.02539	0.02277	1.922	1.923	1.933
120	0.0214	0.02163	0.01933	1.872	1.874	1.886
125	0.01829	0.01858	0.01654	1.811	1.811	1.825
130	0.01602	0.01607	0.01426	1.738	1.736	1.748
132.3	0.01514	0.01508	0.01336	1.701	1.696	1.707
135	0.01419	0.01401	0.0124	1.653	1.647	1.656
140	0.01251	0.0123	0.01087	1.551	1.546	1.551
145	0.01094	0.01088	0.009611	1.432	1.434	1.433
150	0.009596	0.009708	0.00857	1.304	1.314	1.305
151.4	0.009274	0.009418	0.008312	1.268	1.279	1.267
155	0.008566	0.008735	0.007707	1.178	1.187	1.168
160	0.007832	0.00792	0.006991	1.057	1.055	1.027
165	0.007276	0.007233	0.006394	0.9361	0.9198	0.8825
170	0.006772	0.006652	0.005897	0.8045	0.7845	0.7389
175	0.006261	0.006162	0.005481	0.66	0.6515	0.5984
180	0.005762	0.005749	0.005133	0.5126	0.5233	0.4635
185	0.005332	0.005401	0.004841	0.379	0.4018	0.3364
190	0.005007	0.005108	0.004596	0.2704	0.2881	0.2186
195	0.004789	0.004858	0.00439	0.1842	0.1829	0.1114
200	0.00464	0.004645	0.004217	0.1071	0.08693	0.01547
205	0.004513	0.004461	0.004071	0.02712	0.0007734	-0.06889
210	0.004375	0.004304	0.003949	-0.05821	-0.075	-0.1416
215	0.004219	0.004169	0.003846	-0.1407	-0.1402	-0.2031
220	0.004059	0.004054	0.003759	-0.209	-0.1951	-0.2538
225	0.003918	0.003957	0.003686	-0.2566	-0.2405	-0.2946
230	0.003815	0.003873	0.003625	-0.285	-0.2772	-0.3261
235	0.003753	0.003801	0.003573	-0.3018	-0.306	-0.3494
240	0.003724	0.003739	0.003528	-0.3153	-0.3276	-0.3653
245	0.003709	0.003683	0.003491	-0.3299	-0.3426	-0.3746
250	0.003687	0.003635	0.003459	-0.3447	-0.3517	-0.3781
255	0.003646	0.003592	0.003431	-0.3554	-0.3553	-0.3766
260	0.003586	0.003554	0.003407	-0.3586	-0.3542	-0.3708
265	0.003516	0.003521	0.003387	-0.3538	-0.349	-0.3614
270	0.003453	0.003492	0.003369	-0.343	-0.3404	-0.3487
275	0.003411	0.003466	0.003353	-0.3292	-0.3289	-0.3334
280	0.003396	0.003443	0.003339	-0.314	-0.3148	-0.3158
285	0.003403	0.003422	0.003326	-0.2981	-0.2985	-0.2964
290	0.00342	0.003402	0.003315	-0.281	-0.2803	-0.2755
295	0.00343	0.003383	0.003304	-0.2616	-0.2606	-0.2534
300	0.003422	0.003365	0.003294	-0.2394	-0.2397	-0.2303
305	0.003391	0.003348	0.003285	-0.2152	-0.2177	-0.2064
320	0.003258	0.003304	0.003257	-0.1472	-0.1483	-0.1325
340	0.00329	0.003251	0.00322	-0.05621	-0.05174	-0.03293
360	0.003196	0.003195	0.00318	0.05128	0.04287	0.06309
380	0.003102	0.003143	0.003135	0.1253	0.1333	0.1535
400	0.003151	0.003085	0.003086	0.2209	0.2184	0.2376
420	0.002987	0.003026	0.003034	0.3005	0.297	0.3152
440	0.00298	0.002967	0.002978	0.3638	0.3699	0.3864
460	0.002941	0.002904	0.002919	0.4438	0.4367	0.4517
480	0.002772	0.002842	0.002859	0.4968	0.4979	0.5115
500	0.002813	0.00278	0.002797	0.5489	0.5547	0.5665
520	0.00276	0.002714	0.002735	0.6128	0.6069	0.6172
540	0.00259	0.00265	0.002672	0.6558	0.6548	0.6639
560	0.002595	0.002587	0.002608	0.6963	0.6995	0.7071
580	0.002545	0.002523	0.002545	0.743	0.7406	0.7469
600	0.002409	0.00246	0.002482	0.7784	0.7786	0.7838
620	0.002418	0.002399	0.002419	0.8117	0.814	0.8181
640	0.002382	0.002336	0.002358	0.8485	0.8469	0.85
660	0.00222	0.002276	0.002298	0.8786	0.8775	0.8797
680	0.002185	0.002219	0.002239	0.905	0.9062	0.9075
700	0.002216	0.002162	0.002181	0.9328	0.933	0.9335
720	0.002107	0.002105	0.002125	0.9579	0.9581	0.9578
740	0.002004	0.002052	0.00207	0.9816	0.9815	0.9806
760	0.002023	0.001999	0.002017	1.004	1.004	1.002
780	0.001984	0.001947	0.001966	1.023	1.024	1.022
800	0.001857	0.001897	0.001915	1.042	1.044	1.041
850	0.001831	0.001779	0.001795	1.088	1.088	1.084
900	0.001656	0.001669	0.001684	1.13	1.126	1.121
950	0.001543	0.001566	0.001581	1.155	1.16	1.154
1000	0.001519	0.001471	0.001485	1.192	1.189	1.183
1041	0.001361	0.001399	0.001412	1.206	1.21	1.204
1050	0.001347	0.001384	0.001396	1.215	1.215	1.208
1100	0.001328	0.001302	0.001314	1.233	1.238	1.231
1150	0.001223	0.001228	0.001239	1.265	1.258	1.251
1200	0.001148	0.001158	0.001168	1.266	1.276	1.268
1250	0.001112	0.001094	0.001103	1.302	1.292	1.284
1253.6	0.001114	0.001089	0.001099	1.303	1.294	1.285
1300	0.001007	0.001033	0.001043	1.296	1.307	1.299
1350	0.001009	0.0009782	0.0009864	1.331	1.32	1.311
1400	0.0008976	0.000926	0.000934	1.321	1.332	1.323
1450	0.0009104	0.0008781	0.0008854	1.353	1.342	1.333
1486.6	0.0008333	0.0008447	0.000852	1.335	1.349	1.34
1500	0.0008047	0.000833	0.0008401	1.339	1.351	1.343
