35	2.422	2.421	1.95	0.6439	0.6511	0.694
40	2.36	2.369	1.996	1.274	1.276	1.357
40.81	2.382	2.391	2.033	1.364	1.365	1.445
45	2.717	2.721	2.431	1.61	1.609	1.654
50	3.654	3.649	3.421	1.444	1.444	1.444
55	5.122	5.115	4.933	1.099	1.099	1.092
60	6.986	6.986	6.837	0.8019	0.802	0.8023
65	9.17	9.179	9.053	0.5926	0.5929	0.6018
70	11.63	11.64	11.53	0.4538	0.4542	0.4691
75	14.25	14.26	14.16	0.3644	0.3645	0.383
80	16.88	16.87	16.78	0.309	0.3085	0.3288
85	19.3	19.29	19.21	0.2772	0.2763	0.2972
90	21.39	21.37	21.3	0.2624	0.2615	0.2821
95	23.08	23.07	22.99	0.2603	0.2596	0.2794
100	24.34	24.34	24.27	0.2678	0.2675	0.2862
105	25.16	25.16	25.1	0.2828	0.283	0.3003
110	25.49	25.5	25.43	0.3038	0.3043	0.3201
115	25.31	25.32	25.25	0.3295	0.3302	0.3445
120	24.6	24.6	24.54	0.359	0.3599	0.3725
125	23.42	23.42	23.35	0.3919	0.3925	0.4036
130	21.85	21.84	21.78	0.4274	0.4279	0.4373
132.3	21.04	21.02	20.96	0.4446	0.445	0.4537
135	20.03	20.01	19.95	0.4655	0.4656	0.4736
140	18.05	18.03	17.98	0.5058	0.5057	0.5122
145	16.03	16.02	15.96	0.5482	0.548	0.553
150	14.06	14.05	14	0.5929	0.5926	0.5962
151.4	13.52	13.51	13.46	0.6057	0.6055	0.6088
155	12.19	12.18	12.14	0.6397	0.6395	0.6418
160	10.46	10.46	10.42	0.6889	0.6888	0.6897
165	8.899	8.903	8.862	0.7405	0.7405	0.7402
170	7.515	7.521	7.483	0.7948	0.7949	0.7933
175	6.305	6.312	6.277	0.8518	0.852	0.8492
180	5.262	5.268	5.235	0.9119	0.912	0.9081
185	4.37	4.374	4.344	0.9752	0.9752	0.9702
190	3.614	3.615	3.588	1.042	1.042	1.036
195	2.976	2.975	2.95	1.112	1.112	1.105
200	2.44	2.438	2.415	1.187	1.186	1.179
205	1.992	1.989	1.968	1.265	1.264	1.256
210	1.619	1.615	1.596	1.347	1.346	1.338
215	1.31	1.305	1.289	1.433	1.432	1.424
220	1.054	1.05	1.035	1.521	1.521	1.513
225	0.8438	0.8408	0.8272	1.611	1.611	1.604
230	0.6723	0.6704	0.658	1.7	1.7	1.694
235	0.5336	0.5326	0.5215	1.782	1.782	1.778
240	0.4224	0.4223	0.4123	1.85	1.85	1.848
245	0.3344	0.335	0.326	1.892	1.892	1.892
250	0.266	0.2669	0.2589	1.889	1.889	1.891
255	0.2138	0.215	0.2077	1.818	1.819	1.822
260	0.1752	0.1764	0.1699	1.656	1.658	1.659
265	0.1478	0.149	0.1432	1.386	1.39	1.384
270	0.1297	0.1307	0.1256	1.013	1.019	1.003
275	0.1192	0.12	0.1155	0.5737	0.5812	0.5543
280	0.115	0.1155	0.1116	0.1279	0.1345	0.09985
285	0.1158	0.1162	0.1127	-0.2659	-0.2619	-0.2981
290	0.1207	0.1209	0.118	-0.5722	-0.5711	-0.603
295	0.1288	0.129	0.1265	-0.7833	-0.7843	-0.8083
300	0.1396	0.1397	0.1376	-0.9108	-0.9125	-0.9276
305	0.1523	0.1525	0.1508	-0.9736	-0.9749	-0.9818
310	0.1666	0.1668	0.1655	-0.9904	-0.9906	-0.9906
315	0.1821	0.1823	0.1813	-0.9764	-0.9752	-0.9699
320	0.1984	0.1987	0.198	-0.9426	-0.9402	-0.931
325	0.2153	0.2156	0.2152	-0.8969	-0.8936	-0.8817
330	0.2326	0.2328	0.2326	-0.8445	-0.8408	-0.827
340	0.2674	0.2675	0.2677	-0.7323	-0.7289	-0.7132
360	0.3347	0.3341	0.335	-0.5175	-0.5178	-0.5019
380	0.394	0.3931	0.3946	-0.3383	-0.3418	-0.3272
400	0.443	0.4425	0.4444	-0.1945	-0.1981	-0.1851
420	0.4817	0.4822	0.4843	-0.07797	-0.07922	-0.06782
440	0.5117	0.5129	0.5152	0.0195	0.02093	0.03077
460	0.5348	0.5356	0.5379	0.1041	0.1068	0.1152
480	0.5515	0.5513	0.5536	0.1793	0.1814	0.1885
500	0.5621	0.5609	0.5633	0.2465	0.2469	0.253
520	0.5671	0.5655	0.5679	0.3063	0.305	0.3103
540	0.567	0.5661	0.5684	0.3591	0.3571	0.3617
560	0.5631	0.5633	0.5656	0.4059	0.4042	0.4082
580	0.5567	0.5579	0.5601	0.4479	0.4472	0.4506
600	0.5488	0.5503	0.5524	0.4862	0.4865	0.4894
620	0.54	0.541	0.543	0.5218	0.5227	0.5251
640	0.5303	0.5303	0.5322	0.5552	0.5561	0.558
660	0.5195	0.5187	0.5205	0.5865	0.587	0.5885
680	0.5075	0.5062	0.508	0.6157	0.6157	0.6169
700	0.4944	0.4933	0.495	0.6428	0.6425	0.6434
720	0.4804	0.48	0.4817	0.6678	0.6675	0.6681
740	0.466	0.4665	0.4681	0.6911	0.6909	0.6913
760	0.4518	0.453	0.4545	0.7129	0.7129	0.713
780	0.4382	0.4395	0.4409	0.7335	0.7335	0.7335
800	0.4252	0.4262	0.4274	0.753	0.7529	0.7527
850	0.3944	0.3936	0.3947	0.7972	0.7968	0.7962
900	0.3635	0.3625	0.3636	0.8348	0.835	0.8341
950	0.3331	0.3336	0.3345	0.8676	0.8684	0.8672
1000	0.3061	0.3069	0.3076	0.8979	0.8978	0.8964
1041	0.2868	0.2865	0.2872	0.9206	0.9192	0.9177
1050	0.2827	0.2822	0.2829	0.9252	0.9237	0.9221
1100	0.2607	0.2596	0.2602	0.9474	0.9466	0.9449
1150	0.2391	0.239	0.2396	0.9655	0.9669	0.9651
1200	0.2194	0.2202	0.2207	0.9833	0.9851	0.9832
1250	0.2027	0.2031	0.2035	1.002	1.001	0.9992
1253.6	0.2016	0.2019	0.2023	1.003	1.002	1
1300	0.188	0.1875	0.1878	1.018	1.016	1.014
1350	0.174	0.1732	0.1735	1.03	1.028	1.026
1400	0.1603	0.1603	0.1606	1.038	1.04	1.038
1450	0.1478	0.1484	0.1487	1.047	1.05	1.048
1486.6	0.1399	0.1405	0.1407	1.055	1.057	1.055
1500	0.1372	0.1377	0.1379	1.058	1.059	1.057
