10.2	0.02159	0.02123	0.02579	2	2	2
15	0.215	0.215	0.2234	2	2	2
16.7	0.2462	0.2464	0.2542	2	2	2
20	0.2699	0.2703	0.2767	2	2	2
21.2	0.2714	0.2717	0.2776	2	2	2
25	0.2637	0.264	0.2686	2	2	2
26.8	0.2565	0.2568	0.2611	2	2	2
30	0.2417	0.2422	0.2457	2	2	2
35	0.2175	0.2182	0.2209	2	2	2
40	0.1951	0.1959	0.1979	2	2	2
40.8	0.1918	0.1925	0.1945	2	2	2
45	0.1752	0.1758	0.1774	2	2	2
50	0.1577	0.158	0.1594	2	2	2
55	0.1422	0.1424	0.1435	2	2	2
60	0.1285	0.1286	0.1295	2	2	2
65	0.1164	0.1165	0.1173	2	2	2
70	0.1057	0.1058	0.1065	2	2	2
75	0.0964	0.09645	0.09705	2	2	2
80	0.08817	0.08819	0.08871	2	2	2
85	0.08092	0.0809	0.08136	2	2	2
90	0.07454	0.07446	0.07487	2	2	2
95	0.06888	0.06875	0.06913	2	2	2
100	0.06379	0.06368	0.06402	2	2	2
105	0.05924	0.05916	0.05948	2	2	2
110	0.0552	0.05512	0.05542	2	2	2
115	0.05158	0.0515	0.05177	2	2	2
120	0.0483	0.04824	0.04849	2	2	2
125	0.04532	0.04529	0.04552	2	2	2
130	0.04264	0.04261	0.04283	2	2	2
132.3	0.0415	0.04147	0.04167	2	2	2
135	0.04023	0.04018	0.04038	2	2	2
140	0.03803	0.03796	0.03814	2	2	2
145	0.036	0.03592	0.0361	2	2	2
150	0.03411	0.03405	0.03422	2	2	2
151.4	0.03361	0.03356	0.03372	2	2	2
155	0.03238	0.03233	0.03249	2	2	2
160	0.0308	0.03075	0.03089	2	2	2
165	0.02933	0.02928	0.02942	2	2	2
170	0.02796	0.02792	0.02805	2	2	2
175	0.02667	0.02666	0.02679	2	2	2
180	0.02547	0.02549	0.02561	2	2	2
185	0.02436	0.0244	0.02451	2	2	2
190	0.02334	0.02338	0.02348	2	2	2
195	0.02239	0.02243	0.02253	2	2	2
200	0.02149	0.02153	0.02163	2	2	2
205	0.02065	0.0207	0.02079	2	2	2
210	0.01987	0.01991	0.01999	2	2	2
215	0.01913	0.01917	0.01925	2	2	2
220	0.01844	0.01847	0.01854	2	2	2
225	0.01779	0.01781	0.01788	2	2	2
230	0.01716	0.01718	0.01725	2	2	2
235	0.01656	0.01659	0.01665	2	2	2
240	0.01599	0.01602	0.01608	2	2	2
245	0.01545	0.01548	0.01554	2	2	2
250	0.01493	0.01497	0.01503	2	2	2
255	0.01444	0.01449	0.01454	2	2	2
260	0.01398	0.01402	0.01407	2	2	2
265	0.01353	0.01358	0.01362	2	2	2
270	0.01312	0.01315	0.0132	2	2	2
275	0.01272	0.01275	0.01279	2	2	2
280	0.01234	0.01236	0.01239	2	2	2
285	0.01198	0.01198	0.01202	2	2	2
290	0.01164	0.01162	0.01166	2	2	2
295	0.01131	0.01128	0.01131	2	2	2
300	0.01099	0.01095	0.01098	2	2	2
305	0.01068	0.01063	0.01066	2	2	2
320	0.009782	0.009752	0.009783	2	2	2
340	0.00872	0.008729	0.008757	2	2	2
360	0.007851	0.007851	0.007874	2	2	2
380	0.007133	0.00709	0.007112	2	2	2
400	0.006462	0.006428	0.006449	2	2	2
420	0.005822	0.005852	0.005871	2	2	2
440	0.005297	0.005349	0.005365	2	2	2
460	0.004918	0.004906	0.004919	2	2	2
480	0.004567	0.004511	0.004524	2	2	2
500	0.004154	0.004161	0.004174	2	2	2
520	0.003773	0.003852	0.003862	2	2	2
540	0.003549	0.003576	0.003583	2	2	2
560	0.003385	0.003324	0.003331	2	2	2
580	0.003127	0.003095	0.003103	2	2	2
600	0.00285	0.00289	0.002897	2	2	2
620	0.002661	0.002704	0.002709	2	2	2
640	0.002538	0.002534	0.002538	2	2	2
660	0.002409	0.002376	0.002381	2	2	2
680	0.002253	0.002232	0.002237	2	2	2
700	0.002096	0.0021	0.002105	2	2	2
720	0.001967	0.001979	0.001983	2	2	2
740	0.001865	0.001868	0.001871	2	2	2
760	0.001776	0.001764	0.001768	2	2	2
780	0.001686	0.001668	0.001672	2	2	2
800	0.001592	0.00158	0.001584	2	2	2
850	0.00138	0.001385	0.001389	2	2	2
900	0.001224	0.001223	0.001226	2	2	2
950	0.001084	0.001087	0.001089	2	2	2
1000	0.0009658	0.0009704	0.0009724	2	2	2
1041	0.0008896	0.0008873	0.0008891	2	2	2
1050	0.0008738	0.0008704	0.0008721	2	2	2
1100	0.0007875	0.0007837	0.0007854	2	2	2
1150	0.0007082	0.0007084	0.00071	2	2	2
1200	0.0006425	0.0006426	0.000644	2	2	2
1250	0.0005837	0.0005849	0.0005861	2	2	2
1253.6	0.0005797	0.000581	0.0005822	2	2	2
1300	0.0005313	0.000534	0.000535	2	2	2
1350	0.0004893	0.000489	0.0004898	2	2	2
1400	0.0004514	0.000449	0.0004498	2	2	2
1450	0.0004142	0.0004133	0.000414	2	2	2
1486.6	0.000389	0.0003897	0.0003903	2	2	2
1500	0.0003803	0.0003814	0.000382	2	2	2
