10.2	13.09	13.09	13.05	1.606	1.607	1.601
15	2.138	2.139	2.123	1.89	1.89	1.888
16.7	1.156	1.157	1.145	1.791	1.791	1.792
20	0.4257	0.4257	0.4188	1.05	1.049	1.052
21.2	0.3303	0.3303	0.3246	0.6344	0.6332	0.6333
25	0.2357	0.2359	0.2327	-0.2383	-0.2386	-0.242
26.8	0.2375	0.2377	0.2352	-0.2557	-0.2557	-0.2557
30	0.2607	0.2609	0.2594	-0.01194	-0.01191	-0.007909
35	0.3014	0.3017	0.301	0.4251	0.4251	0.4296
40	0.3265	0.3268	0.3266	0.736	0.7361	0.7391
40.8	0.3288	0.3292	0.3289	0.7754	0.7755	0.7783
45	0.3344	0.3347	0.3346	0.9478	0.9479	0.9496
50	0.3292	0.3293	0.3294	1.097	1.097	1.098
55	0.3153	0.3153	0.3154	1.206	1.206	1.206
60	0.2966	0.2965	0.2967	1.287	1.287	1.286
65	0.2758	0.2756	0.2758	1.349	1.349	1.349
70	0.2546	0.2545	0.2547	1.398	1.398	1.397
75	0.2343	0.2343	0.2345	1.437	1.437	1.436
80	0.2154	0.2153	0.2155	1.468	1.468	1.467
85	0.1979	0.1979	0.198	1.493	1.493	1.492
90	0.182	0.1819	0.1821	1.514	1.514	1.512
95	0.1675	0.1675	0.1677	1.531	1.531	1.529
100	0.1545	0.1544	0.1545	1.545	1.545	1.543
105	0.1425	0.1425	0.1426	1.556	1.556	1.555
110	0.1317	0.1316	0.1318	1.566	1.566	1.564
115	0.1218	0.1218	0.122	1.574	1.574	1.572
120	0.1129	0.1129	0.113	1.58	1.581	1.579
125	0.1048	0.1048	0.1049	1.586	1.586	1.584
130	0.09741	0.09745	0.09755	1.59	1.591	1.589
132.3	0.09424	0.0943	0.09438	1.592	1.593	1.591
135	0.09068	0.09076	0.09084	1.594	1.594	1.593
140	0.08459	0.08468	0.08475	1.597	1.597	1.596
145	0.07907	0.07914	0.0792	1.599	1.6	1.598
150	0.07407	0.07409	0.07415	1.601	1.601	1.6
151.4	0.07274	0.07276	0.07281	1.602	1.602	1.6
155	0.06948	0.06948	0.06954	1.603	1.603	1.601
160	0.06526	0.06527	0.06532	1.603	1.604	1.602
165	0.06138	0.06142	0.06146	1.604	1.604	1.602
170	0.05785	0.05788	0.05792	1.604	1.604	1.603
175	0.05461	0.05462	0.05465	1.604	1.604	1.602
180	0.05162	0.05161	0.05164	1.604	1.604	1.602
185	0.04883	0.04883	0.04886	1.603	1.603	1.601
190	0.04623	0.04625	0.04627	1.602	1.602	1.601
195	0.04381	0.04385	0.04387	1.601	1.601	1.6
200	0.04158	0.04161	0.04163	1.599	1.6	1.598
205	0.03951	0.03952	0.03954	1.598	1.598	1.597
210	0.03757	0.03757	0.03759	1.597	1.597	1.595
215	0.03575	0.03574	0.03576	1.595	1.595	1.594
220	0.03404	0.03403	0.03404	1.593	1.593	1.592
225	0.03243	0.03241	0.03243	1.591	1.592	1.59
230	0.03092	0.0309	0.03091	1.589	1.59	1.588
235	0.0295	0.02947	0.02949	1.587	1.587	1.586
240	0.02817	0.02813	0.02815	1.585	1.585	1.584
245	0.02691	0.02687	0.02688	1.583	1.583	1.581
250	0.02572	0.02568	0.02569	1.581	1.58	1.579
255	0.02459	0.02455	0.02457	1.578	1.578	1.577
260	0.02352	0.02349	0.02351	1.576	1.575	1.574
265	0.02251	0.02249	0.0225	1.573	1.573	1.571
270	0.02155	0.02155	0.02156	1.57	1.57	1.569
275	0.02066	0.02065	0.02066	1.567	1.567	1.566
280	0.01981	0.01981	0.01982	1.564	1.564	1.563
285	0.01901	0.01901	0.01902	1.561	1.561	1.56
290	0.01826	0.01825	0.01826	1.558	1.558	1.557
295	0.01754	0.01753	0.01754	1.555	1.555	1.554
300	0.01686	0.01685	0.01686	1.552	1.552	1.551
305	0.01622	0.0162	0.01621	1.549	1.549	1.548
320	0.01447	0.01444	0.01445	1.54	1.539	1.538
340	0.01248	0.01247	0.01247	1.528	1.526	1.525
360	0.01081	0.01083	0.01084	1.514	1.513	1.513
380	0.009448	0.009471	0.009475	1.5	1.501	1.5
400	0.008331	0.008328	0.008331	1.487	1.488	1.487
420	0.00738	0.007362	0.007365	1.476	1.475	1.474
440	0.006536	0.006539	0.006542	1.464	1.463	1.462
460	0.005802	0.005834	0.005836	1.45	1.45	1.45
480	0.005202	0.005225	0.005226	1.436	1.438	1.438
500	0.004713	0.004694	0.004694	1.425	1.426	1.426
520	0.004266	0.004228	0.004229	1.417	1.415	1.414
540	0.003822	0.003819	0.003821	1.406	1.403	1.403
560	0.003422	0.003461	0.003461	1.391	1.391	1.391
580	0.003122	0.003144	0.003144	1.376	1.38	1.38
600	0.002896	0.002863	0.002862	1.367	1.369	1.368
620	0.002651	0.002611	0.002612	1.361	1.357	1.357
640	0.00238	0.002388	0.002389	1.35	1.346	1.346
660	0.002158	0.00219	0.00219	1.334	1.335	1.335
680	0.001999	0.002012	0.002012	1.321	1.324	1.324
700	0.001865	0.001852	0.001852	1.311	1.313	1.313
720	0.001727	0.001708	0.001708	1.303	1.302	1.302
740	0.001585	0.001579	0.001579	1.294	1.292	1.292
760	0.001455	0.001462	0.001462	1.282	1.281	1.281
780	0.001347	0.001356	0.001356	1.271	1.271	1.271
800	0.001257	0.00126	0.00126	1.26	1.261	1.261
850	0.001064	0.001056	0.001056	1.237	1.237	1.236
900	0.00089	0.0008923	0.0008926	1.214	1.213	1.213
950	0.0007589	0.0007597	0.0007598	1.19	1.19	1.19
1000	0.0006524	0.000651	0.0006512	1.169	1.168	1.168
1041	0.0005747	0.0005764	0.0005764	1.151	1.151	1.151
1050	0.0005594	0.0005615	0.0005615	1.147	1.147	1.147
1100	0.0004855	0.0004872	0.0004871	1.127	1.127	1.127
1150	0.0004255	0.000425	0.0004249	1.107	1.107	1.107
1200	0.0003724	0.0003728	0.0003727	1.088	1.088	1.088
1250	0.0003275	0.0003287	0.0003285	1.069	1.069	1.069
1253.6	0.0003246	0.0003258	0.0003256	1.068	1.068	1.068
1300	0.0002914	0.0002911	0.0002909	1.052	1.052	1.052
1350	0.0002592	0.0002589	0.0002587	1.035	1.035	1.035
1400	0.0002312	0.0002311	0.0002309	1.018	1.018	1.018
1450	0.0002075	0.0002069	0.0002067	1.002	1.002	1.002
1486.6	0.0001919	0.0001912	0.000191	0.9904	0.9903	0.9904
1500	0.0001865	0.0001858	0.0001857	0.986	0.9861	0.9862
