15	16.72	16.7	16.53	1.948	1.948	1.941
20	50.13	50.2	50.02	1.42	1.42	1.415
21.22	38.01	38.02	37.86	1.542	1.542	1.535
25	13.52	13.49	13.4	1.784	1.783	1.776
26.86	8.091	8.077	8.009	1.829	1.829	1.824
30	3.589	3.598	3.552	1.755	1.755	1.756
35	1.266	1.273	1.245	1.05	1.051	1.055
40	0.7567	0.7576	0.7402	0.03177	0.02726	0.02178
40.81	0.734	0.7344	0.7182	-0.06933	-0.07364	-0.07921
45	0.7273	0.7257	0.7147	-0.2104	-0.2104	-0.2104
50	0.8239	0.8193	0.8124	0.04932	0.04945	0.05498
55	0.9335	0.9289	0.9249	0.3569	0.3546	0.361
60	1.02	1.02	1.018	0.6035	0.6013	0.6068
65	1.08	1.085	1.084	0.7903	0.7897	0.7938
70	1.117	1.122	1.122	0.9334	0.9341	0.9369
75	1.135	1.136	1.136	1.046	1.047	1.048
80	1.136	1.132	1.132	1.135	1.136	1.137
85	1.12	1.113	1.114	1.208	1.208	1.208
90	1.09	1.085	1.086	1.266	1.267	1.266
95	1.051	1.05	1.052	1.315	1.315	1.315
100	1.008	1.012	1.014	1.356	1.356	1.355
105	0.9665	0.9721	0.9735	1.391	1.391	1.39
110	0.9273	0.9315	0.9326	1.421	1.42	1.419
115	0.8903	0.891	0.8921	1.447	1.446	1.444
120	0.8541	0.8514	0.8524	1.469	1.468	1.466
125	0.8176	0.8128	0.814	1.488	1.487	1.485
130	0.7803	0.7757	0.777	1.504	1.504	1.502
132.3	0.7629	0.7592	0.7605	1.51	1.51	1.508
135	0.7426	0.7402	0.7416	1.518	1.518	1.516
140	0.7058	0.7064	0.7078	1.53	1.531	1.529
145	0.6711	0.6742	0.6755	1.541	1.543	1.54
150	0.6393	0.6437	0.6448	1.551	1.553	1.55
151.4	0.6309	0.6354	0.6364	1.554	1.555	1.553
155	0.6105	0.6146	0.6155	1.561	1.562	1.559
160	0.5844	0.5869	0.5876	1.57	1.57	1.567
165	0.5602	0.5604	0.5611	1.578	1.577	1.575
170	0.537	0.5352	0.5359	1.585	1.583	1.581
175	0.5142	0.5113	0.512	1.591	1.589	1.587
180	0.4915	0.4884	0.4892	1.595	1.594	1.592
185	0.4689	0.4668	0.4676	1.599	1.598	1.596
190	0.4467	0.4463	0.447	1.602	1.602	1.6
195	0.4256	0.4268	0.4276	1.604	1.606	1.604
200	0.4058	0.4085	0.4091	1.607	1.609	1.607
205	0.3878	0.3911	0.3916	1.609	1.612	1.61
210	0.3716	0.3746	0.3751	1.612	1.615	1.612
215	0.3569	0.359	0.3594	1.615	1.617	1.614
220	0.3434	0.3442	0.3445	1.618	1.618	1.616
225	0.3308	0.3302	0.3305	1.621	1.62	1.617
230	0.3186	0.3169	0.3172	1.623	1.621	1.619
235	0.3066	0.3042	0.3046	1.625	1.622	1.62
240	0.2946	0.2923	0.2926	1.626	1.623	1.621
245	0.2828	0.2809	0.2813	1.625	1.623	1.621
250	0.2711	0.2702	0.2706	1.625	1.624	1.622
255	0.2599	0.26	0.2604	1.623	1.624	1.622
260	0.2493	0.2504	0.2508	1.622	1.624	1.622
265	0.2395	0.2413	0.2416	1.621	1.624	1.622
270	0.2305	0.2326	0.2329	1.621	1.624	1.622
275	0.2225	0.2243	0.2246	1.621	1.624	1.622
280	0.2152	0.2165	0.2166	1.621	1.624	1.621
285	0.2084	0.2089	0.2091	1.622	1.623	1.621
290	0.2021	0.2017	0.2019	1.623	1.623	1.62
295	0.1961	0.1949	0.195	1.624	1.622	1.62
300	0.19	0.1883	0.1885	1.624	1.621	1.619
305	0.184	0.182	0.1822	1.624	1.62	1.618
310	0.1778	0.1759	0.1761	1.623	1.619	1.617
320	0.1655	0.1646	0.1649	1.62	1.617	1.615
340	0.1433	0.1447	0.1449	1.609	1.612	1.611
360	0.1275	0.1279	0.128	1.605	1.607	1.605
380	0.1148	0.1134	0.1135	1.605	1.601	1.599
400	0.1015	0.1009	0.1011	1.598	1.594	1.592
420	0.08919	0.09024	0.09037	1.583	1.586	1.585
440	0.08033	0.08107	0.08113	1.574	1.579	1.577
460	0.07376	0.07306	0.07312	1.572	1.571	1.569
480	0.06689	0.06604	0.06612	1.568	1.562	1.561
500	0.05959	0.05989	0.05998	1.555	1.554	1.553
520	0.05358	0.05452	0.05457	1.54	1.545	1.544
540	0.04948	0.04977	0.04979	1.531	1.537	1.536
560	0.04611	0.04552	0.04554	1.53	1.529	1.527
580	0.04223	0.04172	0.04176	1.526	1.52	1.519
600	0.03808	0.03834	0.03838	1.513	1.511	1.51
620	0.03467	0.03535	0.03537	1.498	1.503	1.502
640	0.03239	0.03266	0.03266	1.488	1.495	1.494
660	0.0306	0.03022	0.03022	1.485	1.487	1.486
680	0.02853	0.02801	0.02803	1.484	1.478	1.477
700	0.02608	0.02602	0.02604	1.475	1.47	1.469
720	0.02384	0.02422	0.02424	1.461	1.462	1.461
740	0.02225	0.02259	0.02259	1.447	1.454	1.453
760	0.02119	0.02109	0.02109	1.441	1.446	1.445
780	0.02015	0.01971	0.01971	1.44	1.439	1.438
800	0.0188	0.01844	0.01845	1.438	1.431	1.43
850	0.01538	0.01571	0.01572	1.407	1.412	1.411
900	0.01382	0.01349	0.01349	1.395	1.394	1.393
950	0.01151	0.01164	0.01165	1.381	1.375	1.375
1000	0.01002	0.01013	0.01013	1.349	1.357	1.357
1041	0.009336	0.009061	0.009065	1.347	1.343	1.343
1050	0.009094	0.008845	0.008851	1.346	1.34	1.34
1100	0.007521	0.00777	0.007774	1.324	1.323	1.323
1150	0.006887	0.006865	0.006861	1.298	1.307	1.306
1200	0.006245	0.006079	0.006082	1.297	1.29	1.29
1250	0.005207	0.005414	0.005414	1.275	1.275	1.274
1253.6	0.005158	0.005371	0.00537	1.272	1.273	1.273
1300	0.004878	0.004845	0.00484	1.252	1.259	1.259
1350	0.004484	0.00434	0.004341	1.25	1.244	1.244
1400	0.003759	0.003906	0.003906	1.231	1.23	1.229
1450	0.003523	0.00353	0.003525	1.208	1.215	1.215
1486.6	0.003435	0.003277	0.003275	1.205	1.205	1.205
1500	0.003345	0.00319	0.00319	1.204	1.202	1.201
