435	0.2569	0.2565	0.2578	2	2	2
440	0.2504	0.25	0.2513	2	2	2
445	0.2474	0.2469	0.2482	2	2	2
450	0.246	0.2456	0.2468	2	2	2
455	0.2449	0.2445	0.2458	2	2	2
460	0.2434	0.2431	0.2443	2	2	2
465	0.2412	0.2409	0.2421	2	2	2
470	0.2383	0.238	0.2392	2	2	2
475	0.2349	0.2347	0.2359	2	2	2
480	0.2314	0.2313	0.2324	2	2	2
485	0.2279	0.2278	0.2289	2	2	2
490	0.2245	0.2244	0.2256	2	2	2
495	0.2213	0.2213	0.2224	2	2	2
500	0.2183	0.2183	0.2194	2	2	2
505	0.2154	0.2155	0.2166	2	2	2
510	0.2127	0.2128	0.2139	2	2	2
515	0.2101	0.2102	0.2113	2	2	2
520	0.2075	0.2077	0.2087	2	2	2
525	0.2049	0.2051	0.2061	2	2	2
530	0.2024	0.2026	0.2036	2	2	2
535	0.1998	0.2	0.201	2	2	2
540	0.1973	0.1975	0.1985	2	2	2
545	0.1947	0.195	0.1959	2	2	2
550	0.1923	0.1925	0.1935	2	2	2
555	0.1898	0.1901	0.191	2	2	2
560	0.1875	0.1877	0.1886	2	2	2
565	0.1851	0.1854	0.1863	2	2	2
570	0.1829	0.1831	0.184	2	2	2
575	0.1807	0.1809	0.1818	2	2	2
580	0.1786	0.1788	0.1796	2	2	2
585	0.1765	0.1767	0.1775	2	2	2
590	0.1744	0.1746	0.1754	2	2	2
595	0.1724	0.1725	0.1733	2	2	2
600	0.1704	0.1705	0.1713	2	2	2
605	0.1684	0.1685	0.1693	2	2	2
610	0.1664	0.1665	0.1673	2	2	2
615	0.1645	0.1646	0.1653	2	2	2
620	0.1626	0.1626	0.1634	2	2	2
625	0.1607	0.1607	0.1615	2	2	2
630	0.1588	0.1588	0.1596	2	2	2
635	0.157	0.157	0.1577	2	2	2
640	0.1552	0.1552	0.1559	2	2	2
645	0.1534	0.1534	0.154	2	2	2
650	0.1516	0.1516	0.1523	2	2	2
655	0.1499	0.1498	0.1505	2	2	2
660	0.1482	0.1481	0.1488	2	2	2
665	0.1466	0.1465	0.1471	2	2	2
670	0.1449	0.1448	0.1455	2	2	2
675	0.1433	0.1432	0.1438	2	2	2
680	0.1417	0.1416	0.1422	2	2	2
685	0.1402	0.14	0.1406	2	2	2
690	0.1386	0.1385	0.1391	2	2	2
695	0.1371	0.1369	0.1376	2	2	2
700	0.1356	0.1354	0.136	2	2	2
705	0.1341	0.1339	0.1345	2	2	2
710	0.1327	0.1325	0.1331	2	2	2
715	0.1312	0.131	0.1316	2	2	2
720	0.1298	0.1296	0.1302	2	2	2
725	0.1284	0.1282	0.1288	2	2	2
740	0.1243	0.1241	0.1246	2	2	2
760	0.1191	0.1189	0.1194	2	2	2
780	0.1141	0.114	0.1145	2	2	2
800	0.1095	0.1093	0.1098	2	2	2
850	0.09888	0.09883	0.09927	2	2	2
900	0.08959	0.08964	0.09003	2	2	2
950	0.0815	0.0816	0.08196	2	2	2
1000	0.07441	0.07452	0.07483	2	2	2
1041	0.06923	0.06933	0.06961	2	2	2
1050	0.06817	0.06826	0.06853	2	2	2
1100	0.06266	0.06271	0.06295	2	2	2
1150	0.05776	0.05776	0.05798	2	2	2
1200	0.05338	0.05333	0.05353	2	2	2
1250	0.04943	0.04936	0.04955	2	2	2
1253.6	0.04916	0.04909	0.04928	2	2	2
1300	0.04586	0.04579	0.04596	2	2	2
1350	0.04262	0.04256	0.04272	2	2	2
1400	0.03968	0.03965	0.0398	2	2	2
1450	0.03701	0.03701	0.03714	2	2	2
1486.6	0.0352	0.03522	0.03535	2	2	2
1500	0.03457	0.0346	0.03473	2	2	2
