10.2	1.77e+06	1.769e+06	1.768e+06	0.7914	0.7914	0.7915
15	4.043	4.041	4.022	-0.02201	-0.02198	-0.01461
16.7	4.598	4.596	4.581	-0.05189	-0.05185	-0.04434
20	5.524	5.522	5.511	-0.006065	-0.005926	0.0006868
21.2	5.8	5.798	5.789	0.02253	0.02271	0.02888
25	6.432	6.43	6.423	0.1207	0.121	0.1258
26.8	6.599	6.597	6.59	0.1664	0.1667	0.1709
30	6.701	6.699	6.694	0.2429	0.2431	0.2466
35	6.484	6.481	6.478	0.3488	0.349	0.3514
40	6.019	6.016	6.013	0.4399	0.44	0.4417
40.8	5.934	5.931	5.929	0.4533	0.4534	0.455
45	5.479	5.476	5.474	0.5191	0.5192	0.5204
50	4.949	4.946	4.945	0.5889	0.589	0.5898
55	4.457	4.455	4.455	0.6513	0.6513	0.6519
60	4.008	4.007	4.006	0.7074	0.7075	0.7078
65	3.599	3.597	3.597	0.7582	0.7583	0.7584
70	3.225	3.223	3.223	0.8044	0.8044	0.8044
75	2.886	2.885	2.885	0.8462	0.8462	0.8461
80	2.581	2.58	2.58	0.8843	0.8843	0.8841
85	2.309	2.308	2.308	0.9189	0.9189	0.9186
90	2.068	2.067	2.067	0.9503	0.9503	0.95
95	1.856	1.855	1.855	0.9789	0.9789	0.9786
100	1.67	1.669	1.669	1.005	1.005	1.005
105	1.506	1.506	1.506	1.029	1.029	1.028
110	1.363	1.363	1.363	1.05	1.05	1.05
115	1.236	1.236	1.236	1.07	1.07	1.07
120	1.124	1.124	1.124	1.088	1.088	1.088
125	1.025	1.025	1.025	1.105	1.105	1.104
130	0.9361	0.9357	0.9358	1.12	1.12	1.12
132.3	0.8984	0.898	0.8982	1.127	1.127	1.126
135	0.8565	0.8562	0.8563	1.134	1.134	1.134
140	0.7851	0.7848	0.7849	1.147	1.147	1.146
145	0.7208	0.7205	0.7207	1.159	1.159	1.158
150	0.6628	0.6626	0.6627	1.169	1.169	1.169
151.4	0.6476	0.6475	0.6476	1.172	1.172	1.172
155	0.6105	0.6104	0.6105	1.179	1.179	1.179
160	0.5633	0.5632	0.5632	1.188	1.188	1.188
165	0.5205	0.5204	0.5205	1.196	1.196	1.196
170	0.4818	0.4817	0.4818	1.204	1.204	1.203
175	0.4466	0.4466	0.4467	1.211	1.211	1.21
180	0.4147	0.4147	0.4147	1.217	1.217	1.216
185	0.3856	0.3856	0.3857	1.222	1.222	1.222
190	0.3591	0.3591	0.3592	1.227	1.227	1.227
195	0.3349	0.3349	0.3349	1.232	1.232	1.231
200	0.3127	0.3127	0.3128	1.236	1.236	1.236
205	0.2924	0.2924	0.2924	1.239	1.239	1.239
210	0.2737	0.2737	0.2737	1.243	1.243	1.242
215	0.2565	0.2565	0.2565	1.245	1.245	1.245
220	0.2406	0.2406	0.2407	1.248	1.248	1.248
225	0.226	0.226	0.226	1.25	1.25	1.25
230	0.2124	0.2124	0.2124	1.252	1.252	1.251
235	0.1999	0.1999	0.1999	1.253	1.253	1.253
240	0.1883	0.1883	0.1883	1.255	1.255	1.254
245	0.1775	0.1775	0.1775	1.256	1.256	1.255
250	0.1675	0.1674	0.1675	1.256	1.256	1.256
255	0.1581	0.1581	0.1581	1.257	1.257	1.257
260	0.1495	0.1495	0.1495	1.257	1.257	1.257
265	0.1414	0.1414	0.1414	1.257	1.257	1.257
270	0.1339	0.1339	0.1339	1.257	1.257	1.257
275	0.1269	0.1269	0.1269	1.257	1.257	1.257
280	0.1203	0.1203	0.1203	1.257	1.257	1.256
285	0.1142	0.1142	0.1142	1.256	1.256	1.256
290	0.1085	0.1085	0.1084	1.255	1.255	1.255
295	0.1031	0.1031	0.1031	1.255	1.254	1.254
300	0.09808	0.09805	0.09805	1.254	1.253	1.253
305	0.09336	0.09333	0.09332	1.252	1.252	1.252
320	0.08082	0.08079	0.08079	1.249	1.248	1.248
340	0.06721	0.06721	0.0672	1.242	1.242	1.242
360	0.05636	0.05638	0.05637	1.234	1.234	1.234
380	0.04764	0.04765	0.04764	1.225	1.225	1.225
400	0.04057	0.04057	0.04056	1.216	1.216	1.216
420	0.03478	0.03477	0.03476	1.206	1.206	1.206
440	0.02999	0.02998	0.02997	1.195	1.195	1.195
460	0.02599	0.026	0.02599	1.184	1.184	1.184
480	0.02265	0.02266	0.02265	1.173	1.173	1.173
500	0.01983	0.01984	0.01983	1.162	1.162	1.162
520	0.01745	0.01744	0.01744	1.15	1.151	1.151
540	0.01542	0.0154	0.0154	1.139	1.139	1.139
560	0.01367	0.01366	0.01365	1.128	1.128	1.128
580	0.01215	0.01215	0.01215	1.117	1.117	1.117
600	0.01084	0.01085	0.01084	1.105	1.105	1.105
620	0.009705	0.00972	0.009713	1.093	1.094	1.094
640	0.008727	0.008733	0.008726	1.082	1.083	1.083
660	0.007873	0.007867	0.007861	1.072	1.072	1.072
680	0.007118	0.007106	0.0071	1.061	1.062	1.062
700	0.006443	0.006435	0.006429	1.051	1.051	1.051
720	0.005838	0.005841	0.005836	1.041	1.041	1.041
740	0.005303	0.005315	0.00531	1.03	1.03	1.03
760	0.004836	0.004846	0.004842	1.019	1.02	1.02
780	0.004429	0.004429	0.004424	1.009	1.01	1.01
800	0.004068	0.004054	0.00405	0.9996	1.001	1.001
850	0.003282	0.003277	0.003274	0.978	0.9769	0.977
900	0.002671	0.002678	0.002676	0.9538	0.9545	0.9546
950	0.002219	0.00221	0.002208	0.933	0.9333	0.9333
1000	0.00184	0.001839	0.001838	0.9136	0.9131	0.9131
1041	0.001587	0.001592	0.00159	0.8971	0.8972	0.8972
1050	0.001538	0.001543	0.001541	0.8936	0.8938	0.8939
1100	0.001306	0.001304	0.001302	0.8753	0.8757	0.8757
1150	0.001112	0.001109	0.001107	0.8584	0.8584	0.8584
1200	0.0009488	0.0009487	0.0009476	0.842	0.842	0.842
1250	0.0008164	0.0008162	0.0008152	0.8263	0.8263	0.8263
1253.6	0.0008079	0.0008075	0.0008066	0.8252	0.8252	0.8252
1300	0.0007078	0.0007057	0.000705	0.8114	0.8114	0.8114
1350	0.000615	0.0006133	0.0006127	0.7972	0.7972	0.7972
1400	0.0005352	0.0005353	0.0005349	0.7835	0.7836	0.7836
1450	0.0004686	0.0004692	0.0004688	0.7707	0.7706	0.7707
1486.6	0.0004271	0.0004271	0.0004268	0.7618	0.7615	0.7615
1500	0.0004132	0.0004129	0.0004127	0.7586	0.7583	0.7584
