80	1.22	1.214	1.163	1.305	1.303	1.318
85	0.9449	0.9421	0.9005	1.473	1.472	1.487
90	0.7141	0.714	0.6801	1.117	1.119	1.127
95	0.566	0.5671	0.5393	0.5593	0.5638	0.5577
100	0.4876	0.489	0.4661	0.004737	0.009444	-0.008841
105	0.459	0.4604	0.4416	-0.3681	-0.3655	-0.3848
110	0.4627	0.4642	0.4486	-0.5064	-0.5058	-0.5165
115	0.4853	0.487	0.4741	-0.4696	-0.4696	-0.4698
120	0.5177	0.5195	0.5088	-0.3409	-0.3405	-0.3329
125	0.5538	0.5557	0.5467	-0.1791	-0.178	-0.166
130	0.5902	0.5919	0.5844	-0.01499	-0.01349	0.0005087
132.3	0.6064	0.608	0.601	0.05713	0.05876	0.07306
135	0.6249	0.6262	0.6198	0.138	0.1397	0.154
140	0.6567	0.6575	0.6521	0.2756	0.2772	0.291
145	0.6853	0.6853	0.6809	0.3975	0.3989	0.4117
150	0.7103	0.7097	0.706	0.505	0.5061	0.5176
151.4	0.7167	0.7159	0.7124	0.5327	0.5337	0.5449
155	0.7319	0.7307	0.7276	0.5998	0.6005	0.6107
160	0.75	0.7484	0.7459	0.6836	0.6839	0.693
165	0.765	0.763	0.7611	0.7579	0.758	0.7659
170	0.7768	0.7748	0.7733	0.8243	0.8241	0.8309
175	0.7858	0.7839	0.7828	0.8836	0.8834	0.8892
180	0.7922	0.7905	0.7898	0.9371	0.9368	0.9416
185	0.7961	0.7949	0.7945	0.9853	0.985	0.9889
190	0.7979	0.7972	0.7971	1.029	1.029	1.032
195	0.7978	0.7976	0.7977	1.069	1.069	1.071
200	0.796	0.7963	0.7966	1.105	1.105	1.107
205	0.7927	0.7935	0.794	1.138	1.138	1.139
210	0.7882	0.7894	0.7899	1.169	1.169	1.169
215	0.7826	0.7841	0.7847	1.197	1.197	1.197
220	0.7761	0.7778	0.7785	1.223	1.223	1.222
225	0.7688	0.7706	0.7713	1.246	1.246	1.246
230	0.761	0.7627	0.7635	1.269	1.269	1.267
235	0.7527	0.7542	0.755	1.289	1.289	1.288
240	0.7439	0.7452	0.746	1.308	1.308	1.306
245	0.7349	0.7359	0.7367	1.326	1.325	1.324
250	0.7256	0.7262	0.727	1.342	1.342	1.34
255	0.716	0.7163	0.7171	1.357	1.357	1.355
260	0.7064	0.7062	0.7071	1.372	1.371	1.369
265	0.6965	0.696	0.6969	1.385	1.385	1.382
270	0.6866	0.6857	0.6866	1.398	1.397	1.394
275	0.6766	0.6754	0.6763	1.409	1.409	1.406
280	0.6665	0.665	0.666	1.42	1.42	1.417
285	0.6563	0.6547	0.6557	1.431	1.43	1.427
290	0.6461	0.6444	0.6455	1.44	1.44	1.436
295	0.6359	0.6342	0.6353	1.449	1.449	1.446
300	0.6257	0.624	0.6251	1.458	1.458	1.454
305	0.6155	0.6139	0.615	1.466	1.466	1.462
310	0.6053	0.6039	0.605	1.474	1.474	1.47
315	0.5951	0.594	0.5951	1.481	1.481	1.477
320	0.5851	0.5841	0.5853	1.488	1.488	1.484
325	0.5751	0.5744	0.5756	1.494	1.495	1.491
330	0.5651	0.5648	0.566	1.501	1.501	1.497
335	0.5553	0.5553	0.5564	1.507	1.507	1.503
340	0.5457	0.5459	0.547	1.512	1.513	1.508
345	0.5361	0.5367	0.5378	1.518	1.518	1.514
350	0.5268	0.5275	0.5286	1.523	1.523	1.519
355	0.5176	0.5185	0.5196	1.528	1.528	1.524
360	0.5085	0.5096	0.5107	1.532	1.533	1.528
365	0.4996	0.5009	0.5019	1.537	1.537	1.533
370	0.491	0.4923	0.4933	1.541	1.542	1.537
375	0.4825	0.4838	0.4848	1.545	1.546	1.541
380	0.4741	0.4755	0.4764	1.549	1.55	1.545
400	0.4427	0.4437	0.4445	1.563	1.563	1.559
420	0.414	0.4142	0.4149	1.575	1.575	1.57
440	0.3875	0.387	0.3876	1.585	1.584	1.579
460	0.3629	0.3619	0.3625	1.593	1.592	1.587
480	0.3398	0.3388	0.3394	1.599	1.598	1.593
500	0.3182	0.3174	0.3181	1.604	1.603	1.599
520	0.298	0.2978	0.2984	1.607	1.607	1.603
540	0.2792	0.2796	0.2801	1.61	1.611	1.606
560	0.262	0.2627	0.2632	1.612	1.613	1.609
580	0.2462	0.2471	0.2476	1.614	1.615	1.611
600	0.2319	0.2327	0.2331	1.616	1.617	1.612
620	0.2189	0.2193	0.2196	1.617	1.617	1.613
640	0.2069	0.2069	0.2072	1.618	1.618	1.614
660	0.1957	0.1954	0.1957	1.619	1.618	1.614
680	0.1853	0.1847	0.185	1.619	1.618	1.614
700	0.1754	0.1747	0.175	1.619	1.617	1.613
720	0.1661	0.1654	0.1657	1.618	1.616	1.612
740	0.1572	0.1568	0.1571	1.616	1.615	1.611
760	0.1489	0.1487	0.149	1.614	1.614	1.61
780	0.1411	0.1412	0.1415	1.612	1.612	1.608
800	0.1338	0.1342	0.1344	1.61	1.61	1.607
850	0.1179	0.1185	0.1186	1.604	1.606	1.602
900	0.1049	0.1051	0.1052	1.599	1.6	1.596
950	0.09388	0.09358	0.09371	1.594	1.594	1.59
1000	0.08404	0.08368	0.0838	1.589	1.587	1.584
1041	0.07669	0.07656	0.07668	1.582	1.581	1.578
1050	0.07517	0.07511	0.07523	1.581	1.58	1.577
1100	0.06737	0.06765	0.06775	1.572	1.572	1.569
1150	0.06077	0.06114	0.06122	1.562	1.565	1.562
1200	0.05525	0.05544	0.05549	1.555	1.557	1.554
1250	0.05051	0.0504	0.05045	1.549	1.549	1.547
1253.6	0.05019	0.05006	0.05011	1.548	1.549	1.546
1300	0.04621	0.04594	0.04599	1.543	1.541	1.539
1350	0.04221	0.04198	0.04203	1.536	1.533	1.531
1400	0.0385	0.03847	0.03852	1.527	1.525	1.523
1450	0.03517	0.03532	0.03537	1.517	1.517	1.515
1486.6	0.03302	0.03323	0.03327	1.51	1.511	1.509
1500	0.0323	0.03251	0.03254	1.507	1.509	1.507
