10	3.987	3.988	3.892	1.566	1.566	1.528
10.2	3.785	3.787	3.695	1.581	1.581	1.543
15	1.255	1.256	1.219	1.814	1.814	1.781
16.7	0.8926	0.8936	0.8653	1.855	1.855	1.828
20	0.4879	0.4882	0.4702	1.887	1.887	1.87
21.2	0.3982	0.3983	0.3829	1.883	1.883	1.871
25	0.2201	0.2202	0.2102	1.82	1.82	1.821
26.8	0.1703	0.1705	0.1622	1.762	1.762	1.768
30	0.1121	0.1122	0.1061	1.618	1.617	1.631
35	0.06374	0.06378	0.05981	1.292	1.291	1.308
40	0.04021	0.0402	0.0375	0.8835	0.8816	0.8907
40.8	0.0377	0.03769	0.03514	0.8149	0.813	0.8201
45	0.02802	0.02803	0.02612	0.4654	0.4637	0.4599
50	0.02145	0.02147	0.02009	0.1241	0.1226	0.1099
55	0.01781	0.01783	0.01681	-0.08595	-0.08734	-0.1002
60	0.01574	0.01576	0.01498	-0.162	-0.1627	-0.1691
65	0.01453	0.01454	0.01395	-0.1356	-0.1354	-0.1334
70	0.01379	0.01378	0.01333	-0.0467	-0.04612	-0.03708
75	0.01328	0.01328	0.01292	0.07198	0.07255	0.08624
80	0.0129	0.0129	0.01262	0.199	0.1994	0.2156
85	0.01258	0.01258	0.01236	0.3225	0.3231	0.3401
90	0.01229	0.01229	0.01211	0.4372	0.438	0.4548
95	0.01202	0.01201	0.01187	0.5415	0.5423	0.5582
100	0.01175	0.01173	0.01161	0.6354	0.636	0.6507
105	0.01148	0.01145	0.01136	0.7194	0.7196	0.733
110	0.0112	0.01117	0.0111	0.7944	0.7943	0.8062
115	0.01091	0.0109	0.01084	0.8612	0.861	0.8717
120	0.01063	0.01062	0.01058	0.9209	0.9209	0.9303
125	0.01036	0.01035	0.01032	0.9747	0.9749	0.9831
130	0.0101	0.01009	0.01006	1.023	1.024	1.031
132.3	0.009992	0.009973	0.009949	1.044	1.045	1.051
135	0.009862	0.009835	0.009815	1.068	1.068	1.074
140	0.009623	0.009585	0.009571	1.109	1.109	1.113
145	0.009378	0.009341	0.009333	1.146	1.145	1.149
150	0.009127	0.009104	0.009101	1.18	1.179	1.183
151.4	0.009057	0.009039	0.009037	1.189	1.188	1.191
155	0.008879	0.008875	0.008875	1.211	1.21	1.213
160	0.008644	0.008654	0.008656	1.239	1.239	1.241
165	0.008429	0.008439	0.008444	1.265	1.265	1.267
170	0.008234	0.008232	0.008238	1.29	1.29	1.29
175	0.008051	0.008031	0.008039	1.312	1.312	1.312
180	0.007867	0.007836	0.007846	1.333	1.333	1.333
185	0.007675	0.007648	0.00766	1.353	1.353	1.352
190	0.007474	0.007467	0.00748	1.371	1.371	1.369
195	0.007273	0.007292	0.007305	1.387	1.387	1.386
200	0.007085	0.007124	0.007137	1.403	1.403	1.401
205	0.00692	0.006962	0.006975	1.418	1.418	1.415
210	0.00678	0.006806	0.006818	1.432	1.431	1.429
215	0.006656	0.006654	0.006665	1.444	1.444	1.441
220	0.006534	0.006506	0.006518	1.456	1.456	1.453
225	0.006398	0.006362	0.006375	1.467	1.467	1.464
230	0.006243	0.006222	0.006237	1.477	1.478	1.474
235	0.006076	0.006088	0.006102	1.486	1.487	1.484
240	0.005914	0.005957	0.005971	1.496	1.497	1.493
245	0.005773	0.00583	0.005843	1.505	1.505	1.501
250	0.005662	0.005707	0.005719	1.514	1.514	1.509
255	0.005573	0.005586	0.005597	1.523	1.521	1.517
260	0.005489	0.005468	0.005479	1.53	1.529	1.524
265	0.005394	0.005351	0.005363	1.537	1.536	1.531
270	0.005277	0.005238	0.00525	1.542	1.542	1.538
275	0.005142	0.005127	0.00514	1.548	1.548	1.544
280	0.005005	0.005019	0.005032	1.553	1.554	1.55
285	0.004878	0.004914	0.004926	1.559	1.56	1.555
290	0.00477	0.004812	0.004823	1.565	1.565	1.56
295	0.00468	0.004712	0.004722	1.571	1.57	1.565
300	0.004602	0.004614	0.004624	1.576	1.575	1.57
320	0.004264	0.004242	0.004252	1.592	1.591	1.586
340	0.003892	0.003907	0.003916	1.604	1.605	1.599
360	0.003616	0.003605	0.003613	1.617	1.616	1.61
380	0.003343	0.003332	0.00334	1.624	1.624	1.619
400	0.00308	0.003086	0.003094	1.631	1.631	1.626
420	0.002866	0.002864	0.002872	1.637	1.637	1.631
440	0.002667	0.002664	0.002671	1.642	1.641	1.636
460	0.002478	0.002482	0.002489	1.645	1.645	1.64
480	0.002315	0.002318	0.002324	1.648	1.648	1.643
500	0.002171	0.002168	0.002174	1.651	1.65	1.645
520	0.002032	0.002032	0.002037	1.652	1.652	1.647
540	0.001904	0.001908	0.001912	1.653	1.653	1.648
560	0.001791	0.001794	0.001798	1.654	1.654	1.649
580	0.001687	0.001689	0.001692	1.654	1.654	1.649
600	0.00159	0.001591	0.001595	1.654	1.654	1.649
620	0.0015	0.001501	0.001504	1.654	1.654	1.649
640	0.001419	0.001417	0.00142	1.654	1.653	1.648
660	0.001343	0.001339	0.001342	1.653	1.652	1.647
680	0.001269	0.001267	0.00127	1.651	1.65	1.646
700	0.0012	0.0012	0.001202	1.649	1.649	1.644
720	0.001136	0.001137	0.00114	1.647	1.647	1.643
740	0.001078	0.001079	0.001081	1.645	1.645	1.641
760	0.001024	0.001024	0.001026	1.643	1.643	1.639
780	0.0009747	0.0009734	0.0009754	1.641	1.641	1.636
800	0.0009293	0.0009258	0.0009278	1.64	1.639	1.634
850	0.0008183	0.00082	0.0008218	1.632	1.632	1.628
900	0.0007271	0.0007303	0.0007317	1.624	1.626	1.622
950	0.0006576	0.0006535	0.0006547	1.621	1.619	1.615
1000	0.0005808	0.000587	0.0005882	1.61	1.612	1.609
1041	0.0005389	0.0005393	0.0005402	1.604	1.607	1.603
1050	0.0005343	0.0005295	0.0005304	1.606	1.605	1.602
1100	0.0004772	0.0004787	0.0004797	1.598	1.598	1.595
1150	0.000434	0.0004344	0.0004352	1.589	1.591	1.587
1200	0.0003964	0.0003952	0.0003959	1.584	1.583	1.58
1250	0.0003618	0.0003605	0.0003611	1.577	1.575	1.572
1253.6	0.0003594	0.0003582	0.0003588	1.576	1.574	1.571
1300	0.0003284	0.0003298	0.0003304	1.566	1.567	1.564
1350	0.0003023	0.0003025	0.000303	1.559	1.559	1.557
1400	0.0002786	0.0002781	0.0002786	1.552	1.552	1.549
1450	0.0002563	0.0002563	0.0002567	1.544	1.544	1.541
1486.6	0.0002415	0.0002419	0.0002422	1.538	1.538	1.536
1500	0.0002362	0.0002368	0.0002371	1.536	1.536	1.534
