30	12.7	12.7	12.2	1.816	1.816	1.798
35	6.503	6.514	6.198	1.989	1.989	1.981
40	3.614	3.609	3.395	1.88	1.88	1.889
40.81	3.307	3.301	3.099	1.847	1.847	1.858
45	2.153	2.146	1.995	1.621	1.62	1.642
50	1.383	1.38	1.27	1.259	1.259	1.281
55	0.9614	0.962	0.8798	0.8499	0.8522	0.8633
60	0.7223	0.724	0.6611	0.4613	0.4637	0.4592
65	0.5826	0.5841	0.5351	0.149	0.1494	0.1335
70	0.4993	0.5001	0.4614	-0.05721	-0.05855	-0.07688
75	0.4487	0.4489	0.4179	-0.1569	-0.1583	-0.1713
80	0.4174	0.4169	0.3918	-0.1701	-0.1705	-0.1747
85	0.3972	0.3961	0.3757	-0.1238	-0.1237	-0.119
90	0.3832	0.3819	0.3651	-0.04307	-0.04323	-0.0314
95	0.3725	0.3713	0.3574	0.05379	0.05282	0.06972
100	0.3635	0.3628	0.3512	0.1552	0.1535	0.1736
105	0.3554	0.3554	0.3457	0.2546	0.2529	0.2747
110	0.3479	0.3486	0.3405	0.3492	0.348	0.3705
115	0.341	0.3422	0.3353	0.4378	0.4375	0.4598
120	0.3345	0.3359	0.33	0.5203	0.521	0.5425
125	0.3285	0.3296	0.3246	0.5969	0.5982	0.6186
130	0.3227	0.3233	0.319	0.6679	0.6695	0.6886
132.3	0.32	0.3203	0.3164	0.6987	0.7003	0.7187
135	0.317	0.3169	0.3132	0.7335	0.7349	0.7526
140	0.3111	0.3104	0.3073	0.794	0.7949	0.8112
145	0.3051	0.3039	0.3014	0.8495	0.8498	0.8647
150	0.2988	0.2975	0.2953	0.9003	0.9001	0.9136
151.4	0.297	0.2956	0.2936	0.9138	0.9134	0.9265
155	0.2922	0.291	0.2892	0.9468	0.9461	0.9584
160	0.2855	0.2846	0.2832	0.9893	0.9883	0.9994
165	0.2786	0.2784	0.2771	1.028	1.027	1.037
170	0.2719	0.2722	0.2712	1.064	1.063	1.072
175	0.2654	0.2662	0.2653	1.097	1.096	1.104
180	0.2591	0.2602	0.2596	1.127	1.127	1.134
185	0.2532	0.2545	0.2539	1.156	1.156	1.162
190	0.2477	0.2488	0.2483	1.183	1.183	1.188
195	0.2424	0.2432	0.2429	1.208	1.208	1.212
200	0.2374	0.2378	0.2375	1.231	1.231	1.235
205	0.2326	0.2325	0.2322	1.253	1.254	1.256
210	0.2278	0.2272	0.2271	1.274	1.274	1.276
215	0.223	0.2221	0.2221	1.294	1.294	1.295
220	0.2182	0.2171	0.2172	1.312	1.312	1.313
225	0.2134	0.2123	0.2124	1.329	1.329	1.33
230	0.2085	0.2075	0.2077	1.346	1.346	1.346
235	0.2037	0.2029	0.2032	1.361	1.361	1.36
240	0.1989	0.1985	0.1987	1.375	1.375	1.374
245	0.1942	0.1942	0.1945	1.389	1.389	1.387
250	0.1896	0.19	0.1903	1.401	1.402	1.4
255	0.1852	0.1859	0.1862	1.414	1.414	1.412
260	0.1811	0.182	0.1823	1.425	1.425	1.423
265	0.1772	0.1781	0.1785	1.436	1.436	1.434
270	0.1735	0.1744	0.1748	1.447	1.447	1.444
275	0.17	0.1708	0.1711	1.457	1.457	1.453
280	0.1667	0.1673	0.1676	1.466	1.466	1.462
285	0.1636	0.1639	0.1642	1.475	1.475	1.471
290	0.1605	0.1605	0.1609	1.484	1.483	1.479
295	0.1575	0.1573	0.1576	1.492	1.492	1.487
300	0.1546	0.1541	0.1545	1.5	1.499	1.495
305	0.1516	0.151	0.1514	1.507	1.507	1.502
310	0.1487	0.148	0.1484	1.514	1.514	1.509
315	0.1457	0.1451	0.1455	1.521	1.521	1.516
320	0.1428	0.1422	0.1426	1.527	1.527	1.522
325	0.1398	0.1394	0.1398	1.533	1.533	1.528
340	0.1312	0.1316	0.132	1.55	1.551	1.545
360	0.1212	0.1221	0.1225	1.569	1.57	1.564
380	0.1131	0.1135	0.1139	1.587	1.587	1.58
400	0.1061	0.1058	0.1061	1.602	1.601	1.594
420	0.09921	0.09873	0.09904	1.613	1.613	1.606
440	0.09232	0.09232	0.09263	1.622	1.623	1.616
460	0.08601	0.08651	0.0868	1.63	1.632	1.624
480	0.08074	0.08123	0.08148	1.639	1.639	1.632
500	0.07639	0.07639	0.07661	1.647	1.646	1.638
520	0.0724	0.07192	0.07215	1.653	1.651	1.644
540	0.06831	0.0678	0.06803	1.657	1.656	1.648
560	0.06414	0.06402	0.06425	1.659	1.66	1.652
580	0.06023	0.06054	0.06075	1.661	1.663	1.656
600	0.05691	0.05733	0.05752	1.664	1.666	1.658
620	0.05418	0.05436	0.05453	1.668	1.668	1.661
640	0.05181	0.05159	0.05175	1.672	1.67	1.663
660	0.04946	0.04901	0.04917	1.674	1.671	1.664
680	0.04696	0.0466	0.04676	1.674	1.672	1.665
700	0.04441	0.04436	0.04452	1.673	1.673	1.666
720	0.04202	0.04227	0.04243	1.671	1.674	1.667
740	0.03998	0.04033	0.04047	1.672	1.674	1.667
760	0.03831	0.03851	0.03863	1.673	1.674	1.667
780	0.03688	0.0368	0.03691	1.676	1.674	1.667
800	0.03549	0.03518	0.0353	1.677	1.674	1.667
850	0.03163	0.03154	0.03166	1.673	1.672	1.666
900	0.02816	0.02843	0.02852	1.667	1.67	1.664
950	0.02583	0.02572	0.0258	1.669	1.667	1.661
1000	0.02349	0.02334	0.02342	1.666	1.664	1.658
1041	0.02145	0.02161	0.02168	1.658	1.66	1.655
1050	0.02106	0.02126	0.02133	1.657	1.66	1.654
1100	0.01933	0.01943	0.01948	1.654	1.656	1.65
1150	0.01794	0.0178	0.01785	1.654	1.651	1.646
1200	0.01632	0.01635	0.0164	1.646	1.646	1.641
1250	0.01488	0.01506	0.0151	1.637	1.641	1.636
1253.6	0.0148	0.01497	0.01501	1.637	1.641	1.636
1300	0.01392	0.0139	0.01394	1.636	1.637	1.631
1350	0.01299	0.01286	0.01289	1.635	1.631	1.626
1400	0.01188	0.01192	0.01195	1.626	1.626	1.621
1450	0.01094	0.01107	0.01109	1.616	1.621	1.616
1486.6	0.01047	0.0105	0.01052	1.614	1.617	1.612
1500	0.01033	0.0103	0.01032	1.614	1.615	1.61
