220	0.277	0.2761	0.2725	1.151	1.157	1.163
225	0.3926	0.3927	0.3894	1.844	1.846	1.85
230	0.754	0.7556	0.7528	1.765	1.764	1.762
235	1.461	1.464	1.462	1.248	1.247	1.245
240	2.205	2.208	2.206	0.8322	0.8323	0.8325
245	2.806	2.808	2.806	0.5736	0.5737	0.5753
250	3.293	3.293	3.292	0.4188	0.4187	0.4213
255	3.694	3.693	3.692	0.3286	0.3282	0.3313
260	4.011	4.009	4.008	0.2789	0.2782	0.2816
265	4.241	4.238	4.238	0.2551	0.2543	0.2577
270	4.394	4.391	4.391	0.2484	0.2475	0.251
275	4.487	4.484	4.484	0.2532	0.2521	0.2556
280	4.538	4.536	4.536	0.2657	0.2646	0.268
285	4.562	4.56	4.561	0.2834	0.2825	0.2857
290	4.569	4.568	4.569	0.3048	0.3039	0.3069
295	4.565	4.564	4.565	0.3284	0.3276	0.3305
300	4.551	4.551	4.552	0.3534	0.3528	0.3555
305	4.528	4.529	4.531	0.3792	0.3787	0.3812
310	4.497	4.499	4.5	0.4051	0.4048	0.4072
315	4.458	4.46	4.461	0.431	0.4307	0.4329
320	4.41	4.412	4.414	0.4564	0.4562	0.4583
325	4.355	4.358	4.359	0.4812	0.4811	0.483
330	4.295	4.297	4.299	0.5053	0.5054	0.5071
335	4.23	4.232	4.234	0.5287	0.5288	0.5304
340	4.161	4.164	4.165	0.5513	0.5515	0.5529
345	4.091	4.093	4.095	0.5732	0.5734	0.5747
350	4.02	4.022	4.023	0.5943	0.5945	0.5957
355	3.948	3.95	3.951	0.6147	0.6149	0.616
360	3.877	3.878	3.879	0.6344	0.6346	0.6356
365	3.806	3.806	3.808	0.6534	0.6537	0.6545
370	3.735	3.735	3.737	0.6718	0.6721	0.6728
375	3.665	3.664	3.666	0.6896	0.6898	0.6905
380	3.595	3.594	3.596	0.7068	0.707	0.7075
385	3.525	3.524	3.525	0.7235	0.7236	0.7241
390	3.456	3.454	3.456	0.7395	0.7397	0.74
395	3.386	3.385	3.386	0.7551	0.7552	0.7554
400	3.318	3.316	3.317	0.77	0.7701	0.7703
405	3.249	3.247	3.249	0.7845	0.7846	0.7847
410	3.182	3.179	3.181	0.7985	0.7985	0.7985
415	3.115	3.112	3.114	0.8119	0.8119	0.8119
420	3.048	3.046	3.047	0.8249	0.8249	0.8248
425	2.983	2.981	2.982	0.8374	0.8374	0.8373
430	2.919	2.917	2.918	0.8494	0.8494	0.8492
435	2.856	2.854	2.855	0.8611	0.861	0.8608
440	2.795	2.792	2.794	0.8723	0.8722	0.872
445	2.735	2.732	2.734	0.8831	0.8831	0.8828
450	2.676	2.673	2.675	0.8935	0.8935	0.8932
455	2.618	2.616	2.618	0.9036	0.9036	0.9032
460	2.562	2.56	2.562	0.9133	0.9133	0.9129
465	2.507	2.505	2.507	0.9227	0.9228	0.9223
470	2.453	2.452	2.453	0.9318	0.9319	0.9314
475	2.401	2.399	2.401	0.9406	0.9407	0.9402
480	2.349	2.348	2.35	0.9492	0.9493	0.9487
485	2.299	2.298	2.3	0.9574	0.9576	0.957
490	2.25	2.249	2.251	0.9654	0.9656	0.965
495	2.202	2.202	2.203	0.9732	0.9734	0.9728
500	2.155	2.155	2.156	0.9807	0.981	0.9803
505	2.109	2.109	2.11	0.988	0.9883	0.9876
510	2.064	2.064	2.066	0.9951	0.9954	0.9947
515	2.02	2.02	2.022	1.002	1.002	1.002
520	1.977	1.978	1.979	1.009	1.009	1.008
540	1.815	1.816	1.818	1.033	1.034	1.033
560	1.669	1.67	1.672	1.055	1.056	1.055
580	1.537	1.539	1.54	1.075	1.075	1.074
600	1.418	1.419	1.42	1.092	1.092	1.091
620	1.31	1.311	1.312	1.108	1.108	1.107
640	1.212	1.212	1.213	1.121	1.121	1.12
660	1.123	1.123	1.123	1.134	1.134	1.132
680	1.042	1.041	1.041	1.145	1.144	1.143
700	0.9676	0.9666	0.9671	1.155	1.154	1.153
720	0.9	0.8988	0.8993	1.163	1.163	1.162
740	0.8382	0.837	0.8375	1.171	1.17	1.169
760	0.7815	0.7804	0.7809	1.178	1.177	1.176
780	0.7295	0.7285	0.729	1.183	1.183	1.182
800	0.6815	0.6809	0.6813	1.188	1.188	1.187
850	0.5778	0.5778	0.5782	1.198	1.198	1.197
900	0.4934	0.4939	0.4942	1.204	1.205	1.204
950	0.4243	0.4248	0.425	1.208	1.209	1.209
1000	0.3671	0.3675	0.3676	1.211	1.212	1.211
1041	0.3275	0.3276	0.3277	1.212	1.212	1.211
1050	0.3195	0.3196	0.3196	1.212	1.212	1.211
1100	0.2796	0.2793	0.2794	1.212	1.211	1.211
1150	0.2457	0.2452	0.2453	1.21	1.209	1.208
1200	0.2166	0.2162	0.2162	1.208	1.206	1.205
1250	0.1916	0.1914	0.1914	1.204	1.202	1.202
1253.6	0.19	0.1897	0.1898	1.203	1.202	1.201
1300	0.1701	0.1701	0.1701	1.199	1.198	1.197
1350	0.1515	0.1516	0.1517	1.193	1.193	1.192
1400	0.1354	0.1357	0.1357	1.186	1.187	1.187
1450	0.1214	0.1217	0.1217	1.18	1.181	1.181
1486.6	0.1124	0.1127	0.1127	1.175	1.177	1.176
1500	0.1094	0.1096	0.1096	1.173	1.175	1.174
