45	4.878	4.874	4.544	1.855	1.855	1.865
50	3.296	3.3	3.058	1.955	1.955	1.971
55	2.218	2.221	2.038	1.779	1.778	1.804
60	1.537	1.536	1.395	1.476	1.474	1.503
65	1.115	1.112	1.002	1.095	1.093	1.113
70	0.8558	0.8533	0.7655	0.696	0.6938	0.6981
75	0.6968	0.695	0.624	0.3415	0.3409	0.3289
80	0.5983	0.5972	0.5391	0.07474	0.07574	0.05462
85	0.5362	0.5357	0.4876	-0.09194	-0.09041	-0.1117
90	0.4964	0.4963	0.4562	-0.1698	-0.1687	-0.1838
95	0.4702	0.4705	0.4369	-0.18	-0.1796	-0.1854
100	0.4526	0.4533	0.4249	-0.1436	-0.1436	-0.14
105	0.4406	0.4414	0.4173	-0.07785	-0.0779	-0.0662
110	0.432	0.4329	0.4123	0.004572	0.004851	0.02271
115	0.4257	0.4264	0.4087	0.09499	0.09564	0.1177
120	0.4206	0.421	0.4058	0.1876	0.1885	0.2131
125	0.4162	0.4162	0.4031	0.2786	0.2795	0.3054
130	0.412	0.4116	0.4003	0.3659	0.3665	0.3927
132.3	0.41	0.4095	0.3989	0.4043	0.4048	0.4309
135	0.4077	0.407	0.3972	0.4479	0.4482	0.474
140	0.4031	0.4022	0.3937	0.5243	0.5241	0.5492
145	0.3982	0.3973	0.3899	0.5949	0.5943	0.6182
150	0.3929	0.3922	0.3857	0.6597	0.6589	0.6816
151.4	0.3913	0.3907	0.3845	0.6769	0.676	0.6983
155	0.3873	0.3869	0.3813	0.7193	0.7183	0.7396
160	0.3815	0.3814	0.3766	0.7739	0.773	0.7929
165	0.3755	0.3758	0.3716	0.8242	0.8235	0.8419
170	0.3695	0.3702	0.3665	0.8706	0.8701	0.8871
175	0.3635	0.3644	0.3612	0.9135	0.9132	0.9289
180	0.3575	0.3586	0.3558	0.9533	0.9533	0.9677
185	0.3517	0.3528	0.3503	0.9904	0.9906	1.004
190	0.3459	0.3469	0.3448	1.025	1.025	1.037
195	0.3402	0.3411	0.3392	1.057	1.058	1.069
200	0.3346	0.3352	0.3335	1.088	1.088	1.098
205	0.3291	0.3293	0.3279	1.117	1.117	1.126
210	0.3235	0.3234	0.3222	1.143	1.144	1.151
215	0.318	0.3176	0.3166	1.169	1.169	1.176
220	0.3124	0.3117	0.3109	1.192	1.193	1.198
225	0.3068	0.306	0.3053	1.215	1.215	1.22
230	0.3012	0.3003	0.2998	1.236	1.236	1.24
235	0.2956	0.2947	0.2943	1.256	1.256	1.259
240	0.2899	0.2892	0.2889	1.274	1.274	1.277
245	0.2843	0.2837	0.2836	1.292	1.292	1.294
250	0.2788	0.2784	0.2784	1.309	1.308	1.31
255	0.2733	0.2732	0.2732	1.324	1.324	1.325
260	0.268	0.2681	0.2682	1.339	1.339	1.34
265	0.2627	0.2631	0.2632	1.353	1.353	1.353
270	0.2577	0.2582	0.2584	1.366	1.366	1.366
275	0.2527	0.2534	0.2536	1.379	1.379	1.378
280	0.248	0.2487	0.249	1.391	1.391	1.39
285	0.2434	0.2441	0.2444	1.403	1.403	1.401
290	0.239	0.2397	0.24	1.414	1.414	1.412
295	0.2347	0.2353	0.2356	1.424	1.424	1.422
300	0.2306	0.231	0.2314	1.434	1.434	1.431
305	0.2265	0.2268	0.2272	1.444	1.444	1.441
310	0.2226	0.2227	0.2231	1.453	1.453	1.449
315	0.2188	0.2187	0.2191	1.462	1.462	1.458
320	0.215	0.2148	0.2152	1.47	1.47	1.466
325	0.2113	0.2109	0.2114	1.478	1.478	1.474
330	0.2076	0.2072	0.2076	1.486	1.486	1.481
335	0.204	0.2035	0.204	1.493	1.493	1.489
340	0.2004	0.1999	0.2004	1.5	1.5	1.495
360	0.1864	0.1863	0.1868	1.526	1.526	1.52
380	0.1734	0.1739	0.1745	1.547	1.548	1.542
400	0.1618	0.1627	0.1632	1.566	1.567	1.56
420	0.1518	0.1524	0.1529	1.583	1.583	1.576
440	0.1429	0.143	0.1435	1.597	1.597	1.589
460	0.1347	0.1344	0.1348	1.61	1.609	1.601
480	0.1268	0.1264	0.1269	1.62	1.62	1.612
500	0.1193	0.1191	0.1196	1.629	1.629	1.621
520	0.1122	0.1124	0.1128	1.636	1.637	1.629
540	0.1059	0.1062	0.1066	1.644	1.644	1.636
560	0.1002	0.1005	0.1009	1.65	1.65	1.642
580	0.09517	0.09519	0.09555	1.656	1.656	1.647
600	0.09055	0.09028	0.09062	1.661	1.66	1.652
620	0.08614	0.0857	0.08604	1.665	1.664	1.656
640	0.08185	0.08145	0.08178	1.669	1.668	1.659
660	0.07769	0.07748	0.07781	1.671	1.671	1.663
680	0.07375	0.0738	0.07411	1.673	1.674	1.665
700	0.07013	0.07036	0.07065	1.675	1.676	1.667
720	0.06688	0.06715	0.06742	1.677	1.678	1.669
740	0.06398	0.06414	0.0644	1.679	1.679	1.671
760	0.06135	0.06133	0.06157	1.681	1.681	1.672
780	0.05888	0.05867	0.0589	1.683	1.682	1.673
800	0.05647	0.05617	0.0564	1.684	1.682	1.674
850	0.05063	0.05055	0.05076	1.683	1.683	1.675
900	0.0455	0.0457	0.04588	1.682	1.683	1.675
950	0.04148	0.04149	0.04165	1.683	1.682	1.675
1000	0.03801	0.03779	0.03794	1.683	1.681	1.673
1041	0.03519	0.03509	0.03523	1.68	1.679	1.672
1050	0.03459	0.03453	0.03468	1.679	1.679	1.671
1100	0.03146	0.03167	0.03179	1.674	1.676	1.669
1150	0.02897	0.02913	0.02923	1.671	1.673	1.666
1200	0.02692	0.02686	0.02695	1.67	1.67	1.663
1250	0.02491	0.02482	0.0249	1.667	1.666	1.659
1253.6	0.02476	0.02468	0.02476	1.667	1.666	1.659
1300	0.02291	0.02299	0.02307	1.661	1.662	1.656
1350	0.02117	0.02134	0.02141	1.656	1.659	1.652
1400	0.0198	0.01986	0.01991	1.653	1.655	1.648
1450	0.01861	0.01851	0.01856	1.652	1.65	1.644
1486.6	0.01773	0.01759	0.01764	1.649	1.647	1.641
1500	0.01739	0.01727	0.01732	1.648	1.646	1.64
