30	6.388	6.396	6.153	0.5463	0.5462	0.5568
35	13.09	13.08	12.91	-0.04541	-0.0468	-0.0269
40	25.05	25.06	24.92	-0.003094	-0.00293	0.0176
40.81	27.2	27.22	27.09	0.02325	0.02365	0.04353
45	36.91	36.93	36.8	0.1819	0.183	0.1982
50	41.68	41.67	41.54	0.3814	0.3821	0.3918
55	38.66	38.62	38.5	0.5721	0.5722	0.5773
60	31.39	31.36	31.26	0.7529	0.7528	0.7541
65	23.25	23.25	23.16	0.9265	0.9266	0.9248
70	16.19	16.2	16.13	1.096	1.096	1.092
75	10.88	10.89	10.83	1.263	1.263	1.257
80	7.176	7.175	7.128	1.429	1.429	1.422
85	4.697	4.69	4.652	1.592	1.592	1.584
90	3.061	3.053	3.023	1.747	1.747	1.74
95	1.991	1.985	1.961	1.885	1.884	1.879
100	1.295	1.293	1.274	1.98	1.98	1.978
105	0.8505	0.851	0.8352	1.989	1.989	1.99
110	0.5736	0.5756	0.5627	1.84	1.841	1.845
115	0.4096	0.4119	0.4014	1.463	1.466	1.466
120	0.3211	0.3231	0.3145	0.8638	0.869	0.8594
125	0.2826	0.2841	0.2771	0.2002	0.2044	0.1858
130	0.2766	0.2776	0.2721	-0.3229	-0.3221	-0.3416
132.3	0.2813	0.2822	0.2773	-0.4866	-0.4873	-0.5045
135	0.2912	0.2919	0.2877	-0.6175	-0.619	-0.6323
140	0.3183	0.319	0.3157	-0.7205	-0.7218	-0.7273
145	0.3526	0.3532	0.3508	-0.7052	-0.7051	-0.7045
150	0.3906	0.3909	0.3892	-0.6294	-0.628	-0.6233
151.4	0.4014	0.4018	0.4003	-0.6025	-0.6008	-0.5953
155	0.4296	0.4296	0.4285	-0.5277	-0.5257	-0.5189
160	0.4681	0.4676	0.467	-0.4186	-0.4168	-0.409
165	0.5049	0.5038	0.5038	-0.3111	-0.3103	-0.302
170	0.5391	0.5377	0.538	-0.2096	-0.2098	-0.2017
175	0.5704	0.5688	0.5695	-0.1157	-0.1169	-0.109
180	0.5983	0.5969	0.5979	-0.02975	-0.03163	-0.02414
185	0.623	0.6219	0.6232	0.04852	0.04631	0.05335
190	0.6443	0.6439	0.6454	0.1197	0.1175	0.1241
195	0.6627	0.6631	0.6647	0.1845	0.1827	0.1888
200	0.6783	0.6794	0.6812	0.2437	0.2425	0.2481
205	0.6914	0.6931	0.695	0.2979	0.2973	0.3024
210	0.7023	0.7044	0.7063	0.3478	0.3479	0.3525
215	0.7113	0.7135	0.7154	0.394	0.3946	0.3988
220	0.7186	0.7205	0.7225	0.4369	0.4379	0.4416
225	0.7242	0.7257	0.7276	0.4769	0.4781	0.4814
230	0.7284	0.7291	0.7311	0.5143	0.5155	0.5185
235	0.7312	0.7311	0.7331	0.5494	0.5505	0.5531
240	0.7326	0.7317	0.7337	0.5823	0.5833	0.5855
245	0.7327	0.7311	0.7331	0.6133	0.614	0.616
250	0.7315	0.7293	0.7314	0.6425	0.6429	0.6446
255	0.7291	0.7266	0.7288	0.67	0.6701	0.6716
260	0.7255	0.723	0.7252	0.696	0.6959	0.6971
265	0.7209	0.7187	0.7209	0.7205	0.7202	0.7213
270	0.7154	0.7136	0.7159	0.7436	0.7433	0.7442
275	0.7091	0.708	0.7102	0.7655	0.7652	0.7659
280	0.7022	0.7018	0.704	0.7863	0.786	0.7866
285	0.6948	0.6951	0.6973	0.806	0.8058	0.8062
290	0.687	0.6881	0.6902	0.8248	0.8247	0.8249
295	0.679	0.6806	0.6828	0.8427	0.8427	0.8428
300	0.6709	0.6729	0.675	0.8599	0.8599	0.8599
305	0.6628	0.6649	0.6669	0.8763	0.8763	0.8761
310	0.6546	0.6567	0.6586	0.892	0.892	0.8917
315	0.6465	0.6483	0.6502	0.907	0.907	0.9066
320	0.6384	0.6398	0.6416	0.9215	0.9213	0.9208
325	0.6303	0.6311	0.6329	0.9353	0.9351	0.9345
340	0.6056	0.6047	0.6064	0.9735	0.9731	0.9722
360	0.5711	0.5693	0.5709	1.017	1.017	1.016
380	0.535	0.5346	0.5361	1.054	1.055	1.054
400	0.4998	0.5011	0.5025	1.087	1.088	1.087
420	0.4675	0.4693	0.4705	1.116	1.117	1.115
440	0.4387	0.4392	0.4402	1.143	1.142	1.14
460	0.4119	0.4108	0.4118	1.166	1.164	1.162
480	0.3858	0.3843	0.3852	1.184	1.183	1.182
500	0.3602	0.3596	0.3605	1.2	1.201	1.199
520	0.336	0.3366	0.3374	1.214	1.216	1.214
540	0.3142	0.3153	0.316	1.228	1.23	1.228
560	0.2949	0.2956	0.2962	1.242	1.242	1.24
580	0.2776	0.2772	0.2777	1.254	1.252	1.25
600	0.2614	0.2601	0.2607	1.265	1.262	1.26
620	0.2456	0.2443	0.2448	1.272	1.27	1.268
640	0.2302	0.2296	0.2301	1.277	1.278	1.276
660	0.2157	0.2161	0.2165	1.282	1.284	1.282
680	0.2026	0.2035	0.2039	1.287	1.29	1.288
700	0.191	0.1918	0.1921	1.294	1.295	1.293
720	0.1808	0.1809	0.1812	1.3	1.3	1.298
740	0.1713	0.1707	0.171	1.307	1.304	1.302
760	0.1623	0.1613	0.1615	1.311	1.307	1.305
780	0.1533	0.1524	0.1527	1.312	1.31	1.308
800	0.1445	0.1442	0.1445	1.312	1.312	1.31
850	0.1253	0.1261	0.1263	1.313	1.316	1.315
900	0.1109	0.1107	0.1109	1.321	1.319	1.317
950	0.09825	0.09759	0.09774	1.324	1.319	1.318
1000	0.08612	0.08642	0.08655	1.316	1.318	1.317
1041	0.07791	0.07848	0.07857	1.312	1.317	1.316
1050	0.07638	0.07686	0.07695	1.312	1.317	1.315
1100	0.0689	0.0686	0.06867	1.317	1.314	1.313
1150	0.06176	0.06141	0.06148	1.315	1.31	1.309
1200	0.05487	0.05519	0.05524	1.303	1.306	1.305
1250	0.04937	0.04976	0.04979	1.296	1.302	1.3
1253.6	0.04903	0.04939	0.04942	1.295	1.301	1.3
1300	0.04514	0.04499	0.04501	1.297	1.297	1.295
1350	0.04105	0.04077	0.04079	1.296	1.291	1.29
1400	0.03693	0.03706	0.03708	1.285	1.285	1.284
1450	0.03345	0.03377	0.03378	1.273	1.279	1.278
1486.6	0.0315	0.0316	0.03161	1.27	1.275	1.274
1500	0.03086	0.03085	0.03086	1.27	1.273	1.272
