45	3.312	3.316	3.189	1.39	1.392	1.41
50	10.28	10.29	10.18	0.5204	0.5202	0.5274
55	31.43	31.42	31.3	0.2208	0.2201	0.233
60	50.86	50.86	50.71	0.3062	0.306	0.3166
65	47.41	47.43	47.28	0.4853	0.4854	0.4919
70	35.47	35.47	35.34	0.6854	0.6855	0.6879
75	24.26	24.25	24.14	0.8876	0.8876	0.8866
80	15.88	15.87	15.79	1.086	1.086	1.082
85	10.24	10.23	10.16	1.279	1.279	1.273
90	6.605	6.602	6.552	1.464	1.464	1.457
95	4.295	4.297	4.256	1.639	1.64	1.633
100	2.818	2.822	2.789	1.798	1.798	1.792
105	1.866	1.87	1.842	1.925	1.926	1.922
110	1.25	1.252	1.23	1.993	1.993	1.992
115	0.8542	0.8553	0.8366	1.952	1.952	1.955
120	0.6054	0.6054	0.59	1.743	1.742	1.745
125	0.4558	0.4553	0.4427	1.324	1.322	1.319
130	0.3737	0.373	0.3627	0.739	0.7348	0.722
132.3	0.3523	0.3516	0.3422	0.4514	0.4467	0.4297
135	0.3371	0.3365	0.3282	0.1308	0.126	0.1057
140	0.3309	0.3304	0.3237	-0.3464	-0.35	-0.3704
145	0.3445	0.3441	0.3388	-0.6306	-0.6323	-0.6468
150	0.3707	0.3703	0.3662	-0.7476	-0.748	-0.7552
151.4	0.3795	0.3791	0.3753	-0.7581	-0.7583	-0.7636
155	0.4043	0.4039	0.4008	-0.7536	-0.7536	-0.7545
160	0.4419	0.4415	0.4393	-0.6969	-0.6971	-0.6936
165	0.481	0.4806	0.4792	-0.6095	-0.6102	-0.6039
170	0.52	0.5197	0.5189	-0.5103	-0.5114	-0.5034
175	0.5577	0.5575	0.5573	-0.4091	-0.4105	-0.4017
180	0.5933	0.5934	0.5937	-0.3111	-0.3125	-0.3035
185	0.6264	0.6269	0.6276	-0.2188	-0.22	-0.211
190	0.6567	0.6575	0.6585	-0.1329	-0.1337	-0.1251
195	0.6841	0.6852	0.6865	-0.05357	-0.05398	-0.04573
200	0.7085	0.7098	0.7114	0.0195	0.01952	0.02728
205	0.7301	0.7315	0.7333	0.08676	0.08718	0.0944
210	0.749	0.7504	0.7523	0.1488	0.1495	0.1562
215	0.7653	0.7665	0.7686	0.206	0.2069	0.2131
220	0.7792	0.7802	0.7824	0.259	0.26	0.2656
225	0.791	0.7915	0.7938	0.3081	0.3092	0.3143
230	0.8006	0.8007	0.8031	0.3539	0.3548	0.3595
235	0.8083	0.808	0.8104	0.3965	0.3973	0.4016
240	0.8143	0.8136	0.816	0.4365	0.4371	0.4409
245	0.8185	0.8175	0.82	0.4739	0.4743	0.4778
250	0.8213	0.82	0.8226	0.509	0.5092	0.5124
255	0.8225	0.8211	0.8238	0.5421	0.5421	0.5449
260	0.8225	0.821	0.8237	0.5733	0.5731	0.5757
265	0.8212	0.8199	0.8226	0.6027	0.6025	0.6047
270	0.8188	0.8176	0.8204	0.6306	0.6302	0.6322
275	0.8153	0.8145	0.8172	0.6569	0.6566	0.6583
280	0.811	0.8105	0.8132	0.6819	0.6815	0.6831
285	0.8059	0.8057	0.8085	0.7056	0.7053	0.7066
290	0.8	0.8003	0.803	0.7281	0.7278	0.7289
295	0.7936	0.7942	0.7969	0.7495	0.7493	0.7502
300	0.7867	0.7876	0.7903	0.7699	0.7698	0.7705
305	0.7794	0.7805	0.7831	0.7894	0.7893	0.7898
310	0.7718	0.773	0.7756	0.8079	0.8079	0.8083
315	0.764	0.7652	0.7677	0.8256	0.8256	0.8259
320	0.7559	0.757	0.7595	0.8426	0.8426	0.8427
325	0.7476	0.7486	0.751	0.8588	0.8588	0.8588
330	0.7392	0.74	0.7424	0.8743	0.8743	0.8741
335	0.7307	0.7313	0.7336	0.8892	0.8891	0.8889
340	0.7221	0.7224	0.7247	0.9034	0.9034	0.903
360	0.6869	0.6861	0.6882	0.955	0.9548	0.9541
380	0.6504	0.6494	0.6514	0.9991	0.9991	0.998
400	0.6134	0.613	0.6149	1.037	1.038	1.036
420	0.577	0.5776	0.5793	1.071	1.071	1.07
440	0.5423	0.5435	0.5451	1.1	1.101	1.099
460	0.5101	0.5111	0.5125	1.127	1.127	1.125
480	0.4804	0.4805	0.4818	1.15	1.15	1.148
500	0.4524	0.4518	0.453	1.171	1.17	1.168
520	0.4258	0.4249	0.426	1.189	1.188	1.186
540	0.4004	0.3996	0.4006	1.204	1.204	1.202
560	0.3762	0.3759	0.3769	1.218	1.218	1.216
580	0.3535	0.3538	0.3547	1.23	1.231	1.229
600	0.3327	0.3332	0.334	1.242	1.243	1.241
620	0.3136	0.314	0.3147	1.253	1.253	1.251
640	0.2962	0.2961	0.2968	1.263	1.262	1.26
660	0.28	0.2795	0.2801	1.272	1.271	1.268
680	0.2647	0.2639	0.2645	1.28	1.278	1.276
700	0.2501	0.2494	0.2499	1.286	1.284	1.282
720	0.2363	0.2358	0.2363	1.291	1.29	1.288
740	0.2232	0.2231	0.2236	1.295	1.295	1.294
760	0.211	0.2113	0.2117	1.299	1.3	1.298
780	0.1997	0.2002	0.2006	1.303	1.304	1.302
800	0.1894	0.1899	0.1902	1.307	1.308	1.306
850	0.167	0.1668	0.1671	1.316	1.315	1.313
900	0.1476	0.1471	0.1474	1.321	1.319	1.318
950	0.1302	0.1303	0.1305	1.322	1.322	1.32
1000	0.1155	0.1158	0.116	1.321	1.323	1.322
1041	0.1054	0.1055	0.1056	1.323	1.323	1.322
1050	0.1033	0.1034	0.1035	1.323	1.323	1.322
1100	0.09287	0.09255	0.09267	1.325	1.322	1.32
1150	0.08327	0.08313	0.08324	1.322	1.32	1.318
1200	0.07466	0.07491	0.07501	1.315	1.317	1.316
1250	0.06739	0.06771	0.06778	1.31	1.314	1.312
1253.6	0.06692	0.06723	0.06729	1.31	1.314	1.312
1300	0.06135	0.06138	0.06143	1.309	1.31	1.308
1350	0.05596	0.05577	0.05581	1.307	1.306	1.304
1400	0.0509	0.0508	0.05084	1.302	1.301	1.299
1450	0.04625	0.04639	0.04642	1.294	1.296	1.294
1486.6	0.04324	0.04347	0.04349	1.288	1.292	1.29
1500	0.04224	0.04246	0.04248	1.286	1.29	1.289
