30	11.59	11.59	9.876	1.914	1.914	1.839
35	6.459	6.475	5.363	1.978	1.978	1.946
40	3.854	3.849	3.08	1.837	1.836	1.867
40.81	3.566	3.559	2.832	1.804	1.803	1.844
45	2.45	2.439	1.885	1.605	1.604	1.682
50	1.655	1.649	1.236	1.324	1.324	1.42
55	1.183	1.183	0.8665	1.025	1.027	1.111
60	0.8909	0.8937	0.6461	0.7352	0.7385	0.79
65	0.7038	0.707	0.5095	0.476	0.4774	0.4898
70	0.5802	0.5824	0.4222	0.2614	0.2595	0.2396
75	0.496	0.4967	0.3651	0.09829	0.09403	0.05618
80	0.4368	0.4363	0.3266	-0.01331	-0.01748	-0.05844
85	0.3937	0.3922	0.2999	-0.07801	-0.08045	-0.1134
90	0.3611	0.3591	0.2807	-0.1034	-0.104	-0.1227
95	0.3353	0.3333	0.2661	-0.0982	-0.09813	-0.1003
100	0.3141	0.3126	0.2546	-0.07098	-0.0713	-0.05736
105	0.2963	0.2954	0.2451	-0.02903	-0.03023	-0.001884
110	0.2809	0.2809	0.2369	0.02201	0.02022	0.06068
115	0.2675	0.2684	0.2298	0.07811	0.0765	0.1267
120	0.2559	0.2575	0.2234	0.1367	0.1361	0.1936
125	0.2459	0.2477	0.2174	0.1961	0.197	0.2599
130	0.2373	0.2389	0.2119	0.2555	0.2579	0.3242
132.3	0.2337	0.2351	0.2095	0.2827	0.2856	0.353
135	0.2297	0.2309	0.2067	0.3142	0.3177	0.386
140	0.223	0.2235	0.2018	0.3718	0.3756	0.4447
145	0.2168	0.2166	0.197	0.4278	0.4311	0.5001
150	0.211	0.2101	0.1924	0.4818	0.484	0.5522
151.4	0.2094	0.2083	0.1912	0.4965	0.4983	0.5662
155	0.2054	0.204	0.188	0.5334	0.5342	0.6011
160	0.1998	0.1982	0.1837	0.5824	0.5816	0.647
165	0.1942	0.1927	0.1796	0.6286	0.6266	0.6901
170	0.1886	0.1875	0.1756	0.6719	0.6692	0.7306
175	0.1831	0.1826	0.1717	0.7125	0.7095	0.7689
180	0.1779	0.1779	0.1679	0.7505	0.7479	0.805
185	0.1728	0.1734	0.1643	0.7863	0.7844	0.8392
190	0.1681	0.1692	0.1607	0.82	0.8192	0.8716
195	0.1638	0.1651	0.1573	0.852	0.8523	0.9024
200	0.1598	0.1611	0.1539	0.8825	0.8839	0.9315
205	0.1562	0.1573	0.1507	0.9118	0.9139	0.9592
210	0.153	0.1537	0.1475	0.9399	0.9425	0.9855
215	0.1499	0.1502	0.1444	0.9671	0.9696	1.01
220	0.147	0.1468	0.1414	0.9932	0.9955	1.034
225	0.1442	0.1435	0.1385	1.018	1.02	1.056
230	0.1414	0.1403	0.1357	1.042	1.043	1.078
235	0.1385	0.1372	0.133	1.065	1.066	1.098
240	0.1356	0.1343	0.1303	1.087	1.087	1.117
245	0.1327	0.1314	0.1278	1.108	1.107	1.136
250	0.1297	0.1287	0.1253	1.128	1.126	1.153
255	0.1267	0.126	0.1228	1.146	1.144	1.17
260	0.1237	0.1234	0.1205	1.164	1.162	1.186
265	0.1208	0.121	0.1182	1.18	1.179	1.201
270	0.1181	0.1186	0.116	1.196	1.195	1.216
275	0.1155	0.1162	0.1138	1.212	1.211	1.23
280	0.113	0.114	0.1117	1.226	1.226	1.244
285	0.1108	0.1118	0.1097	1.24	1.24	1.257
290	0.1087	0.1097	0.1077	1.254	1.254	1.27
295	0.1069	0.1077	0.1058	1.267	1.268	1.282
300	0.1051	0.1057	0.1039	1.28	1.281	1.294
305	0.1035	0.1037	0.102	1.292	1.293	1.305
310	0.102	0.1019	0.1002	1.304	1.305	1.316
315	0.1004	0.1	0.0985	1.316	1.317	1.327
320	0.09895	0.09822	0.0968	1.327	1.328	1.337
325	0.09743	0.09647	0.09514	1.338	1.338	1.346
340	0.09261	0.0915	0.09043	1.368	1.368	1.374
360	0.0857	0.0855	0.08469	1.404	1.403	1.406
380	0.07934	0.08014	0.07949	1.434	1.434	1.434
400	0.07449	0.0753	0.07476	1.462	1.462	1.459
420	0.07089	0.07088	0.07043	1.487	1.486	1.482
440	0.06752	0.06682	0.06648	1.508	1.508	1.502
460	0.06371	0.06309	0.06286	1.527	1.527	1.52
480	0.05963	0.0597	0.05953	1.544	1.545	1.536
500	0.05595	0.0566	0.05647	1.56	1.561	1.55
520	0.05313	0.05375	0.05363	1.575	1.575	1.564
540	0.05103	0.0511	0.05101	1.589	1.588	1.576
560	0.04913	0.04863	0.04857	1.601	1.6	1.587
580	0.04696	0.04632	0.0463	1.611	1.611	1.597
600	0.04445	0.04418	0.0442	1.619	1.62	1.606
620	0.04193	0.0422	0.04223	1.628	1.629	1.615
640	0.03977	0.04037	0.0404	1.636	1.638	1.622
660	0.03817	0.03865	0.03868	1.646	1.645	1.629
680	0.03699	0.03704	0.03706	1.654	1.652	1.636
700	0.03591	0.03551	0.03555	1.661	1.659	1.642
720	0.03465	0.03407	0.03413	1.666	1.664	1.648
740	0.03312	0.03271	0.03279	1.669	1.67	1.653
760	0.03145	0.03144	0.03153	1.673	1.675	1.658
780	0.0299	0.03026	0.03033	1.677	1.68	1.662
800	0.02865	0.02914	0.02921	1.682	1.684	1.666
850	0.02674	0.02659	0.02665	1.696	1.693	1.675
900	0.02464	0.02432	0.0244	1.701	1.701	1.683
950	0.02206	0.02235	0.02243	1.704	1.707	1.689
1000	0.02053	0.02061	0.02068	1.714	1.713	1.694
1041	0.01967	0.01932	0.01939	1.72	1.716	1.698
1050	0.01943	0.01905	0.01912	1.72	1.717	1.698
1100	0.01767	0.01765	0.01773	1.718	1.72	1.702
1150	0.01608	0.01641	0.01647	1.719	1.723	1.705
1200	0.01537	0.01529	0.01535	1.728	1.725	1.707
1250	0.01464	0.01426	0.01433	1.731	1.726	1.708
1253.6	0.01456	0.01419	0.01426	1.731	1.726	1.708
1300	0.01334	0.01333	0.0134	1.724	1.727	1.709
1350	0.01217	0.0125	0.01256	1.722	1.728	1.71
1400	0.01167	0.01175	0.01179	1.729	1.728	1.711
1450	0.01129	0.01104	0.01109	1.734	1.728	1.711
1486.6	0.01075	0.01056	0.01061	1.731	1.728	1.711
1500	0.0105	0.01039	0.01045	1.728	1.728	1.711
