50	4.466	4.465	3.393	1.923	1.923	1.912
55	3.335	3.339	2.494	1.971	1.97	1.986
60	2.423	2.424	1.754	1.829	1.828	1.897
65	1.783	1.782	1.243	1.614	1.613	1.725
70	1.35	1.347	0.9079	1.367	1.365	1.496
75	1.055	1.052	0.6896	1.111	1.109	1.229
80	0.8496	0.8476	0.5452	0.8612	0.8601	0.9482
85	0.7034	0.7023	0.4476	0.6297	0.6298	0.6744
90	0.5972	0.5969	0.3805	0.4245	0.4255	0.4264
95	0.5188	0.519	0.3337	0.2514	0.2526	0.2185
100	0.4602	0.4607	0.3008	0.1135	0.1143	0.05895
105	0.4159	0.4165	0.2775	0.01124	0.01142	-0.0507
110	0.3819	0.3825	0.2608	-0.05752	-0.05789	-0.1145
115	0.3554	0.3559	0.2488	-0.09683	-0.09745	-0.1401
120	0.3345	0.3347	0.2399	-0.1117	-0.1122	-0.1363
125	0.3175	0.3175	0.2331	-0.1071	-0.1073	-0.1114
130	0.3034	0.3032	0.2278	-0.0877	-0.08765	-0.07232
132.3	0.2977	0.2974	0.2256	-0.07493	-0.07478	-0.05108
135	0.2915	0.2911	0.2234	-0.05744	-0.05721	-0.02429
140	0.2812	0.2806	0.2196	-0.01942	-0.01922	0.02892
145	0.272	0.2714	0.2163	0.02389	0.02389	0.08474
150	0.2638	0.2631	0.2132	0.07064	0.07032	0.1415
151.4	0.2616	0.261	0.2124	0.08414	0.08372	0.1574
155	0.2562	0.2557	0.2103	0.1194	0.1187	0.198
160	0.2493	0.2488	0.2075	0.1691	0.1681	0.2536
165	0.2427	0.2425	0.2048	0.2189	0.2178	0.3077
170	0.2367	0.2366	0.2022	0.2682	0.2672	0.36
175	0.2309	0.2311	0.1995	0.3167	0.3158	0.4105
180	0.2256	0.2259	0.1969	0.3639	0.3633	0.4587
185	0.2205	0.221	0.1943	0.4096	0.4095	0.5048
190	0.2157	0.2163	0.1916	0.4538	0.4541	0.5487
195	0.2112	0.2118	0.189	0.4963	0.497	0.5903
200	0.207	0.2075	0.1864	0.5372	0.5382	0.6298
205	0.203	0.2034	0.1838	0.5764	0.5776	0.6672
210	0.1991	0.1994	0.1811	0.614	0.6153	0.7025
215	0.1954	0.1955	0.1785	0.6499	0.6512	0.736
220	0.1919	0.1917	0.1759	0.6844	0.6855	0.7677
225	0.1884	0.1881	0.1734	0.7174	0.7182	0.7978
230	0.185	0.1846	0.1708	0.7489	0.7495	0.8263
235	0.1817	0.1811	0.1683	0.7791	0.7793	0.8534
240	0.1784	0.1778	0.1658	0.808	0.8079	0.8793
245	0.1752	0.1746	0.1633	0.8357	0.8353	0.904
250	0.172	0.1714	0.1609	0.8622	0.8615	0.9275
255	0.1688	0.1683	0.1584	0.8875	0.8867	0.9501
260	0.1657	0.1653	0.1561	0.9118	0.9108	0.9717
265	0.1626	0.1624	0.1537	0.935	0.9341	0.9924
270	0.1597	0.1596	0.1514	0.9573	0.9564	1.012
275	0.1567	0.1568	0.1491	0.9786	0.9779	1.031
280	0.1539	0.1542	0.1469	0.9991	0.9986	1.05
285	0.1512	0.1515	0.1447	1.019	1.018	1.067
290	0.1485	0.149	0.1425	1.038	1.038	1.084
295	0.146	0.1465	0.1404	1.056	1.056	1.1
300	0.1436	0.144	0.1382	1.073	1.074	1.116
305	0.1412	0.1417	0.1362	1.09	1.091	1.131
310	0.139	0.1393	0.1341	1.107	1.107	1.145
315	0.1368	0.1371	0.1322	1.122	1.123	1.159
320	0.1347	0.1349	0.1302	1.137	1.138	1.173
325	0.1327	0.1327	0.1283	1.152	1.153	1.186
330	0.1307	0.1306	0.1264	1.166	1.167	1.198
335	0.1288	0.1285	0.1246	1.18	1.181	1.21
340	0.1269	0.1265	0.1228	1.193	1.194	1.221
345	0.125	0.1246	0.121	1.206	1.206	1.233
360	0.1195	0.1189	0.1159	1.242	1.242	1.264
380	0.1124	0.112	0.1095	1.285	1.285	1.301
400	0.1057	0.1057	0.1036	1.323	1.322	1.334
420	0.09956	0.09987	0.0982	1.356	1.356	1.364
440	0.09422	0.09455	0.09316	1.386	1.386	1.391
460	0.08954	0.08964	0.08848	1.413	1.413	1.414
480	0.08528	0.08511	0.08415	1.437	1.437	1.436
500	0.08121	0.08091	0.08013	1.459	1.459	1.455
520	0.07723	0.07703	0.07639	1.479	1.479	1.473
540	0.07339	0.07342	0.07291	1.497	1.497	1.489
560	0.06981	0.07008	0.06966	1.514	1.514	1.504
580	0.06659	0.06697	0.06662	1.529	1.529	1.518
600	0.06375	0.06407	0.06378	1.543	1.543	1.531
620	0.06121	0.06135	0.06112	1.556	1.556	1.542
640	0.05887	0.05881	0.05862	1.568	1.568	1.553
660	0.0566	0.05642	0.05628	1.579	1.579	1.563
680	0.05434	0.05417	0.05408	1.589	1.589	1.572
700	0.05212	0.05206	0.052	1.598	1.599	1.581
720	0.04998	0.05008	0.05004	1.607	1.607	1.589
740	0.04799	0.04821	0.0482	1.615	1.615	1.596
760	0.0462	0.04645	0.04645	1.623	1.623	1.603
780	0.0446	0.04479	0.0448	1.63	1.63	1.61
800	0.04316	0.04321	0.04324	1.637	1.637	1.616
850	0.03985	0.03961	0.03967	1.652	1.651	1.63
900	0.03652	0.03644	0.03653	1.663	1.664	1.641
950	0.03348	0.03365	0.03375	1.674	1.675	1.651
1000	0.03112	0.03118	0.03128	1.684	1.684	1.66
1041	0.0295	0.02935	0.02945	1.691	1.69	1.666
1050	0.02915	0.02896	0.02907	1.693	1.691	1.667
1100	0.02714	0.02697	0.02709	1.698	1.698	1.674
1150	0.02512	0.02518	0.0253	1.703	1.704	1.679
1200	0.02343	0.02357	0.02368	1.708	1.709	1.684
1250	0.02212	0.0221	0.02221	1.714	1.713	1.688
1253.6	0.02204	0.022	0.02211	1.714	1.713	1.689
1300	0.02093	0.02076	0.02087	1.718	1.717	1.692
1350	0.01966	0.01954	0.01965	1.72	1.72	1.695
1400	0.01838	0.01842	0.01853	1.721	1.722	1.698
1450	0.01729	0.0174	0.0175	1.723	1.724	1.7
1486.6	0.01665	0.01671	0.0168	1.726	1.726	1.701
1500	0.01644	0.01646	0.01656	1.727	1.726	1.702
