275	0.4018	0.3997	0.3805	0.1917	0.192	0.1922
280	0.3501	0.3485	0.3319	0.08823	0.09306	0.09653
285	0.3225	0.3212	0.306	0.06667	0.07522	0.08474
290	0.3051	0.3041	0.29	0.1535	0.1629	0.1788
295	0.2942	0.2936	0.2804	0.2608	0.2664	0.2804
300	0.2889	0.2887	0.2764	0.2581	0.2598	0.2665
305	0.2882	0.2882	0.2768	0.1538	0.1536	0.1522
310	0.2911	0.2913	0.2808	-0.01175	-0.01244	-0.02031
315	0.297	0.2972	0.2876	-0.2027	-0.203	-0.215
320	0.305	0.3052	0.2965	-0.3909	-0.3907	-0.404
325	0.3146	0.3148	0.3069	-0.5578	-0.5572	-0.5697
330	0.3254	0.3255	0.3183	-0.6948	-0.694	-0.7041
335	0.337	0.3371	0.3306	-0.7999	-0.7993	-0.8061
340	0.3493	0.3494	0.3436	-0.8756	-0.8753	-0.8784
345	0.3624	0.3625	0.3572	-0.9255	-0.9255	-0.9249
350	0.3762	0.3763	0.3716	-0.9538	-0.9542	-0.9499
355	0.3905	0.3906	0.3865	-0.9643	-0.9649	-0.9575
360	0.4053	0.4054	0.4018	-0.9603	-0.9612	-0.9509
365	0.4203	0.4204	0.4173	-0.945	-0.946	-0.9333
370	0.4353	0.4355	0.4328	-0.9207	-0.9218	-0.9071
375	0.4501	0.4505	0.4481	-0.8898	-0.8907	-0.8745
380	0.4646	0.4651	0.4631	-0.8539	-0.8547	-0.8371
385	0.4787	0.4792	0.4777	-0.8144	-0.815	-0.7966
390	0.4923	0.4929	0.4916	-0.7725	-0.7729	-0.7538
395	0.5053	0.506	0.5051	-0.7291	-0.7292	-0.7096
400	0.5178	0.5186	0.5179	-0.6848	-0.6846	-0.6648
405	0.5298	0.5306	0.5302	-0.64	-0.6396	-0.6196
410	0.5413	0.5422	0.5421	-0.5951	-0.5945	-0.5745
415	0.5524	0.5533	0.5534	-0.5505	-0.5495	-0.5297
420	0.563	0.564	0.5643	-0.5062	-0.5051	-0.4854
425	0.5733	0.5743	0.5748	-0.4625	-0.4612	-0.4418
430	0.5832	0.5842	0.5849	-0.4196	-0.418	-0.399
435	0.5926	0.5936	0.5945	-0.3774	-0.3757	-0.3571
440	0.6017	0.6026	0.6037	-0.3362	-0.3344	-0.3162
445	0.6103	0.6112	0.6123	-0.2959	-0.294	-0.2763
450	0.6184	0.6193	0.6206	-0.2567	-0.2547	-0.2375
455	0.6261	0.6268	0.6283	-0.2186	-0.2166	-0.1998
460	0.6332	0.6339	0.6355	-0.1816	-0.1795	-0.1633
465	0.6399	0.6405	0.6421	-0.1457	-0.1437	-0.1279
470	0.6461	0.6466	0.6483	-0.111	-0.1089	-0.09372
475	0.6519	0.6522	0.654	-0.07732	-0.07535	-0.06062
480	0.6571	0.6573	0.6593	-0.04475	-0.04284	-0.02861
485	0.662	0.662	0.6641	-0.01322	-0.01139	0.002341
490	0.6665	0.6663	0.6685	0.0173	0.01904	0.03229
495	0.6705	0.6703	0.6725	0.04687	0.04851	0.06128
500	0.6742	0.6739	0.6761	0.07552	0.07705	0.08937
505	0.6776	0.6771	0.6794	0.1033	0.1047	0.1166
510	0.6807	0.68	0.6824	0.1303	0.1316	0.143
515	0.6835	0.6827	0.6851	0.1564	0.1576	0.1686
520	0.6859	0.685	0.6875	0.1819	0.1829	0.1935
525	0.6881	0.6871	0.6897	0.2066	0.2075	0.2177
530	0.6901	0.6889	0.6915	0.2306	0.2314	0.2411
535	0.6917	0.6905	0.6932	0.2539	0.2546	0.264
540	0.6931	0.6918	0.6945	0.2766	0.2772	0.2862
545	0.6942	0.6928	0.6956	0.2987	0.2991	0.3077
550	0.6951	0.6936	0.6964	0.3201	0.3204	0.3287
555	0.6957	0.6942	0.697	0.3409	0.3412	0.3491
560	0.696	0.6945	0.6973	0.3612	0.3613	0.3689
565	0.6961	0.6946	0.6975	0.3809	0.3809	0.3882
570	0.696	0.6944	0.6973	0.4	0.3999	0.4069
580	0.695	0.6935	0.6965	0.4366	0.4364	0.4428
600	0.6908	0.6894	0.6925	0.5038	0.5034	0.5087
620	0.6841	0.683	0.6861	0.5639	0.5634	0.5678
640	0.6756	0.6749	0.6781	0.6181	0.6177	0.6211
660	0.6656	0.6654	0.6686	0.6674	0.667	0.6697
680	0.6545	0.6547	0.6578	0.7123	0.712	0.714
700	0.6423	0.6429	0.646	0.7535	0.7533	0.7547
720	0.6295	0.6303	0.6333	0.7911	0.791	0.7919
740	0.6161	0.6171	0.6201	0.8257	0.8256	0.826
760	0.6026	0.6036	0.6065	0.8574	0.8574	0.8573
780	0.589	0.5899	0.5927	0.8867	0.8867	0.8862
800	0.5754	0.5762	0.5789	0.9138	0.9138	0.913
850	0.5414	0.5416	0.5441	0.9738	0.9736	0.972
900	0.508	0.5076	0.5099	1.024	1.024	1.022
950	0.4758	0.475	0.4772	1.066	1.066	1.063
1000	0.445	0.4441	0.4462	1.102	1.102	1.099
1041	0.4207	0.4201	0.422	1.127	1.127	1.124
1050	0.4156	0.415	0.4169	1.133	1.133	1.13
1100	0.3879	0.3878	0.3896	1.159	1.159	1.156
1150	0.3623	0.3625	0.3642	1.181	1.182	1.179
1200	0.3385	0.3391	0.3406	1.201	1.202	1.199
1250	0.3166	0.3173	0.3186	1.219	1.22	1.216
1253.6	0.3151	0.3158	0.3171	1.22	1.221	1.217
1300	0.2966	0.2971	0.2984	1.234	1.235	1.231
1350	0.2782	0.2784	0.2796	1.248	1.248	1.244
1400	0.2612	0.2611	0.2622	1.26	1.26	1.256
1450	0.2455	0.2451	0.2461	1.271	1.27	1.266
1486.6	0.2346	0.2341	0.235	1.278	1.276	1.273
1500	0.2308	0.2302	0.2312	1.28	1.279	1.275
