10.2	28.06	28.04	21.96	1.635	1.635	1.065
15	8.366	8.358	6.014	1.881	1.881	1.361
16.7	5.882	5.876	4.09	1.898	1.898	1.45
20	3.26	3.256	2.124	1.876	1.876	1.584
21.2	2.698	2.696	1.719	1.855	1.855	1.621
25	1.59	1.589	0.9457	1.756	1.756	1.689
26.8	1.276	1.276	0.7365	1.697	1.697	1.698
30	0.8964	0.8969	0.4928	1.576	1.577	1.678
35	0.5581	0.5586	0.2874	1.363	1.364	1.56
40	0.3738	0.3741	0.183	1.132	1.133	1.354
40.8	0.3526	0.3529	0.1715	1.095	1.096	1.315
45	0.2652	0.2654	0.1255	0.8983	0.8995	1.088
50	0.1975	0.1977	0.09209	0.675	0.6766	0.7976
55	0.1533	0.1536	0.07173	0.4755	0.4772	0.522
60	0.1233	0.1236	0.05882	0.3083	0.3096	0.2908
65	0.1023	0.1026	0.05029	0.1764	0.1771	0.1177
70	0.08703	0.08726	0.04441	0.07824	0.07824	0.002358
75	0.07557	0.07576	0.04017	0.009782	0.009347	-0.0642
80	0.06673	0.06688	0.03697	-0.03384	-0.03445	-0.09311
85	0.05973	0.05985	0.03447	-0.05739	-0.05787	-0.0947
90	0.05407	0.05417	0.03245	-0.06471	-0.06497	-0.07702
95	0.04941	0.04951	0.03077	-0.05903	-0.05911	-0.04613
100	0.04553	0.04563	0.02935	-0.04308	-0.04297	-0.006292
105	0.04227	0.04236	0.02813	-0.01907	-0.01874	0.03935
110	0.0395	0.03958	0.02706	0.01122	0.01175	0.08854
115	0.03711	0.03719	0.02612	0.04616	0.04696	0.1396
120	0.03506	0.03512	0.02528	0.08445	0.08557	0.1912
125	0.03327	0.03331	0.02452	0.1251	0.1264	0.2424
130	0.03171	0.03172	0.02383	0.1672	0.1686	0.2926
132.3	0.03105	0.03105	0.02353	0.1869	0.1883	0.3151
135	0.03032	0.0303	0.02319	0.2101	0.2114	0.3412
140	0.02906	0.02904	0.02261	0.253	0.2542	0.388
145	0.02794	0.02789	0.02206	0.2954	0.2964	0.4328
150	0.02692	0.02686	0.02155	0.3372	0.338	0.4757
151.4	0.02665	0.02658	0.02141	0.3488	0.3494	0.4873
155	0.02598	0.02591	0.02107	0.3782	0.3786	0.5165
160	0.0251	0.02503	0.0206	0.4182	0.4182	0.5555
165	0.02429	0.02422	0.02017	0.4569	0.4567	0.5927
170	0.02353	0.02347	0.01974	0.4944	0.4941	0.6282
175	0.02282	0.02277	0.01934	0.5307	0.5304	0.6623
180	0.02216	0.02211	0.01895	0.5661	0.5657	0.6949
185	0.02153	0.02149	0.01857	0.6003	0.5999	0.7261
190	0.02094	0.0209	0.0182	0.6335	0.6332	0.7562
195	0.02038	0.02034	0.01784	0.6657	0.6654	0.785
200	0.01985	0.0198	0.01749	0.6969	0.6965	0.8127
205	0.01934	0.01929	0.01715	0.7272	0.7266	0.8393
210	0.01886	0.01881	0.01681	0.7564	0.7556	0.8648
215	0.01839	0.01834	0.01649	0.7847	0.7837	0.8892
220	0.01794	0.01789	0.01616	0.8118	0.8106	0.9126
225	0.01749	0.01746	0.01585	0.8379	0.8365	0.935
230	0.01706	0.01705	0.01554	0.8627	0.8613	0.9564
235	0.01664	0.01665	0.01524	0.8865	0.8852	0.9768
240	0.01624	0.01626	0.01495	0.9092	0.9081	0.9964
245	0.01586	0.01589	0.01466	0.9308	0.93	1.015
250	0.01549	0.01554	0.01438	0.9515	0.951	1.033
255	0.01514	0.0152	0.0141	0.9714	0.9712	1.05
260	0.01481	0.01486	0.01384	0.9904	0.9906	1.066
265	0.01449	0.01454	0.01358	1.009	1.009	1.082
270	0.01419	0.01424	0.01332	1.027	1.027	1.097
275	0.01391	0.01394	0.01308	1.044	1.045	1.112
280	0.01363	0.01365	0.01284	1.061	1.061	1.126
285	0.01336	0.01337	0.0126	1.077	1.077	1.139
290	0.0131	0.0131	0.01238	1.093	1.093	1.152
295	0.01284	0.01284	0.01215	1.108	1.108	1.165
300	0.01259	0.01259	0.01194	1.123	1.123	1.177
305	0.01234	0.01234	0.01173	1.137	1.137	1.189
320	0.01162	0.01166	0.01113	1.177	1.177	1.222
340	0.01081	0.01084	0.01041	1.224	1.225	1.262
360	0.01017	0.01012	0.009766	1.266	1.267	1.298
380	0.00955	0.00947	0.009184	1.305	1.305	1.329
400	0.008898	0.008893	0.008658	1.339	1.338	1.358
420	0.008341	0.008376	0.00818	1.368	1.369	1.383
440	0.007954	0.007903	0.00774	1.396	1.396	1.406
460	0.007562	0.007465	0.007333	1.421	1.421	1.427
480	0.007044	0.007062	0.006954	1.444	1.444	1.446
500	0.006592	0.006694	0.006601	1.465	1.465	1.464
520	0.006334	0.006353	0.006273	1.483	1.483	1.48
540	0.006078	0.006034	0.005968	1.501	1.501	1.495
560	0.005722	0.005739	0.005685	1.516	1.517	1.508
580	0.005386	0.005468	0.005422	1.531	1.531	1.521
600	0.005152	0.005217	0.005177	1.545	1.545	1.533
620	0.004972	0.004983	0.004949	1.558	1.557	1.544
640	0.004779	0.004765	0.004736	1.569	1.569	1.554
660	0.004562	0.004561	0.004538	1.58	1.58	1.563
680	0.004353	0.004372	0.004353	1.59	1.59	1.572
700	0.004179	0.004196	0.004181	1.6	1.599	1.58
720	0.004034	0.004031	0.004019	1.609	1.608	1.588
740	0.003898	0.003876	0.003866	1.617	1.616	1.595
760	0.003756	0.003729	0.003723	1.624	1.624	1.602
780	0.003608	0.003591	0.003587	1.631	1.631	1.609
800	0.003465	0.00346	0.003458	1.638	1.638	1.615
850	0.003166	0.003163	0.003164	1.653	1.653	1.628
900	0.002904	0.002902	0.002906	1.666	1.666	1.64
950	0.002663	0.002672	0.002678	1.677	1.677	1.65
1000	0.00247	0.00247	0.002476	1.687	1.687	1.659
1041	0.002327	0.002321	0.002328	1.694	1.694	1.665
1050	0.002296	0.002291	0.002298	1.696	1.695	1.667
1100	0.002136	0.002131	0.002139	1.703	1.703	1.674
1150	0.001996	0.001988	0.001997	1.71	1.709	1.68
1200	0.001865	0.00186	0.001868	1.715	1.715	1.685
1250	0.001744	0.001743	0.001752	1.719	1.719	1.69
1253.6	0.001736	0.001735	0.001744	1.72	1.72	1.69
1300	0.001638	0.001637	0.001645	1.724	1.724	1.694
1350	0.001542	0.00154	0.001548	1.727	1.727	1.697
1400	0.001453	0.001451	0.00146	1.731	1.73	1.7
1450	0.001373	0.00137	0.001378	1.733	1.733	1.703
1486.6	0.001318	0.001315	0.001323	1.735	1.735	1.705
1500	0.001297	0.001296	0.001304	1.736	1.736	1.705
