75	103.8	103.7	102	0.4583	0.4588	0.475
76	48.68	48.63	47.72	0.2719	0.2724	0.2966
77	31.48	31.43	30.79	0.1541	0.1544	0.1828
78	25.26	25.22	24.67	0.1122	0.1122	0.1417
79	22.43	22.4	21.89	0.1177	0.1176	0.1462
80	20.86	20.83	20.35	0.15	0.1497	0.1766
85	16.96	16.95	16.54	0.4391	0.4386	0.4536
90	13.45	13.45	13.1	0.7419	0.7417	0.746
95	10.23	10.25	9.96	1.001	1.002	0.9982
100	7.775	7.786	7.552	1.216	1.217	1.209
105	6.009	6.015	5.818	1.394	1.395	1.384
110	4.732	4.732	4.565	1.543	1.543	1.532
115	3.783	3.778	3.635	1.668	1.667	1.657
120	3.055	3.047	2.924	1.771	1.771	1.761
125	2.485	2.476	2.369	1.855	1.855	1.847
130	2.033	2.024	1.931	1.918	1.918	1.914
132.3	1.857	1.849	1.761	1.941	1.941	1.937
135	1.672	1.665	1.583	1.961	1.961	1.959
140	1.383	1.378	1.306	1.983	1.983	1.983
145	1.152	1.149	1.086	1.981	1.981	1.984
150	0.9667	0.9654	0.91	1.955	1.955	1.959
151.4	0.9218	0.9209	0.8675	1.943	1.943	1.948
155	0.8182	0.8184	0.7694	1.903	1.904	1.909
160	0.6989	0.7002	0.6567	1.826	1.827	1.831
165	0.6029	0.605	0.5662	1.723	1.725	1.726
170	0.5256	0.5281	0.4934	1.596	1.598	1.594
175	0.4633	0.4659	0.4349	1.446	1.449	1.438
180	0.4132	0.4156	0.3878	1.277	1.28	1.262
185	0.3728	0.375	0.35	1.094	1.097	1.07
190	0.3404	0.3422	0.3198	0.9023	0.905	0.8695
195	0.3144	0.3158	0.2958	0.709	0.7103	0.6671
200	0.2936	0.2947	0.2767	0.5195	0.5191	0.4696
205	0.2771	0.2778	0.2617	0.3391	0.3368	0.283
210	0.264	0.2644	0.25	0.172	0.168	0.1119
215	0.2537	0.2539	0.241	0.02142	0.01602	-0.04028
220	0.2458	0.2457	0.2342	-0.1109	-0.1171	-0.1716
225	0.2397	0.2395	0.2292	-0.2239	-0.2304	-0.2816
230	0.2352	0.2349	0.2257	-0.3177	-0.3239	-0.3706
235	0.232	0.2315	0.2234	-0.3929	-0.3984	-0.4398
240	0.2298	0.2293	0.2221	-0.4508	-0.4553	-0.491
245	0.2285	0.2279	0.2215	-0.4928	-0.4963	-0.5262
250	0.2278	0.2272	0.2216	-0.5208	-0.5232	-0.5474
255	0.2277	0.227	0.2221	-0.5364	-0.5379	-0.5567
260	0.228	0.2272	0.223	-0.5416	-0.5423	-0.5561
265	0.2286	0.2278	0.2242	-0.5379	-0.5381	-0.5474
270	0.2295	0.2287	0.2255	-0.5269	-0.5269	-0.532
275	0.2305	0.2296	0.227	-0.51	-0.5099	-0.5115
280	0.2315	0.2307	0.2286	-0.4884	-0.4884	-0.4869
285	0.2326	0.2319	0.2302	-0.4631	-0.4633	-0.4591
290	0.2338	0.2331	0.2317	-0.4349	-0.4355	-0.4289
295	0.2349	0.2343	0.2333	-0.4047	-0.4055	-0.397
300	0.2359	0.2355	0.2348	-0.3729	-0.3741	-0.3639
305	0.237	0.2367	0.2363	-0.3401	-0.3415	-0.3299
310	0.2379	0.2378	0.2376	-0.3067	-0.3082	-0.2955
315	0.2388	0.2389	0.2389	-0.2729	-0.2745	-0.2609
320	0.2396	0.2399	0.2402	-0.2391	-0.2407	-0.2263
325	0.2404	0.2408	0.2413	-0.2053	-0.2068	-0.1919
330	0.2411	0.2416	0.2423	-0.1719	-0.1732	-0.1579
335	0.2417	0.2424	0.2432	-0.1389	-0.1399	-0.1244
340	0.2422	0.2431	0.2441	-0.1064	-0.1071	-0.09135
345	0.2427	0.2437	0.2448	-0.07442	-0.07475	-0.05899
350	0.2431	0.2441	0.2454	-0.04311	-0.04304	-0.02731
355	0.2435	0.2445	0.2459	-0.01245	-0.01199	0.003629
360	0.2438	0.2448	0.2463	0.01751	0.01836	0.03381
365	0.2441	0.2451	0.2466	0.04679	0.04798	0.06322
370	0.2442	0.2452	0.2468	0.07537	0.07687	0.09184
380	0.2445	0.2452	0.2469	0.1305	0.1324	0.1468
400	0.2442	0.2442	0.2462	0.2328	0.2349	0.2478
420	0.2429	0.2422	0.2443	0.3255	0.3268	0.3382
440	0.2405	0.2393	0.2416	0.4092	0.4094	0.4192
460	0.2368	0.2356	0.238	0.4843	0.4835	0.4919
480	0.2322	0.2314	0.2339	0.5515	0.5501	0.5573
500	0.2269	0.2268	0.2293	0.6114	0.6101	0.6161
520	0.2213	0.2219	0.2243	0.6653	0.6643	0.6692
540	0.2158	0.2169	0.2192	0.7141	0.7136	0.7176
560	0.2105	0.2117	0.2139	0.7587	0.7587	0.7617
580	0.2055	0.2064	0.2086	0.7997	0.7999	0.8021
600	0.2006	0.2011	0.2031	0.8374	0.8377	0.8391
620	0.1958	0.1957	0.1977	0.8722	0.8723	0.8731
640	0.1909	0.1904	0.1924	0.9042	0.9042	0.9043
660	0.1859	0.1852	0.1871	0.9337	0.9337	0.9332
680	0.1807	0.18	0.1819	0.9609	0.9609	0.96
700	0.1754	0.1749	0.1768	0.986	0.9862	0.9849
720	0.17	0.17	0.1718	1.009	1.01	1.008
740	0.1647	0.1652	0.1669	1.031	1.032	1.03
760	0.1597	0.1605	0.1621	1.052	1.052	1.05
780	0.155	0.156	0.1575	1.071	1.071	1.068
800	0.1506	0.1516	0.153	1.089	1.089	1.086
850	0.141	0.1411	0.1424	1.13	1.129	1.125
900	0.1321	0.1314	0.1326	1.164	1.163	1.159
950	0.1232	0.1225	0.1236	1.192	1.192	1.188
1000	0.1143	0.1143	0.1153	1.216	1.217	1.213
1041	0.1076	0.1081	0.109	1.234	1.236	1.231
1050	0.1062	0.1068	0.1077	1.238	1.239	1.234
1100	0.09937	0.09986	0.1007	1.258	1.259	1.253
1150	0.09359	0.09352	0.09425	1.277	1.275	1.27
1200	0.08824	0.08766	0.08835	1.292	1.29	1.285
1250	0.08285	0.08225	0.0829	1.304	1.303	1.297
1253.6	0.08246	0.08188	0.08252	1.304	1.303	1.298
1300	0.07746	0.07729	0.07789	1.312	1.314	1.309
1350	0.0724	0.07272	0.07327	1.321	1.324	1.319
1400	0.06801	0.0685	0.06899	1.33	1.333	1.327
1450	0.06434	0.06461	0.06504	1.341	1.34	1.335
1486.6	0.06198	0.06193	0.06234	1.348	1.345	1.34
1500	0.06115	0.06099	0.06139	1.35	1.347	1.342
