25	11.96	11.95	7.38	1.876	1.876	1.658
26.86	9.792	9.807	5.971	1.995	1.995	1.779
30	6.939	6.948	4.046	1.949	1.949	1.838
35	4.161	4.149	2.202	1.725	1.724	1.807
40	2.667	2.658	1.287	1.447	1.447	1.66
40.81	2.498	2.49	1.19	1.401	1.401	1.626
45	1.825	1.824	0.8225	1.166	1.168	1.419
50	1.322	1.326	0.5711	0.9031	0.9058	1.116
55	1.006	1.01	0.4265	0.6657	0.6662	0.792
60	0.7992	0.8006	0.3395	0.4586	0.4559	0.489
65	0.6576	0.6568	0.2853	0.2856	0.2816	0.2413
70	0.5565	0.5547	0.2504	0.1492	0.1465	0.06449
75	0.4815	0.4796	0.227	0.04935	0.04891	-0.04448
80	0.4237	0.4226	0.2103	-0.01715	-0.01592	-0.0987
85	0.3781	0.378	0.1979	-0.0555	-0.05402	-0.1129
90	0.3415	0.3422	0.188	-0.07165	-0.07083	-0.09952
95	0.3116	0.3128	0.1799	-0.07093	-0.0708	-0.06753
100	0.2872	0.2884	0.1731	-0.05751	-0.05749	-0.02349
105	0.267	0.2678	0.1671	-0.0344	-0.03394	0.02784
110	0.2501	0.2502	0.1617	-0.003776	-0.002772	0.08294
115	0.2355	0.235	0.1568	0.03257	0.03369	0.1393
120	0.2227	0.2217	0.1523	0.073	0.07355	0.1951
125	0.2112	0.21	0.148	0.1159	0.1153	0.2494
130	0.2005	0.1995	0.144	0.1599	0.1579	0.3015
132.3	0.1959	0.195	0.1422	0.1801	0.1776	0.3246
135	0.1907	0.19	0.1402	0.2037	0.2007	0.3512
140	0.1815	0.1815	0.1365	0.2465	0.2432	0.3987
145	0.1731	0.1737	0.133	0.2881	0.2854	0.4439
150	0.1655	0.1665	0.1296	0.3283	0.3269	0.4871
151.4	0.1635	0.1646	0.1286	0.3394	0.3384	0.4988
155	0.1587	0.16	0.1263	0.3675	0.3677	0.5283
160	0.1526	0.1539	0.1232	0.4058	0.4077	0.5677
165	0.1472	0.1483	0.1201	0.4435	0.4467	0.6052
170	0.1423	0.143	0.1172	0.4809	0.4846	0.6409
175	0.1379	0.1381	0.1144	0.5177	0.5212	0.6749
180	0.1337	0.1336	0.1116	0.5539	0.5565	0.7071
185	0.1297	0.1292	0.109	0.5891	0.5904	0.7377
190	0.1258	0.1252	0.1065	0.623	0.6229	0.7667
195	0.122	0.1214	0.104	0.6555	0.654	0.7942
200	0.1182	0.1177	0.1017	0.6862	0.684	0.8204
205	0.1144	0.1143	0.09942	0.7152	0.7127	0.8454
210	0.1109	0.1111	0.09722	0.7425	0.7405	0.8693
215	0.1075	0.1081	0.0951	0.7683	0.7672	0.8921
220	0.1044	0.1052	0.09305	0.793	0.793	0.9141
225	0.1015	0.1024	0.09107	0.8167	0.818	0.9351
230	0.09892	0.09976	0.08914	0.8396	0.8421	0.9554
235	0.09657	0.09725	0.08728	0.8621	0.8654	0.9749
240	0.09443	0.09483	0.08548	0.8843	0.8879	0.9936
245	0.09244	0.09252	0.08373	0.9061	0.9096	1.012
250	0.09056	0.0903	0.08204	0.9276	0.9306	1.029
255	0.08872	0.08817	0.08039	0.9486	0.9507	1.045
260	0.08688	0.08611	0.0788	0.9691	0.9701	1.061
265	0.08502	0.08414	0.07726	0.9889	0.9888	1.077
270	0.08312	0.08224	0.07576	1.008	1.007	1.092
275	0.08118	0.08042	0.07431	1.026	1.024	1.106
280	0.07923	0.07867	0.0729	1.043	1.041	1.119
285	0.07729	0.07698	0.07154	1.059	1.057	1.133
290	0.0754	0.07536	0.07021	1.075	1.073	1.145
295	0.07359	0.07381	0.06893	1.089	1.088	1.158
300	0.07188	0.07231	0.06768	1.103	1.102	1.17
305	0.0703	0.07086	0.06646	1.117	1.117	1.181
310	0.06885	0.06946	0.06528	1.13	1.13	1.193
315	0.06754	0.06811	0.06413	1.143	1.144	1.203
320	0.06634	0.0668	0.06301	1.155	1.157	1.214
340	0.0623	0.06194	0.05883	1.204	1.205	1.253
360	0.05831	0.05761	0.05506	1.249	1.248	1.288
380	0.0539	0.05377	0.05167	1.288	1.286	1.319
400	0.04992	0.05035	0.04859	1.321	1.321	1.347
420	0.04703	0.04729	0.04579	1.351	1.352	1.373
440	0.04482	0.0445	0.04323	1.379	1.38	1.396
460	0.04248	0.04194	0.04088	1.406	1.405	1.416
480	0.03975	0.03961	0.03873	1.429	1.428	1.436
500	0.0371	0.03751	0.03675	1.45	1.45	1.453
520	0.03504	0.03558	0.03492	1.469	1.469	1.469
540	0.03361	0.03381	0.03323	1.487	1.487	1.484
560	0.03235	0.03216	0.03166	1.504	1.504	1.498
580	0.03086	0.03062	0.0302	1.519	1.519	1.511
600	0.02912	0.0292	0.02884	1.533	1.533	1.523
620	0.02747	0.02789	0.02758	1.546	1.546	1.534
640	0.02621	0.02668	0.02639	1.558	1.558	1.544
660	0.02536	0.02554	0.02528	1.57	1.57	1.554
680	0.02465	0.02447	0.02425	1.581	1.58	1.563
700	0.02379	0.02345	0.02327	1.59	1.59	1.571
720	0.0227	0.02251	0.02235	1.599	1.599	1.579
740	0.02152	0.02162	0.02149	1.607	1.608	1.587
760	0.02049	0.02079	0.02068	1.616	1.616	1.594
780	0.01976	0.02001	0.01991	1.624	1.624	1.6
800	0.01926	0.01928	0.01918	1.632	1.631	1.607
850	0.01786	0.01759	0.01754	1.647	1.647	1.621
900	0.01592	0.01612	0.0161	1.66	1.661	1.633
950	0.01491	0.01485	0.01483	1.675	1.673	1.644
1000	0.014	0.0137	0.0137	1.684	1.684	1.653
1041	0.0128	0.01286	0.01288	1.689	1.691	1.66
1050	0.01255	0.01269	0.0127	1.69	1.693	1.661
1100	0.01168	0.0118	0.01181	1.702	1.701	1.669
1150	0.01116	0.01099	0.01101	1.709	1.708	1.675
1200	0.0102	0.01026	0.01029	1.712	1.714	1.681
1250	0.009446	0.009613	0.009636	1.72	1.72	1.686
1253.6	0.009417	0.009568	0.009591	1.721	1.72	1.686
1300	0.009181	0.009021	0.009046	1.729	1.725	1.691
1350	0.008663	0.008474	0.008507	1.729	1.729	1.695
1400	0.007856	0.007982	0.008017	1.728	1.733	1.698
1450	0.007404	0.007539	0.007568	1.736	1.736	1.701
1486.6	0.007287	0.007236	0.007263	1.741	1.738	1.703
1500	0.007234	0.007128	0.007156	1.742	1.739	1.704
