10.2	11.76	11.76	11.14	0.1042	0.104	0.259
15	8.458	8.461	8.099	0.4492	0.4492	0.5079
16.7	6.903	6.905	6.615	0.5547	0.5548	0.5932
20	4.62	4.62	4.428	0.7332	0.7332	0.7447
21.2	4.018	4.017	3.85	0.7909	0.791	0.7955
25	2.665	2.664	2.552	0.955	0.955	0.9436
26.8	2.228	2.227	2.133	1.025	1.025	1.008
30	1.652	1.652	1.581	1.139	1.139	1.115
35	1.075	1.075	1.027	1.296	1.296	1.267
40	0.7236	0.7234	0.6902	1.433	1.433	1.401
40.8	0.6811	0.681	0.6495	1.453	1.453	1.421
45	0.5019	0.5018	0.4777	1.552	1.552	1.52
50	0.358	0.3579	0.34	1.654	1.654	1.624
55	0.2619	0.2619	0.2482	1.742	1.742	1.715
60	0.1959	0.1959	0.1852	1.817	1.817	1.793
65	0.1492	0.1492	0.1407	1.879	1.879	1.859
70	0.1154	0.1154	0.1085	1.928	1.928	1.913
75	0.09035	0.09035	0.08469	1.964	1.964	1.953
80	0.07155	0.07153	0.06685	1.987	1.987	1.98
85	0.05725	0.05721	0.05331	1.995	1.995	1.992
90	0.04625	0.04621	0.04293	1.988	1.988	1.989
95	0.03771	0.03769	0.03492	1.965	1.965	1.968
100	0.03104	0.03104	0.02868	1.925	1.925	1.93
105	0.02581	0.02581	0.02379	1.869	1.868	1.874
110	0.02167	0.02167	0.01993	1.795	1.795	1.798
115	0.01836	0.01838	0.01687	1.704	1.704	1.704
120	0.01572	0.01573	0.01442	1.596	1.596	1.592
125	0.01359	0.01361	0.01247	1.474	1.474	1.464
130	0.01188	0.01189	0.01089	1.339	1.339	1.321
132.3	0.0112	0.01121	0.01027	1.274	1.273	1.251
135	0.01049	0.01049	0.009617	1.194	1.194	1.168
140	0.009348	0.009355	0.008586	1.042	1.042	1.007
145	0.008415	0.008424	0.007747	0.8865	0.8864	0.8435
150	0.007652	0.00766	0.007063	0.7315	0.7312	0.681
151.4	0.007464	0.007472	0.006895	0.6886	0.6883	0.6362
155	0.007025	0.007031	0.006504	0.5802	0.5796	0.5235
160	0.006506	0.006513	0.006046	0.4351	0.4347	0.3742
165	0.006075	0.006083	0.005671	0.299	0.299	0.2359
170	0.005717	0.005727	0.005362	0.1745	0.1746	0.1106
175	0.005421	0.005432	0.005108	0.06303	0.06284	-0.0002549
180	0.005177	0.005186	0.0049	-0.03464	-0.03546	-0.09618
185	0.004973	0.004982	0.004728	-0.1187	-0.12	-0.1771
190	0.004803	0.00481	0.004586	-0.1894	-0.191	-0.2436
195	0.004661	0.004667	0.004468	-0.2473	-0.249	-0.2964
200	0.004542	0.004546	0.004371	-0.2931	-0.2949	-0.3368
205	0.004441	0.004445	0.00429	-0.3279	-0.3297	-0.3659
210	0.004356	0.004358	0.004223	-0.3528	-0.3544	-0.385
215	0.004285	0.004285	0.004166	-0.3689	-0.3703	-0.3954
220	0.004223	0.004222	0.004119	-0.3772	-0.3783	-0.3983
225	0.00417	0.004168	0.004079	-0.3789	-0.3796	-0.3947
230	0.004123	0.004121	0.004044	-0.3747	-0.375	-0.3858
235	0.004082	0.00408	0.004015	-0.3653	-0.3655	-0.3722
240	0.004045	0.004044	0.003989	-0.3517	-0.3517	-0.3549
245	0.004013	0.004012	0.003966	-0.3345	-0.3345	-0.3345
250	0.003984	0.003984	0.003946	-0.3144	-0.3143	-0.3115
255	0.003957	0.003958	0.003928	-0.2919	-0.2919	-0.2866
260	0.003933	0.003935	0.003911	-0.2676	-0.2676	-0.2602
265	0.00391	0.003913	0.003896	-0.242	-0.2418	-0.2326
270	0.00389	0.003892	0.003881	-0.2153	-0.215	-0.2043
275	0.003871	0.003873	0.003866	-0.1878	-0.1874	-0.1754
280	0.003853	0.003854	0.003852	-0.1599	-0.1593	-0.1462
285	0.003836	0.003835	0.003838	-0.1316	-0.1309	-0.117
290	0.00382	0.003817	0.003823	-0.1031	-0.1024	-0.08783
295	0.003804	0.003799	0.003809	-0.07457	-0.07394	-0.0588
300	0.003788	0.003781	0.003794	-0.0461	-0.04562	-0.0301
305	0.003772	0.003763	0.003779	-0.01772	-0.0175	-0.001695
320	0.003716	0.003709	0.003732	0.06525	0.0647	0.0808
340	0.003633	0.003634	0.003664	0.1687	0.1682	0.1838
360	0.003554	0.003557	0.003591	0.263	0.2637	0.2781
380	0.003484	0.003476	0.003513	0.3497	0.3505	0.3635
400	0.003407	0.003392	0.003431	0.4299	0.4291	0.4407
420	0.003309	0.003306	0.003347	0.5019	0.5004	0.5105
440	0.003207	0.00322	0.00326	0.5655	0.5651	0.5739
460	0.003128	0.003133	0.003172	0.6232	0.6241	0.6314
480	0.00306	0.003044	0.003084	0.6778	0.6778	0.6839
500	0.002966	0.002956	0.002995	0.7279	0.7266	0.7315
520	0.002849	0.002869	0.002907	0.7721	0.7712	0.7751
540	0.002762	0.002785	0.002821	0.8117	0.8121	0.8151
560	0.002706	0.002702	0.002736	0.8494	0.8498	0.8519
580	0.002631	0.00262	0.002654	0.8847	0.8845	0.8858
600	0.002534	0.002541	0.002573	0.9167	0.9166	0.9171
620	0.002444	0.002464	0.002495	0.9462	0.9462	0.946
640	0.002376	0.00239	0.002419	0.9737	0.9736	0.9728
660	0.002317	0.002318	0.002346	0.9993	0.9991	0.9978
680	0.002253	0.002248	0.002275	1.023	1.023	1.021
700	0.002181	0.00218	0.002206	1.045	1.045	1.043
720	0.00211	0.002114	0.002139	1.065	1.066	1.063
740	0.002045	0.002051	0.002075	1.085	1.085	1.082
760	0.001988	0.00199	0.002012	1.103	1.103	1.099
780	0.001934	0.001931	0.001952	1.12	1.12	1.116
800	0.001879	0.001874	0.001894	1.136	1.136	1.132
850	0.001739	0.00174	0.001758	1.171	1.171	1.167
900	0.001619	0.001618	0.001634	1.202	1.202	1.197
950	0.001511	0.001506	0.001521	1.229	1.228	1.223
1000	0.001407	0.001404	0.001418	1.251	1.251	1.246
1041	0.00133	0.001327	0.00134	1.268	1.268	1.262
1050	0.001314	0.001311	0.001324	1.272	1.271	1.266
1100	0.001228	0.001226	0.001237	1.288	1.289	1.283
1150	0.001146	0.001148	0.001158	1.303	1.304	1.298
1200	0.001074	0.001076	0.001086	1.318	1.318	1.312
1250	0.001011	0.00101	0.001019	1.331	1.33	1.323
1253.6	0.001007	0.001006	0.001015	1.331	1.331	1.324
1300	0.000952	0.00095	0.0009581	1.341	1.34	1.334
1350	0.000897	0.0008942	0.0009018	1.35	1.349	1.343
1400	0.000845	0.0008426	0.0008496	1.358	1.357	1.351
1450	0.0007949	0.0007951	0.0008016	1.364	1.365	1.358
1486.6	0.0007612	0.0007626	0.0007688	1.368	1.369	1.363
1500	0.0007496	0.0007513	0.0007573	1.37	1.371	1.365
