10	10.4	10.39	9.753	0.07475	0.07537	0.2796
10.2	10.49	10.48	9.852	0.08558	0.0858	0.2842
15	8.713	8.721	8.318	0.3933	0.3938	0.4775
16.71	7.336	7.337	7.005	0.4945	0.4955	0.5535
20	5.079	5.068	4.842	0.6692	0.6691	0.6924
21.22	4.427	4.42	4.222	0.7273	0.727	0.7411
25	2.955	2.959	2.825	0.8892	0.8893	0.8822
26.86	2.462	2.464	2.351	0.9614	0.9612	0.9469
30	1.846	1.842	1.756	1.074	1.073	1.05
35	1.203	1.203	1.145	1.231	1.232	1.2
40	0.8109	0.8135	0.7726	1.371	1.372	1.335
40.81	0.7636	0.7656	0.7269	1.393	1.393	1.356
45	0.5677	0.5659	0.5361	1.495	1.494	1.456
50	0.4054	0.404	0.382	1.601	1.601	1.564
55	0.2943	0.2958	0.2789	1.692	1.694	1.659
60	0.2207	0.2215	0.2082	1.773	1.773	1.742
65	0.1701	0.169	0.1584	1.841	1.841	1.814
70	0.1317	0.1309	0.1224	1.896	1.896	1.874
75	0.1022	0.1028	0.09582	1.939	1.94	1.923
80	0.08098	0.08173	0.07588	1.97	1.971	1.959
85	0.06579	0.0656	0.06069	1.989	1.989	1.982
90	0.05385	0.05312	0.049	1.993	1.993	1.991
95	0.04374	0.0434	0.03993	1.983	1.984	1.985
100	0.03549	0.0358	0.03284	1.958	1.959	1.963
105	0.02936	0.02981	0.02725	1.919	1.919	1.925
110	0.02496	0.02505	0.02282	1.865	1.863	1.87
115	0.02151	0.02121	0.01929	1.795	1.792	1.797
120	0.01844	0.01812	0.01645	1.707	1.705	1.707
125	0.01566	0.01563	0.01417	1.599	1.603	1.601
130	0.01338	0.01361	0.01233	1.478	1.488	1.479
132.3	0.01254	0.01281	0.0116	1.421	1.431	1.418
135	0.01171	0.01196	0.01083	1.354	1.361	1.344
140	0.01053	0.01062	0.009609	1.23	1.224	1.199
145	0.009618	0.009501	0.008611	1.098	1.081	1.047
150	0.008761	0.008577	0.007793	0.9495	0.9328	0.8911
151.4	0.008521	0.008348	0.007591	0.9047	0.8913	0.8474
155	0.007913	0.007812	0.00712	0.7853	0.7848	0.7355
160	0.007138	0.007181	0.006565	0.6203	0.6399	0.5835
165	0.00652	0.006659	0.006107	0.4742	0.5006	0.4382
170	0.006088	0.006224	0.005728	0.3561	0.3688	0.3021
175	0.005803	0.005859	0.005414	0.2574	0.2459	0.1772
180	0.00559	0.005551	0.005153	0.1611	0.1333	0.06488
185	0.005382	0.00529	0.004936	0.05761	0.03227	-0.03405
190	0.005151	0.005071	0.004756	-0.04889	-0.05616	-0.1193
195	0.00491	0.004887	0.004607	-0.1443	-0.1317	-0.1911
200	0.004691	0.004733	0.004482	-0.216	-0.1949	-0.2501
205	0.004522	0.004603	0.004377	-0.2614	-0.2466	-0.297
210	0.004415	0.004494	0.00429	-0.2879	-0.288	-0.3329
215	0.004361	0.0044	0.004217	-0.3065	-0.3198	-0.3588
220	0.004336	0.004319	0.004156	-0.3256	-0.3429	-0.3759
225	0.004309	0.004249	0.004104	-0.346	-0.3581	-0.3852
230	0.004262	0.004187	0.00406	-0.3632	-0.366	-0.3879
235	0.004188	0.004134	0.004022	-0.3717	-0.3678	-0.3848
240	0.004098	0.004087	0.003989	-0.3699	-0.3642	-0.3768
245	0.004011	0.004047	0.003961	-0.3598	-0.356	-0.3646
250	0.003946	0.004013	0.003936	-0.3451	-0.3442	-0.349
255	0.003916	0.003982	0.003914	-0.3285	-0.3291	-0.3305
260	0.003919	0.003954	0.003895	-0.311	-0.3113	-0.3097
265	0.00394	0.003928	0.003877	-0.2922	-0.2912	-0.2869
270	0.003957	0.003903	0.00386	-0.2707	-0.2693	-0.2626
275	0.003953	0.00388	0.003845	-0.2458	-0.2458	-0.2372
280	0.003919	0.003858	0.00383	-0.2184	-0.2213	-0.2109
285	0.003861	0.003838	0.003816	-0.1907	-0.1959	-0.184
290	0.003795	0.003819	0.003803	-0.1649	-0.1699	-0.1567
295	0.00374	0.003801	0.003789	-0.1415	-0.1435	-0.1291
300	0.003714	0.003784	0.003775	-0.1194	-0.1168	-0.1016
305	0.003719	0.003767	0.003762	-0.09658	-0.08996	-0.07407
320	0.003793	0.003714	0.00372	-0.01168	-0.009825	0.007015
340	0.003606	0.003641	0.003659	0.1005	0.09227	0.1098
360	0.003551	0.003572	0.003594	0.1784	0.1885	0.2053
380	0.003562	0.003494	0.003523	0.2837	0.2774	0.2929
400	0.003349	0.003417	0.003449	0.3579	0.3585	0.3728
420	0.00339	0.003339	0.003372	0.4277	0.4329	0.4455
440	0.00328	0.003255	0.003292	0.509	0.5003	0.5115
460	0.003088	0.003176	0.003211	0.5581	0.5617	0.5716
480	0.003161	0.003094	0.003129	0.6141	0.6184	0.6266
500	0.003045	0.003009	0.003046	0.6762	0.67	0.6769
520	0.002852	0.002928	0.002963	0.7168	0.7172	0.7231
540	0.002877	0.002848	0.002881	0.7584	0.7607	0.7654
560	0.002783	0.002766	0.0028	0.8031	0.8006	0.8043
580	0.002621	0.002688	0.00272	0.8371	0.8374	0.8402
600	0.002643	0.002612	0.002643	0.8701	0.8715	0.8734
620	0.002583	0.002535	0.002567	0.904	0.9032	0.9042
640	0.002386	0.002463	0.002493	0.9327	0.9325	0.9328
660	0.002359	0.002394	0.002421	0.96	0.9598	0.9594
680	0.002397	0.002324	0.002351	0.9854	0.9852	0.9842
700	0.002256	0.002256	0.002283	1.007	1.009	1.007
720	0.00213	0.002193	0.002218	1.031	1.031	1.029
740	0.002156	0.002131	0.002154	1.054	1.052	1.049
760	0.00212	0.002069	0.002093	1.07	1.071	1.068
780	0.001968	0.00201	0.002033	1.086	1.089	1.086
800	0.001914	0.001955	0.001975	1.11	1.107	1.103
850	0.001811	0.001819	0.001839	1.139	1.145	1.141
900	0.001745	0.001697	0.001714	1.184	1.178	1.173
950	0.001533	0.001584	0.0016	1.206	1.207	1.202
1000	0.001524	0.00148	0.001495	1.229	1.232	1.227
1041	0.001363	0.001403	0.001416	1.253	1.251	1.245
1050	0.001374	0.001386	0.001399	1.263	1.255	1.248
1100	0.001293	0.001298	0.001311	1.262	1.274	1.268
1150	0.001242	0.001219	0.00123	1.303	1.291	1.284
1200	0.001109	0.001144	0.001155	1.292	1.306	1.299
1250	0.001114	0.001077	0.001086	1.333	1.319	1.313
1253.6	0.001114	0.001072	0.001081	1.332	1.32	1.314
1300	0.0009769	0.001014	0.001023	1.318	1.331	1.324
1350	0.0009983	0.0009561	0.0009642	1.356	1.342	1.335
1400	0.0008674	0.0009022	0.00091	1.337	1.351	1.344
1450	0.0008911	0.0008528	0.0008598	1.375	1.359	1.352
1486.6	0.0008049	0.0008184	0.0008256	1.346	1.365	1.358
1500	0.0007721	0.0008066	0.0008133	1.347	1.367	1.36
