
ELEMENT:
                                      Al

SOURCE:
                                     Chen
                      Y. F. Chen, Private communication
       IMFP values determined from optical data and a theoretical model
                                       

ATOMIC WEIGHT:                26.98154

DENSITY:                       2.7000 g/cm**3

TABULATION:

______________________________________________________________________________

                    Energy                         IMFP
                      eV                        Angstroms
______________________________________________________________________________
                     100.0                         5.39
                     104.8                         5.50
                     109.5                         5.60
                     114.3                         5.70
                     119.0                         5.80
                     123.8                         5.90
                     128.5                         6.00
                     133.3                         6.10
                     138.0                         6.19
                     142.8                         6.29
                     147.5                         6.39
                     152.3                         6.49
                     157.0                         6.58
                     161.8                         6.68
                     166.5                         6.78
                     171.3                         6.87
                     176.0                         6.97
                     180.8                         7.06
                     185.5                         7.16
                     190.3                         7.25
                     195.0                         7.34
                     199.8                         7.44
                     204.5                         7.53
                     209.3                         7.62
                     214.0                         7.72
                     218.8                         7.81
                     223.5                         7.90
                     228.3                         7.99
                     233.0                         8.09
                     237.8                         8.18
                     242.5                         8.27
                     247.3                         8.36
                     252.0                         8.45
                     256.8                         8.54
                     261.5                         8.63
                     266.3                         8.72
                     271.0                         8.81
                     275.8                         8.90
                     280.5                         8.99
                     285.3                         9.08
                     290.0                         9.17
                     294.8                         9.26
                     299.5                         9.35
                     304.3                         9.44
                     309.0                         9.52
                     313.8                         9.61
                     318.5                         9.70
                     323.3                         9.79
                     328.0                         9.88
                     332.8                         9.96
                     337.5                        10.05
                     342.3                        10.14
                     347.0                        10.23
                     351.8                        10.31
                     356.5                        10.40
                     361.3                        10.49
                     366.0                        10.57
                     370.8                        10.66
                     375.5                        10.75
                     380.3                        10.83
                     385.0                        10.92
                     389.8                        11.00
                     394.5                        11.09
                     399.3                        11.17
                     404.0                        11.26
                     408.8                        11.34
                     413.5                        11.43
                     418.3                        11.51
                     423.0                        11.60
                     427.8                        11.68
                     432.5                        11.77
                     437.3                        11.85
                     442.0                        11.94
                     446.8                        12.02
                     451.5                        12.11
                     456.3                        12.19
                     461.0                        12.27
                     465.8                        12.36
                     470.5                        12.44
                     475.3                        12.53
                     480.0                        12.61
                     484.8                        12.69
                     489.5                        12.77
                     494.3                        12.86
                     499.0                        12.94
                     503.8                        13.02
                     508.5                        13.11
                     513.3                        13.19
                     518.0                        13.27
                     522.8                        13.35
                     527.5                        13.44
                     532.3                        13.52
                     537.0                        13.60
                     541.8                        13.68
                     546.5                        13.77
                     551.3                        13.85
                     556.0                        13.93
                     560.8                        14.01
                     565.5                        14.09
                     570.3                        14.17
                     575.0                        14.26
                     579.8                        14.34
                     584.5                        14.42
                     589.3                        14.50
                     594.0                        14.58
                     598.8                        14.66
                     603.5                        14.74
                     608.3                        14.82
                     613.0                        14.90
                     617.8                        14.98
                     622.5                        15.07
                     627.3                        15.15
                     632.0                        15.23
                     636.8                        15.31
                     641.5                        15.39
                     646.3                        15.47
                     651.0                        15.55
                     655.8                        15.63
                     660.5                        15.71
                     665.3                        15.79
                     670.0                        15.87
                     674.8                        15.95
                     679.5                        16.03
                     684.3                        16.11
                     689.0                        16.18
                     693.8                        16.26
                     698.5                        16.34
                     703.3                        16.42
                     708.0                        16.50
                     712.8                        16.58
                     717.5                        16.66
                     722.3                        16.74
                     727.0                        16.82
                     731.8                        16.90
                     736.5                        16.98
                     741.3                        17.05
                     746.0                        17.13
                     750.8                        17.21
                     755.5                        17.29
                     760.3                        17.37
                     765.0                        17.45
                     769.8                        17.53
                     774.5                        17.60
                     779.3                        17.68
                     784.0                        17.76
                     788.8                        17.84
                     793.5                        17.92
                     798.3                        17.99
                     803.0                        18.07
                     807.8                        18.15
                     812.5                        18.23
                     817.3                        18.31
                     822.0                        18.38
                     826.8                        18.46
                     831.5                        18.54
                     836.3                        18.62
                     841.0                        18.69
                     845.8                        18.77
                     850.5                        18.85
                     855.3                        18.92
                     860.0                        19.00
                     864.8                        19.08
                     869.5                        19.16
                     874.3                        19.23
                     879.0                        19.31
                     883.8                        19.39
                     888.5                        19.46
                     893.3                        19.54
                     898.0                        19.62
                     902.8                        19.69
                     907.5                        19.77
                     912.3                        19.85
                     917.0                        19.92
                     921.8                        20.00
                     926.5                        20.08
                     931.3                        20.15
                     936.0                        20.23
                     940.8                        20.30
                     945.5                        20.38
                     950.3                        20.46
                     955.0                        20.53
                     959.8                        20.61
                     964.5                        20.69
                     969.3                        20.76
                     974.0                        20.84
                     978.8                        20.91
                     983.5                        20.99
                     988.3                        21.06
                     993.0                        21.14
                     997.8                        21.22
                    1002.5                        21.29
                    1007.3                        21.37
                    1012.0                        21.44
                    1016.8                        21.52
                    1021.5                        21.59
                    1026.3                        21.67
                    1031.0                        21.74
                    1035.8                        21.82
                    1040.5                        21.89
                    1045.3                        21.97
                    1050.0                        22.04
                    1054.8                        22.12
                    1059.5                        22.19
                    1064.3                        22.27
                    1069.0                        22.34
                    1073.8                        22.42
                    1078.5                        22.49
                    1083.3                        22.57
                    1088.0                        22.64
                    1092.8                        22.72
                    1097.5                        22.79
                    1102.3                        22.87
                    1107.0                        22.94
                    1111.8                        23.02
                    1116.5                        23.09
                    1121.3                        23.17
                    1126.0                        23.24
                    1130.8                        23.31
                    1135.5                        23.39
                    1140.3                        23.46
                    1145.0                        23.54
                    1149.8                        23.61
                    1154.5                        23.69
                    1159.3                        23.76
                    1164.0                        23.83
                    1168.8                        23.91
                    1173.5                        23.98
                    1178.3                        24.06
                    1183.0                        24.13
                    1187.8                        24.20
                    1192.5                        24.28
                    1197.3                        24.35
                    1202.0                        24.43
                    1206.8                        24.50
                    1211.5                        24.57
                    1216.3                        24.65
                    1221.0                        24.72
                    1225.8                        24.79
                    1230.5                        24.87
                    1235.3                        24.94
                    1240.0                        25.01
                    1244.8                        25.09
                    1249.5                        25.16
                    1254.3                        25.23
                    1259.0                        25.31
                    1263.8                        25.38
                    1268.5                        25.45
                    1273.3                        25.53
                    1278.0                        25.60
                    1282.8                        25.67
                    1287.5                        25.75
                    1292.3                        25.82
                    1297.0                        25.89
                    1301.8                        25.97
                    1306.5                        26.04
                    1311.3                        26.11
                    1316.0                        26.18
                    1320.8                        26.26
                    1325.5                        26.33
                    1330.3                        26.40
                    1335.0                        26.48
                    1339.8                        26.55
                    1344.5                        26.62
                    1349.3                        26.69
                    1354.0                        26.77
                    1358.8                        26.84
                    1363.5                        26.91
                    1368.3                        26.98
                    1373.0                        27.06
                    1377.8                        27.13
                    1382.5                        27.20
                    1387.3                        27.27
                    1392.0                        27.35
                    1396.8                        27.42
                    1401.5                        27.49
                    1406.3                        27.56
                    1411.0                        27.63
                    1415.8                        27.71
                    1420.5                        27.78
                    1425.3                        27.85
                    1430.0                        27.92
                    1434.8                        28.00
                    1439.5                        28.07
                    1444.3                        28.14
                    1449.0                        28.21
                    1453.8                        28.28
                    1458.5                        28.35
                    1463.3                        28.43
                    1468.0                        28.50
                    1472.8                        28.57
                    1477.5                        28.64
                    1482.3                        28.71
                    1487.0                        28.79
                    1491.8                        28.86
                    1496.5                        28.93
                    1501.3                        29.00
                    1506.0                        29.07
                    1510.8                        29.14
                    1515.5                        29.21
                    1520.3                        29.29
                    1525.0                        29.36
                    1529.8                        29.43
                    1534.5                        29.50
                    1539.3                        29.57
                    1544.0                        29.64
                    1548.8                        29.71
                    1553.5                        29.79
                    1558.3                        29.86
                    1563.0                        29.93
                    1567.8                        30.00
                    1572.5                        30.07
                    1577.3                        30.14
                    1582.0                        30.21
                    1586.8                        30.28
                    1591.5                        30.35
                    1596.3                        30.43
                    1601.0                        30.50
                    1605.8                        30.57
                    1610.5                        30.64
                    1615.3                        30.71
                    1620.0                        30.78
                    1624.8                        30.85
                    1629.5                        30.92
                    1634.3                        30.99
                    1639.0                        31.06
                    1643.8                        31.13
                    1648.5                        31.20
                    1653.3                        31.28
                    1658.0                        31.35
                    1662.8                        31.42
                    1667.5                        31.49
                    1672.3                        31.56
                    1677.0                        31.63
                    1681.8                        31.70
                    1686.5                        31.77
                    1691.3                        31.84
                    1696.0                        31.91
                    1700.8                        31.98
                    1705.5                        32.05
                    1710.3                        32.12
                    1715.0                        32.19
                    1719.8                        32.26
                    1724.5                        32.33
                    1729.3                        32.40
                    1734.0                        32.47
                    1738.8                        32.54
                    1743.5                        32.61
                    1748.3                        32.68
                    1753.0                        32.75
                    1757.8                        32.82
                    1762.5                        32.89
                    1767.3                        32.96
                    1772.0                        33.03
                    1776.8                        33.10
                    1781.5                        33.17
                    1786.3                        33.24
                    1791.0                        33.31
                    1795.8                        33.38
                    1800.5                        33.45
                    1805.3                        33.52
                    1810.0                        33.59
                    1814.8                        33.66
                    1819.5                        33.73
                    1824.3                        33.80
                    1829.0                        33.87
                    1833.8                        33.94
                    1838.5                        34.01
                    1843.3                        34.08
                    1848.0                        34.15
                    1852.8                        34.22
                    1857.5                        34.29
                    1862.3                        34.36
                    1867.0                        34.43
                    1871.8                        34.50
                    1876.5                        34.57
                    1881.3                        34.64
                    1886.0                        34.71
                    1890.8                        34.78
                    1895.5                        34.84
                    1900.3                        34.91
                    1905.0                        34.98
                    1909.8                        35.05
                    1914.5                        35.12
                    1919.3                        35.19
                    1924.0                        35.26
                    1928.8                        35.33
                    1933.5                        35.40
                    1938.3                        35.47
                    1943.0                        35.54
                    1947.8                        35.61
                    1952.5                        35.68
                    1957.3                        35.74
                    1962.0                        35.81
                    1966.8                        35.88
                    1971.5                        35.95
                    1976.3                        36.02
                    1981.0                        36.09
                    1985.8                        36.16
                    1990.5                        36.23
                    1995.3                        36.30
                    2000.0                        36.36
