
ELEMENT:
                                      Al

SOURCE:
                           Tanuma, Powell and Penn
                    Surface Interface Anal. 17 (1991) 911.
       IMFP values determined from optical data and a theoretical model
                                       

ATOMIC WEIGHT:                26.98154

DENSITY:                       2.7000 g/cm**3

TABULATION:

______________________________________________________________________________

                    Energy                         IMFP
                      eV                        Angstroms
______________________________________________________________________________
                      50.0                         3.17
                      54.9                         3.27
                      59.8                         3.37
                      64.6                         3.47
                      69.5                         3.57
                      74.4                         3.67
                      79.3                         3.77
                      84.1                         3.87
                      89.0                         3.97
                      93.9                         4.07
                      98.8                         4.17
                     103.6                         4.28
                     108.5                         4.38
                     113.4                         4.48
                     118.3                         4.58
                     123.1                         4.68
                     128.0                         4.78
                     132.9                         4.88
                     137.8                         4.98
                     142.6                         5.07
                     147.5                         5.17
                     152.4                         5.27
                     157.3                         5.37
                     162.1                         5.47
                     167.0                         5.56
                     171.9                         5.66
                     176.8                         5.76
                     181.6                         5.86
                     186.5                         5.95
                     191.4                         6.05
                     196.3                         6.14
                     201.1                         6.24
                     206.0                         6.33
                     210.9                         6.43
                     215.8                         6.52
                     220.6                         6.62
                     225.5                         6.71
                     230.4                         6.80
                     235.3                         6.90
                     240.1                         6.99
                     245.0                         7.08
                     249.9                         7.17
                     254.8                         7.27
                     259.6                         7.36
                     264.5                         7.45
                     269.4                         7.54
                     274.3                         7.63
                     279.1                         7.72
                     284.0                         7.81
                     288.9                         7.90
                     293.8                         7.99
                     298.6                         8.08
                     303.5                         8.17
                     308.4                         8.26
                     313.3                         8.35
                     318.1                         8.44
                     323.0                         8.53
                     327.9                         8.62
                     332.8                         8.71
                     337.6                         8.80
                     342.5                         8.88
                     347.4                         8.97
                     352.3                         9.06
                     357.1                         9.15
                     362.0                         9.23
                     366.9                         9.32
                     371.8                         9.41
                     376.6                         9.49
                     381.5                         9.58
                     386.4                         9.67
                     391.3                         9.75
                     396.1                         9.84
                     401.0                         9.93
                     405.9                        10.01
                     410.8                        10.10
                     415.6                        10.18
                     420.5                        10.27
                     425.4                        10.35
                     430.3                        10.44
                     435.1                        10.52
                     440.0                        10.61
                     444.9                        10.69
                     449.8                        10.78
                     454.6                        10.86
                     459.5                        10.94
                     464.4                        11.03
                     469.3                        11.11
                     474.1                        11.19
                     479.0                        11.28
                     483.9                        11.36
                     488.8                        11.44
                     493.6                        11.53
                     498.5                        11.61
                     503.4                        11.69
                     508.3                        11.78
                     513.1                        11.86
                     518.0                        11.94
                     522.9                        12.02
                     527.8                        12.11
                     532.6                        12.19
                     537.5                        12.27
                     542.4                        12.35
                     547.3                        12.43
                     552.1                        12.51
                     557.0                        12.60
                     561.9                        12.68
                     566.8                        12.76
                     571.6                        12.84
                     576.5                        12.92
                     581.4                        13.00
                     586.3                        13.08
                     591.1                        13.16
                     596.0                        13.24
                     600.9                        13.32
                     605.8                        13.40
                     610.6                        13.48
                     615.5                        13.56
                     620.4                        13.64
                     625.3                        13.72
                     630.1                        13.80
                     635.0                        13.88
                     639.9                        13.96
                     644.8                        14.04
                     649.6                        14.12
                     654.5                        14.20
                     659.4                        14.28
                     664.3                        14.36
                     669.1                        14.44
                     674.0                        14.52
                     678.9                        14.60
                     683.8                        14.68
                     688.6                        14.76
                     693.5                        14.83
                     698.4                        14.91
                     703.3                        14.99
                     708.1                        15.07
                     713.0                        15.15
                     717.9                        15.23
                     722.8                        15.30
                     727.6                        15.38
                     732.5                        15.46
                     737.4                        15.54
                     742.3                        15.62
                     747.1                        15.69
                     752.0                        15.77
                     756.9                        15.85
                     761.8                        15.93
                     766.6                        16.00
                     771.5                        16.08
                     776.4                        16.16
                     781.3                        16.24
                     786.1                        16.31
                     791.0                        16.39
                     795.9                        16.47
                     800.8                        16.54
                     805.6                        16.62
                     810.5                        16.70
                     815.4                        16.77
                     820.3                        16.85
                     825.1                        16.93
                     830.0                        17.00
                     834.9                        17.08
                     839.8                        17.16
                     844.6                        17.23
                     849.5                        17.31
                     854.4                        17.38
                     859.3                        17.46
                     864.1                        17.54
                     869.0                        17.61
                     873.9                        17.69
                     878.8                        17.76
                     883.6                        17.84
                     888.5                        17.92
                     893.4                        17.99
                     898.3                        18.07
                     903.1                        18.14
                     908.0                        18.22
                     912.9                        18.29
                     917.8                        18.37
                     922.6                        18.44
                     927.5                        18.52
                     932.4                        18.59
                     937.3                        18.67
                     942.1                        18.74
                     947.0                        18.82
                     951.9                        18.89
                     956.8                        18.97
                     961.6                        19.04
                     966.5                        19.12
                     971.4                        19.19
                     976.3                        19.27
                     981.1                        19.34
                     986.0                        19.41
                     990.9                        19.49
                     995.8                        19.56
                    1000.6                        19.64
                    1005.5                        19.71
                    1010.4                        19.79
                    1015.3                        19.86
                    1020.1                        19.93
                    1025.0                        20.01
                    1029.9                        20.08
                    1034.8                        20.16
                    1039.6                        20.23
                    1044.5                        20.30
                    1049.4                        20.38
                    1054.3                        20.45
                    1059.1                        20.52
                    1064.0                        20.60
                    1068.9                        20.67
                    1073.8                        20.74
                    1078.6                        20.82
                    1083.5                        20.89
                    1088.4                        20.96
                    1093.3                        21.04
                    1098.1                        21.11
                    1103.0                        21.18
                    1107.9                        21.26
                    1112.8                        21.33
                    1117.6                        21.40
                    1122.5                        21.48
                    1127.4                        21.55
                    1132.3                        21.62
                    1137.1                        21.69
                    1142.0                        21.77
                    1146.9                        21.84
                    1151.8                        21.91
                    1156.6                        21.99
                    1161.5                        22.06
                    1166.4                        22.13
                    1171.3                        22.20
                    1176.1                        22.28
                    1181.0                        22.35
                    1185.9                        22.42
                    1190.8                        22.49
                    1195.6                        22.56
                    1200.5                        22.64
                    1205.4                        22.71
                    1210.3                        22.78
                    1215.1                        22.85
                    1220.0                        22.93
                    1224.9                        23.00
                    1229.8                        23.07
                    1234.6                        23.14
                    1239.5                        23.21
                    1244.4                        23.28
                    1249.3                        23.36
                    1254.1                        23.43
                    1259.0                        23.50
                    1263.9                        23.57
                    1268.8                        23.64
                    1273.6                        23.71
                    1278.5                        23.79
                    1283.4                        23.86
                    1288.3                        23.93
                    1293.1                        24.00
                    1298.0                        24.07
                    1302.9                        24.14
                    1307.8                        24.21
                    1312.6                        24.29
                    1317.5                        24.36
                    1322.4                        24.43
                    1327.3                        24.50
                    1332.1                        24.57
                    1337.0                        24.64
                    1341.9                        24.71
                    1346.8                        24.78
                    1351.6                        24.85
                    1356.5                        24.92
                    1361.4                        25.00
                    1366.3                        25.07
                    1371.1                        25.14
                    1376.0                        25.21
                    1380.9                        25.28
                    1385.8                        25.35
                    1390.6                        25.42
                    1395.5                        25.49
                    1400.4                        25.56
                    1405.3                        25.63
                    1410.1                        25.70
                    1415.0                        25.77
                    1419.9                        25.84
                    1424.8                        25.91
                    1429.6                        25.98
                    1434.5                        26.05
                    1439.4                        26.12
                    1444.3                        26.19
                    1449.1                        26.26
                    1454.0                        26.33
                    1458.9                        26.40
                    1463.8                        26.47
                    1468.6                        26.54
                    1473.5                        26.61
                    1478.4                        26.68
                    1483.3                        26.75
                    1488.1                        26.82
                    1493.0                        26.89
                    1497.9                        26.96
                    1502.8                        27.03
                    1507.6                        27.10
                    1512.5                        27.17
                    1517.4                        27.24
                    1522.3                        27.31
                    1527.1                        27.38
                    1532.0                        27.45
                    1536.9                        27.52
                    1541.8                        27.59
                    1546.6                        27.66
                    1551.5                        27.73
                    1556.4                        27.80
                    1561.3                        27.87
                    1566.1                        27.94
                    1571.0                        28.01
                    1575.9                        28.08
                    1580.8                        28.15
                    1585.6                        28.21
                    1590.5                        28.28
                    1595.4                        28.35
                    1600.3                        28.42
                    1605.1                        28.49
                    1610.0                        28.56
                    1614.9                        28.63
                    1619.8                        28.70
                    1624.6                        28.77
                    1629.5                        28.84
                    1634.4                        28.91
                    1639.3                        28.97
                    1644.1                        29.04
                    1649.0                        29.11
                    1653.9                        29.18
                    1658.8                        29.25
                    1663.6                        29.32
                    1668.5                        29.39
                    1673.4                        29.46
                    1678.3                        29.52
                    1683.1                        29.59
                    1688.0                        29.66
                    1692.9                        29.73
                    1697.8                        29.80
                    1702.6                        29.87
                    1707.5                        29.94
                    1712.4                        30.00
                    1717.3                        30.07
                    1722.1                        30.14
                    1727.0                        30.21
                    1731.9                        30.28
                    1736.8                        30.35
                    1741.6                        30.41
                    1746.5                        30.48
                    1751.4                        30.55
                    1756.3                        30.62
                    1761.1                        30.69
                    1766.0                        30.75
                    1770.9                        30.82
                    1775.8                        30.89
                    1780.6                        30.96
                    1785.5                        31.03
                    1790.4                        31.10
                    1795.3                        31.16
                    1800.1                        31.23
                    1805.0                        31.30
                    1809.9                        31.37
                    1814.8                        31.43
                    1819.6                        31.50
                    1824.5                        31.57
                    1829.4                        31.64
                    1834.3                        31.71
                    1839.1                        31.77
                    1844.0                        31.84
                    1848.9                        31.91
                    1853.8                        31.98
                    1858.6                        32.04
                    1863.5                        32.11
                    1868.4                        32.18
                    1873.3                        32.25
                    1878.1                        32.31
                    1883.0                        32.38
                    1887.9                        32.45
                    1892.8                        32.52
                    1897.6                        32.58
                    1902.5                        32.65
                    1907.4                        32.72
                    1912.3                        32.79
                    1917.1                        32.85
                    1922.0                        32.92
                    1926.9                        32.99
                    1931.8                        33.06
                    1936.6                        33.12
                    1941.5                        33.19
                    1946.4                        33.26
                    1951.3                        33.32
                    1956.1                        33.39
                    1961.0                        33.46
                    1965.9                        33.53
                    1970.8                        33.59
                    1975.6                        33.66
                    1980.5                        33.73
                    1985.4                        33.79
                    1990.3                        33.86
                    1995.1                        33.93
                    2000.0                        33.99
