
ELEMENT:
                                      Fe

SOURCE:
                           Tanuma, Powell and Penn
                    Surface Interface Anal. 17 (1991) 911.
       IMFP values determined from optical data and a theoretical model
                                       

ATOMIC WEIGHT:                55.84500

DENSITY:                       7.8700 g/cm**3

TABULATION:

______________________________________________________________________________

                    Energy                         IMFP
                      eV                        Angstroms
______________________________________________________________________________
                      50.0                         4.22
                      54.9                         4.25
                      59.8                         4.25
                      64.6                         4.25
                      69.5                         4.25
                      74.4                         4.26
                      79.3                         4.28
                      84.1                         4.30
                      89.0                         4.33
                      93.9                         4.37
                      98.8                         4.41
                     103.6                         4.45
                     108.5                         4.50
                     113.4                         4.55
                     118.3                         4.60
                     123.1                         4.66
                     128.0                         4.72
                     132.9                         4.78
                     137.8                         4.84
                     142.6                         4.90
                     147.5                         4.96
                     152.4                         5.03
                     157.3                         5.09
                     162.1                         5.16
                     167.0                         5.22
                     171.9                         5.29
                     176.8                         5.36
                     181.6                         5.42
                     186.5                         5.49
                     191.4                         5.56
                     196.3                         5.63
                     201.1                         5.70
                     206.0                         5.77
                     210.9                         5.84
                     215.8                         5.91
                     220.6                         5.97
                     225.5                         6.04
                     230.4                         6.11
                     235.3                         6.18
                     240.1                         6.25
                     245.0                         6.32
                     249.9                         6.39
                     254.8                         6.46
                     259.6                         6.53
                     264.5                         6.60
                     269.4                         6.67
                     274.3                         6.74
                     279.1                         6.81
                     284.0                         6.88
                     288.9                         6.95
                     293.8                         7.02
                     298.6                         7.08
                     303.5                         7.15
                     308.4                         7.22
                     313.3                         7.29
                     318.1                         7.36
                     323.0                         7.43
                     327.9                         7.50
                     332.8                         7.57
                     337.6                         7.63
                     342.5                         7.70
                     347.4                         7.77
                     352.3                         7.84
                     357.1                         7.91
                     362.0                         7.98
                     366.9                         8.04
                     371.8                         8.11
                     376.6                         8.18
                     381.5                         8.25
                     386.4                         8.32
                     391.3                         8.38
                     396.1                         8.45
                     401.0                         8.52
                     405.9                         8.59
                     410.8                         8.65
                     415.6                         8.72
                     420.5                         8.79
                     425.4                         8.85
                     430.3                         8.92
                     435.1                         8.99
                     440.0                         9.05
                     444.9                         9.12
                     449.8                         9.19
                     454.6                         9.25
                     459.5                         9.32
                     464.4                         9.39
                     469.3                         9.45
                     474.1                         9.52
                     479.0                         9.58
                     483.9                         9.65
                     488.8                         9.72
                     493.6                         9.78
                     498.5                         9.85
                     503.4                         9.91
                     508.3                         9.98
                     513.1                        10.04
                     518.0                        10.11
                     522.9                        10.17
                     527.8                        10.24
                     532.6                        10.30
                     537.5                        10.37
                     542.4                        10.43
                     547.3                        10.50
                     552.1                        10.56
                     557.0                        10.63
                     561.9                        10.69
                     566.8                        10.76
                     571.6                        10.82
                     576.5                        10.89
                     581.4                        10.95
                     586.3                        11.02
                     591.1                        11.08
                     596.0                        11.14
                     600.9                        11.21
                     605.8                        11.27
                     610.6                        11.34
                     615.5                        11.40
                     620.4                        11.46
                     625.3                        11.53
                     630.1                        11.59
                     635.0                        11.65
                     639.9                        11.72
                     644.8                        11.78
                     649.6                        11.84
                     654.5                        11.91
                     659.4                        11.97
                     664.3                        12.03
                     669.1                        12.10
                     674.0                        12.16
                     678.9                        12.22
                     683.8                        12.29
                     688.6                        12.35
                     693.5                        12.41
                     698.4                        12.47
                     703.3                        12.54
                     708.1                        12.60
                     713.0                        12.66
                     717.9                        12.72
                     722.8                        12.79
                     727.6                        12.85
                     732.5                        12.91
                     737.4                        12.97
                     742.3                        13.03
                     747.1                        13.10
                     752.0                        13.16
                     756.9                        13.22
                     761.8                        13.28
                     766.6                        13.34
                     771.5                        13.41
                     776.4                        13.47
                     781.3                        13.53
                     786.1                        13.59
                     791.0                        13.65
                     795.9                        13.71
                     800.8                        13.78
                     805.6                        13.84
                     810.5                        13.90
                     815.4                        13.96
                     820.3                        14.02
                     825.1                        14.08
                     830.0                        14.14
                     834.9                        14.20
                     839.8                        14.26
                     844.6                        14.33
                     849.5                        14.39
                     854.4                        14.45
                     859.3                        14.51
                     864.1                        14.57
                     869.0                        14.63
                     873.9                        14.69
                     878.8                        14.75
                     883.6                        14.81
                     888.5                        14.87
                     893.4                        14.93
                     898.3                        14.99
                     903.1                        15.05
                     908.0                        15.11
                     912.9                        15.17
                     917.8                        15.23
                     922.6                        15.29
                     927.5                        15.35
                     932.4                        15.41
                     937.3                        15.47
                     942.1                        15.53
                     947.0                        15.59
                     951.9                        15.65
                     956.8                        15.71
                     961.6                        15.77
                     966.5                        15.83
                     971.4                        15.89
                     976.3                        15.95
                     981.1                        16.01
                     986.0                        16.07
                     990.9                        16.13
                     995.8                        16.19
                    1000.6                        16.25
                    1005.5                        16.31
                    1010.4                        16.37
                    1015.3                        16.43
                    1020.1                        16.49
                    1025.0                        16.55
                    1029.9                        16.61
                    1034.8                        16.66
                    1039.6                        16.72
                    1044.5                        16.78
                    1049.4                        16.84
                    1054.3                        16.90
                    1059.1                        16.96
                    1064.0                        17.02
                    1068.9                        17.08
                    1073.8                        17.14
                    1078.6                        17.20
                    1083.5                        17.25
                    1088.4                        17.31
                    1093.3                        17.37
                    1098.1                        17.43
                    1103.0                        17.49
                    1107.9                        17.55
                    1112.8                        17.61
                    1117.6                        17.66
                    1122.5                        17.72
                    1127.4                        17.78
                    1132.3                        17.84
                    1137.1                        17.90
                    1142.0                        17.96
                    1146.9                        18.01
                    1151.8                        18.07
                    1156.6                        18.13
                    1161.5                        18.19
                    1166.4                        18.25
                    1171.3                        18.30
                    1176.1                        18.36
                    1181.0                        18.42
                    1185.9                        18.48
                    1190.8                        18.54
                    1195.6                        18.59
                    1200.5                        18.65
                    1205.4                        18.71
                    1210.3                        18.77
                    1215.1                        18.83
                    1220.0                        18.88
                    1224.9                        18.94
                    1229.8                        19.00
                    1234.6                        19.06
                    1239.5                        19.11
                    1244.4                        19.17
                    1249.3                        19.23
                    1254.1                        19.29
                    1259.0                        19.34
                    1263.9                        19.40
                    1268.8                        19.46
                    1273.6                        19.52
                    1278.5                        19.57
                    1283.4                        19.63
                    1288.3                        19.69
                    1293.1                        19.74
                    1298.0                        19.80
                    1302.9                        19.86
                    1307.8                        19.92
                    1312.6                        19.97
                    1317.5                        20.03
                    1322.4                        20.09
                    1327.3                        20.14
                    1332.1                        20.20
                    1337.0                        20.26
                    1341.9                        20.31
                    1346.8                        20.37
                    1351.6                        20.43
                    1356.5                        20.48
                    1361.4                        20.54
                    1366.3                        20.60
                    1371.1                        20.65
                    1376.0                        20.71
                    1380.9                        20.77
                    1385.8                        20.82
                    1390.6                        20.88
                    1395.5                        20.94
                    1400.4                        20.99
                    1405.3                        21.05
                    1410.1                        21.11
                    1415.0                        21.16
                    1419.9                        21.22
                    1424.8                        21.28
                    1429.6                        21.33
                    1434.5                        21.39
                    1439.4                        21.45
                    1444.3                        21.50
                    1449.1                        21.56
                    1454.0                        21.61
                    1458.9                        21.67
                    1463.8                        21.73
                    1468.6                        21.78
                    1473.5                        21.84
                    1478.4                        21.89
                    1483.3                        21.95
                    1488.1                        22.01
                    1493.0                        22.06
                    1497.9                        22.12
                    1502.8                        22.17
                    1507.6                        22.23
                    1512.5                        22.29
                    1517.4                        22.34
                    1522.3                        22.40
                    1527.1                        22.45
                    1532.0                        22.51
                    1536.9                        22.57
                    1541.8                        22.62
                    1546.6                        22.68
                    1551.5                        22.73
                    1556.4                        22.79
                    1561.3                        22.84
                    1566.1                        22.90
                    1571.0                        22.95
                    1575.9                        23.01
                    1580.8                        23.07
                    1585.6                        23.12
                    1590.5                        23.18
                    1595.4                        23.23
                    1600.3                        23.29
                    1605.1                        23.34
                    1610.0                        23.40
                    1614.9                        23.45
                    1619.8                        23.51
                    1624.6                        23.56
                    1629.5                        23.62
                    1634.4                        23.67
                    1639.3                        23.73
                    1644.1                        23.79
                    1649.0                        23.84
                    1653.9                        23.90
                    1658.8                        23.95
                    1663.6                        24.01
                    1668.5                        24.06
                    1673.4                        24.12
                    1678.3                        24.17
                    1683.1                        24.23
                    1688.0                        24.28
                    1692.9                        24.34
                    1697.8                        24.39
                    1702.6                        24.45
                    1707.5                        24.50
                    1712.4                        24.56
                    1717.3                        24.61
                    1722.1                        24.67
                    1727.0                        24.72
                    1731.9                        24.77
                    1736.8                        24.83
                    1741.6                        24.88
                    1746.5                        24.94
                    1751.4                        24.99
                    1756.3                        25.05
                    1761.1                        25.10
                    1766.0                        25.16
                    1770.9                        25.21
                    1775.8                        25.27
                    1780.6                        25.32
                    1785.5                        25.38
                    1790.4                        25.43
                    1795.3                        25.48
                    1800.1                        25.54
                    1805.0                        25.59
                    1809.9                        25.65
                    1814.8                        25.70
                    1819.6                        25.76
                    1824.5                        25.81
                    1829.4                        25.87
                    1834.3                        25.92
                    1839.1                        25.97
                    1844.0                        26.03
                    1848.9                        26.08
                    1853.8                        26.14
                    1858.6                        26.19
                    1863.5                        26.24
                    1868.4                        26.30
                    1873.3                        26.35
                    1878.1                        26.41
                    1883.0                        26.46
                    1887.9                        26.52
                    1892.8                        26.57
                    1897.6                        26.62
                    1902.5                        26.68
                    1907.4                        26.73
                    1912.3                        26.79
                    1917.1                        26.84
                    1922.0                        26.89
                    1926.9                        26.95
                    1931.8                        27.00
                    1936.6                        27.06
                    1941.5                        27.11
                    1946.4                        27.16
                    1951.3                        27.22
                    1956.1                        27.27
                    1961.0                        27.32
                    1965.9                        27.38
                    1970.8                        27.43
                    1975.6                        27.49
                    1980.5                        27.54
                    1985.4                        27.59
                    1990.3                        27.65
                    1995.1                        27.70
                    2000.0                        27.75
