
ELEMENT:
                                      Cu

SOURCE:
                               Ding and Shimizu
                            Scanning 18 (1996) 92
       IMFP values determined from optical data and a theoretical model
                                       

ATOMIC WEIGHT:                63.54600

DENSITY:                       8.9600 g/cm**3

TABULATION:

______________________________________________________________________________

                    Energy                         IMFP
                      eV                        Angstroms
______________________________________________________________________________
                      10.0                        19.19
                      35.0                         6.13
                      60.0                         5.13
                      84.9                         5.07
                     109.9                         5.26
                     134.9                         5.53
                     159.9                         5.83
                     184.8                         6.16
                     209.8                         6.49
                     234.8                         6.82
                     259.8                         7.16
                     284.7                         7.50
                     309.7                         7.83
                     334.7                         8.17
                     359.7                         8.50
                     384.6                         8.83
                     409.6                         9.16
                     434.6                         9.48
                     459.6                         9.81
                     484.5                        10.13
                     509.5                        10.45
                     534.5                        10.77
                     559.5                        11.09
                     584.4                        11.40
                     609.4                        11.72
                     634.4                        12.03
                     659.4                        12.34
                     684.3                        12.65
                     709.3                        12.96
                     734.3                        13.27
                     759.3                        13.57
                     784.2                        13.88
                     809.2                        14.18
                     834.2                        14.48
                     859.2                        14.78
                     884.1                        15.08
                     909.1                        15.38
                     934.1                        15.68
                     959.1                        15.98
                     984.0                        16.27
                    1009.0                        16.57
                    1034.0                        16.86
                    1059.0                        17.15
                    1083.9                        17.45
                    1108.9                        17.74
                    1133.9                        18.03
                    1158.9                        18.32
                    1183.8                        18.61
                    1208.8                        18.89
                    1233.8                        19.18
                    1258.8                        19.47
                    1283.7                        19.75
                    1308.7                        20.04
                    1333.7                        20.32
                    1358.7                        20.61
                    1383.6                        20.89
                    1408.6                        21.17
                    1433.6                        21.46
                    1458.6                        21.74
                    1483.5                        22.02
                    1508.5                        22.30
                    1533.5                        22.58
                    1558.5                        22.86
                    1583.4                        23.13
                    1608.4                        23.41
                    1633.4                        23.69
                    1658.4                        23.97
                    1683.3                        24.24
                    1708.3                        24.52
                    1733.3                        24.79
                    1758.3                        25.07
                    1783.2                        25.34
                    1808.2                        25.61
                    1833.2                        25.89
                    1858.2                        26.16
                    1883.1                        26.43
                    1908.1                        26.70
                    1933.1                        26.98
                    1958.1                        27.25
                    1983.0                        27.52
                    2008.0                        27.79
                    2033.0                        28.06
                    2058.0                        28.33
                    2082.9                        28.59
                    2107.9                        28.86
                    2132.9                        29.13
                    2157.9                        29.40
                    2182.8                        29.67
                    2207.8                        29.93
                    2232.8                        30.20
                    2257.8                        30.46
                    2282.7                        30.73
                    2307.7                        31.00
                    2332.7                        31.26
                    2357.7                        31.53
                    2382.6                        31.79
                    2407.6                        32.05
                    2432.6                        32.32
                    2457.6                        32.58
                    2482.5                        32.84
                    2507.5                        33.11
                    2532.5                        33.37
                    2557.5                        33.63
                    2582.4                        33.89
                    2607.4                        34.15
                    2632.4                        34.41
                    2657.4                        34.67
                    2682.3                        34.93
                    2707.3                        35.19
                    2732.3                        35.45
                    2757.3                        35.71
                    2782.2                        35.97
                    2807.2                        36.23
                    2832.2                        36.49
                    2857.2                        36.75
                    2882.1                        37.01
                    2907.1                        37.26
                    2932.1                        37.52
                    2957.1                        37.78
                    2982.0                        38.04
                    3007.0                        38.29
                    3032.0                        38.55
                    3057.0                        38.81
                    3081.9                        39.06
                    3106.9                        39.32
                    3131.9                        39.57
                    3156.9                        39.83
                    3181.8                        40.08
                    3206.8                        40.34
                    3231.8                        40.59
                    3256.8                        40.85
                    3281.7                        41.10
                    3306.7                        41.35
                    3331.7                        41.61
                    3356.7                        41.86
                    3381.6                        42.11
                    3406.6                        42.37
                    3431.6                        42.62
                    3456.6                        42.87
                    3481.5                        43.12
                    3506.5                        43.37
                    3531.5                        43.63
                    3556.5                        43.88
                    3581.4                        44.13
                    3606.4                        44.38
                    3631.4                        44.63
                    3656.4                        44.88
                    3681.3                        45.13
                    3706.3                        45.38
                    3731.3                        45.63
                    3756.3                        45.88
                    3781.2                        46.13
                    3806.2                        46.38
                    3831.2                        46.63
                    3856.2                        46.88
                    3881.1                        47.13
                    3906.1                        47.37
                    3931.1                        47.62
                    3956.1                        47.87
                    3981.0                        48.12
                    4006.0                        48.37
                    4031.0                        48.61
                    4056.0                        48.86
                    4080.9                        49.11
                    4105.9                        49.35
                    4130.9                        49.60
                    4155.9                        49.85
                    4180.8                        50.09
                    4205.8                        50.34
                    4230.8                        50.59
                    4255.8                        50.83
                    4280.7                        51.08
                    4305.7                        51.32
                    4330.7                        51.57
                    4355.7                        51.81
                    4380.6                        52.06
                    4405.6                        52.30
                    4430.6                        52.55
                    4455.6                        52.79
                    4480.5                        53.04
                    4505.5                        53.28
                    4530.5                        53.53
                    4555.5                        53.77
                    4580.4                        54.01
                    4605.4                        54.26
                    4630.4                        54.50
                    4655.4                        54.74
                    4680.3                        54.99
                    4705.3                        55.23
                    4730.3                        55.47
                    4755.3                        55.71
                    4780.2                        55.96
                    4805.2                        56.20
                    4830.2                        56.44
                    4855.2                        56.68
                    4880.1                        56.92
                    4905.1                        57.17
                    4930.1                        57.41
                    4955.1                        57.65
                    4980.0                        57.89
                    5005.0                        58.13
                    5030.0                        58.37
                    5055.0                        58.61
                    5079.9                        58.85
                    5104.9                        59.09
                    5129.9                        59.33
                    5154.9                        59.57
                    5179.8                        59.81
                    5204.8                        60.05
                    5229.8                        60.29
                    5254.8                        60.53
                    5279.7                        60.77
                    5304.7                        61.01
                    5329.7                        61.25
                    5354.7                        61.49
                    5379.6                        61.73
                    5404.6                        61.97
                    5429.6                        62.21
                    5454.6                        62.44
                    5479.5                        62.68
                    5504.5                        62.92
                    5529.5                        63.16
                    5554.5                        63.40
                    5579.4                        63.63
                    5604.4                        63.87
                    5629.4                        64.11
                    5654.4                        64.35
                    5679.3                        64.58
                    5704.3                        64.82
                    5729.3                        65.06
                    5754.3                        65.30
                    5779.2                        65.53
                    5804.2                        65.77
                    5829.2                        66.01
                    5854.2                        66.24
                    5879.1                        66.48
                    5904.1                        66.71
                    5929.1                        66.95
                    5954.1                        67.19
                    5979.0                        67.42
                    6004.0                        67.66
                    6029.0                        67.89
                    6054.0                        68.13
                    6078.9                        68.36
                    6103.9                        68.60
                    6128.9                        68.83
                    6153.9                        69.07
                    6178.8                        69.30
                    6203.8                        69.54
                    6228.8                        69.77
                    6253.8                        70.01
                    6278.7                        70.24
                    6303.7                        70.48
                    6328.7                        70.71
                    6353.7                        70.95
                    6378.6                        71.18
                    6403.6                        71.41
                    6428.6                        71.65
                    6453.6                        71.88
                    6478.5                        72.11
                    6503.5                        72.35
                    6528.5                        72.58
                    6553.5                        72.81
                    6578.4                        73.05
                    6603.4                        73.28
                    6628.4                        73.51
                    6653.4                        73.75
                    6678.3                        73.98
                    6703.3                        74.21
                    6728.3                        74.44
                    6753.3                        74.68
                    6778.2                        74.91
                    6803.2                        75.14
                    6828.2                        75.37
                    6853.2                        75.60
                    6878.1                        75.84
                    6903.1                        76.07
                    6928.1                        76.30
                    6953.1                        76.53
                    6978.0                        76.76
                    7003.0                        76.99
                    7028.0                        77.22
                    7053.0                        77.46
                    7077.9                        77.69
                    7102.9                        77.92
                    7127.9                        78.15
                    7152.9                        78.38
                    7177.8                        78.61
                    7202.8                        78.84
                    7227.8                        79.07
                    7252.8                        79.30
                    7277.7                        79.53
                    7302.7                        79.76
                    7327.7                        79.99
                    7352.7                        80.22
                    7377.6                        80.45
                    7402.6                        80.68
                    7427.6                        80.91
                    7452.6                        81.14
                    7477.5                        81.37
                    7502.5                        81.60
                    7527.5                        81.83
                    7552.5                        82.06
                    7577.4                        82.29
                    7602.4                        82.51
                    7627.4                        82.74
                    7652.4                        82.97
                    7677.3                        83.20
                    7702.3                        83.43
                    7727.3                        83.66
                    7752.3                        83.89
                    7777.2                        84.12
                    7802.2                        84.34
                    7827.2                        84.57
                    7852.2                        84.80
                    7877.1                        85.03
                    7902.1                        85.26
                    7927.1                        85.48
                    7952.1                        85.71
                    7977.0                        85.94
                    8002.0                        86.17
                    8027.0                        86.39
                    8052.0                        86.62
                    8076.9                        86.85
                    8101.9                        87.08
                    8126.9                        87.30
                    8151.9                        87.53
                    8176.8                        87.76
                    8201.8                        87.98
                    8226.8                        88.21
                    8251.8                        88.44
                    8276.7                        88.66
                    8301.7                        88.89
                    8326.7                        89.12
                    8351.7                        89.34
                    8376.6                        89.57
                    8401.6                        89.80
                    8426.6                        90.02
                    8451.6                        90.25
                    8476.5                        90.47
                    8501.5                        90.70
                    8526.5                        90.93
                    8551.5                        91.15
                    8576.4                        91.38
                    8601.4                        91.60
                    8626.4                        91.83
                    8651.4                        92.05
                    8676.3                        92.28
                    8701.3                        92.51
                    8726.3                        92.73
                    8751.3                        92.96
                    8776.2                        93.18
                    8801.2                        93.41
                    8826.2                        93.63
                    8851.2                        93.86
                    8876.1                        94.08
                    8901.1                        94.30
                    8926.1                        94.53
                    8951.1                        94.75
                    8976.0                        94.98
                    9001.0                        95.20
                    9026.0                        95.43
                    9051.0                        95.65
                    9075.9                        95.88
                    9100.9                        96.10
                    9125.9                        96.32
                    9150.9                        96.55
                    9175.8                        96.77
                    9200.8                        96.99
                    9225.8                        97.22
                    9250.8                        97.44
                    9275.7                        97.67
                    9300.7                        97.89
                    9325.7                        98.11
                    9350.7                        98.34
                    9375.6                        98.56
                    9400.6                        98.78
                    9425.6                        99.01
                    9450.6                        99.23
                    9475.5                        99.45
                    9500.5                        99.67
                    9525.5                        99.90
                    9550.5                       100.12
                    9575.4                       100.34
                    9600.4                       100.57
                    9625.4                       100.79
                    9650.4                       101.01
                    9675.3                       101.23
                    9700.3                       101.46
                    9725.3                       101.68
                    9750.3                       101.90
                    9775.2                       102.12
                    9800.2                       102.34
                    9825.2                       102.57
                    9850.2                       102.79
                    9875.1                       103.01
                    9900.1                       103.23
                    9925.1                       103.45
                    9950.1                       103.67
                    9975.0                       103.90
                   10000.0                       104.12
