
ELEMENT:
                                      Nd

SOURCE:
                           Tanuma, Powell and Penn
                    Surface Interface Anal. 21 (1994) 165.
                 IMFP values determined from TPP-2M equation
                                       

ATOMIC WEIGHT:               144.24000

DENSITY:                       7.0100 g/cm**3

TABULATION:

______________________________________________________________________________

                    Energy                         IMFP
                      eV                        Angstroms
______________________________________________________________________________
                      50.0                         4.73
                      54.9                         4.72
                      59.8                         4.72
                      64.6                         4.72
                      69.5                         4.74
                      74.4                         4.77
                      79.3                         4.80
                      84.1                         4.85
                      89.0                         4.90
                      93.9                         4.96
                      98.8                         5.02
                     103.6                         5.09
                     108.5                         5.15
                     113.4                         5.23
                     118.3                         5.30
                     123.1                         5.38
                     128.0                         5.45
                     132.9                         5.53
                     137.8                         5.61
                     142.6                         5.69
                     147.5                         5.78
                     152.4                         5.86
                     157.3                         5.94
                     162.1                         6.03
                     167.0                         6.11
                     171.9                         6.20
                     176.8                         6.28
                     181.6                         6.37
                     186.5                         6.45
                     191.4                         6.54
                     196.3                         6.62
                     201.1                         6.71
                     206.0                         6.79
                     210.9                         6.88
                     215.8                         6.97
                     220.6                         7.05
                     225.5                         7.14
                     230.4                         7.22
                     235.3                         7.31
                     240.1                         7.39
                     245.0                         7.48
                     249.9                         7.57
                     254.8                         7.65
                     259.6                         7.74
                     264.5                         7.82
                     269.4                         7.91
                     274.3                         7.99
                     279.1                         8.08
                     284.0                         8.16
                     288.9                         8.25
                     293.8                         8.33
                     298.6                         8.42
                     303.5                         8.50
                     308.4                         8.58
                     313.3                         8.67
                     318.1                         8.75
                     323.0                         8.84
                     327.9                         8.92
                     332.8                         9.00
                     337.6                         9.09
                     342.5                         9.17
                     347.4                         9.25
                     352.3                         9.34
                     357.1                         9.42
                     362.0                         9.50
                     366.9                         9.59
                     371.8                         9.67
                     376.6                         9.75
                     381.5                         9.83
                     386.4                         9.92
                     391.3                        10.00
                     396.1                        10.08
                     401.0                        10.16
                     405.9                        10.24
                     410.8                        10.32
                     415.6                        10.41
                     420.5                        10.49
                     425.4                        10.57
                     430.3                        10.65
                     435.1                        10.73
                     440.0                        10.81
                     444.9                        10.89
                     449.8                        10.97
                     454.6                        11.05
                     459.5                        11.13
                     464.4                        11.21
                     469.3                        11.29
                     474.1                        11.37
                     479.0                        11.45
                     483.9                        11.53
                     488.8                        11.61
                     493.6                        11.69
                     498.5                        11.77
                     503.4                        11.85
                     508.3                        11.93
                     513.1                        12.01
                     518.0                        12.09
                     522.9                        12.17
                     527.8                        12.25
                     532.6                        12.33
                     537.5                        12.40
                     542.4                        12.48
                     547.3                        12.56
                     552.1                        12.64
                     557.0                        12.72
                     561.9                        12.80
                     566.8                        12.87
                     571.6                        12.95
                     576.5                        13.03
                     581.4                        13.11
                     586.3                        13.19
                     591.1                        13.26
                     596.0                        13.34
                     600.9                        13.42
                     605.8                        13.50
                     610.6                        13.57
                     615.5                        13.65
                     620.4                        13.73
                     625.3                        13.80
                     630.1                        13.88
                     635.0                        13.96
                     639.9                        14.03
                     644.8                        14.11
                     649.6                        14.19
                     654.5                        14.26
                     659.4                        14.34
                     664.3                        14.42
                     669.1                        14.49
                     674.0                        14.57
                     678.9                        14.64
                     683.8                        14.72
                     688.6                        14.80
                     693.5                        14.87
                     698.4                        14.95
                     703.3                        15.02
                     708.1                        15.10
                     713.0                        15.17
                     717.9                        15.25
                     722.8                        15.32
                     727.6                        15.40
                     732.5                        15.47
                     737.4                        15.55
                     742.3                        15.62
                     747.1                        15.70
                     752.0                        15.77
                     756.9                        15.85
                     761.8                        15.92
                     766.6                        16.00
                     771.5                        16.07
                     776.4                        16.15
                     781.3                        16.22
                     786.1                        16.29
                     791.0                        16.37
                     795.9                        16.44
                     800.8                        16.52
                     805.6                        16.59
                     810.5                        16.67
                     815.4                        16.74
                     820.3                        16.81
                     825.1                        16.89
                     830.0                        16.96
                     834.9                        17.03
                     839.8                        17.11
                     844.6                        17.18
                     849.5                        17.25
                     854.4                        17.33
                     859.3                        17.40
                     864.1                        17.47
                     869.0                        17.55
                     873.9                        17.62
                     878.8                        17.69
                     883.6                        17.77
                     888.5                        17.84
                     893.4                        17.91
                     898.3                        17.98
                     903.1                        18.06
                     908.0                        18.13
                     912.9                        18.20
                     917.8                        18.28
                     922.6                        18.35
                     927.5                        18.42
                     932.4                        18.49
                     937.3                        18.56
                     942.1                        18.64
                     947.0                        18.71
                     951.9                        18.78
                     956.8                        18.85
                     961.6                        18.93
                     966.5                        19.00
                     971.4                        19.07
                     976.3                        19.14
                     981.1                        19.21
                     986.0                        19.28
                     990.9                        19.36
                     995.8                        19.43
                    1000.6                        19.50
                    1005.5                        19.57
                    1010.4                        19.64
                    1015.3                        19.71
                    1020.1                        19.79
                    1025.0                        19.86
                    1029.9                        19.93
                    1034.8                        20.00
                    1039.6                        20.07
                    1044.5                        20.14
                    1049.4                        20.21
                    1054.3                        20.28
                    1059.1                        20.35
                    1064.0                        20.43
                    1068.9                        20.50
                    1073.8                        20.57
                    1078.6                        20.64
                    1083.5                        20.71
                    1088.4                        20.78
                    1093.3                        20.85
                    1098.1                        20.92
                    1103.0                        20.99
                    1107.9                        21.06
                    1112.8                        21.13
                    1117.6                        21.20
                    1122.5                        21.27
                    1127.4                        21.34
                    1132.3                        21.41
                    1137.1                        21.48
                    1142.0                        21.55
                    1146.9                        21.62
                    1151.8                        21.69
                    1156.6                        21.76
                    1161.5                        21.83
                    1166.4                        21.90
                    1171.3                        21.97
                    1176.1                        22.04
                    1181.0                        22.11
                    1185.9                        22.18
                    1190.8                        22.25
                    1195.6                        22.32
                    1200.5                        22.39
                    1205.4                        22.46
                    1210.3                        22.53
                    1215.1                        22.60
                    1220.0                        22.67
                    1224.9                        22.74
                    1229.8                        22.81
                    1234.6                        22.88
                    1239.5                        22.95
                    1244.4                        23.02
                    1249.3                        23.09
                    1254.1                        23.16
                    1259.0                        23.22
                    1263.9                        23.29
                    1268.8                        23.36
                    1273.6                        23.43
                    1278.5                        23.50
                    1283.4                        23.57
                    1288.3                        23.64
                    1293.1                        23.71
                    1298.0                        23.78
                    1302.9                        23.85
                    1307.8                        23.91
                    1312.6                        23.98
                    1317.5                        24.05
                    1322.4                        24.12
                    1327.3                        24.19
                    1332.1                        24.26
                    1337.0                        24.33
                    1341.9                        24.39
                    1346.8                        24.46
                    1351.6                        24.53
                    1356.5                        24.60
                    1361.4                        24.67
                    1366.3                        24.74
                    1371.1                        24.80
                    1376.0                        24.87
                    1380.9                        24.94
                    1385.8                        25.01
                    1390.6                        25.08
                    1395.5                        25.14
                    1400.4                        25.21
                    1405.3                        25.28
                    1410.1                        25.35
                    1415.0                        25.42
                    1419.9                        25.48
                    1424.8                        25.55
                    1429.6                        25.62
                    1434.5                        25.69
                    1439.4                        25.76
                    1444.3                        25.82
                    1449.1                        25.89
                    1454.0                        25.96
                    1458.9                        26.03
                    1463.8                        26.09
                    1468.6                        26.16
                    1473.5                        26.23
                    1478.4                        26.30
                    1483.3                        26.36
                    1488.1                        26.43
                    1493.0                        26.50
                    1497.9                        26.57
                    1502.8                        26.63
                    1507.6                        26.70
                    1512.5                        26.77
                    1517.4                        26.83
                    1522.3                        26.90
                    1527.1                        26.97
                    1532.0                        27.04
                    1536.9                        27.10
                    1541.8                        27.17
                    1546.6                        27.24
                    1551.5                        27.30
                    1556.4                        27.37
                    1561.3                        27.44
                    1566.1                        27.50
                    1571.0                        27.57
                    1575.9                        27.64
                    1580.8                        27.71
                    1585.6                        27.77
                    1590.5                        27.84
                    1595.4                        27.91
                    1600.3                        27.97
                    1605.1                        28.04
                    1610.0                        28.11
                    1614.9                        28.17
                    1619.8                        28.24
                    1624.6                        28.30
                    1629.5                        28.37
                    1634.4                        28.44
                    1639.3                        28.50
                    1644.1                        28.57
                    1649.0                        28.64
                    1653.9                        28.70
                    1658.8                        28.77
                    1663.6                        28.84
                    1668.5                        28.90
                    1673.4                        28.97
                    1678.3                        29.03
                    1683.1                        29.10
                    1688.0                        29.17
                    1692.9                        29.23
                    1697.8                        29.30
                    1702.6                        29.36
                    1707.5                        29.43
                    1712.4                        29.50
                    1717.3                        29.56
                    1722.1                        29.63
                    1727.0                        29.69
                    1731.9                        29.76
                    1736.8                        29.83
                    1741.6                        29.89
                    1746.5                        29.96
                    1751.4                        30.02
                    1756.3                        30.09
                    1761.1                        30.16
                    1766.0                        30.22
                    1770.9                        30.29
                    1775.8                        30.35
                    1780.6                        30.42
                    1785.5                        30.48
                    1790.4                        30.55
                    1795.3                        30.61
                    1800.1                        30.68
                    1805.0                        30.75
                    1809.9                        30.81
                    1814.8                        30.88
                    1819.6                        30.94
                    1824.5                        31.01
                    1829.4                        31.07
                    1834.3                        31.14
                    1839.1                        31.20
                    1844.0                        31.27
                    1848.9                        31.33
                    1853.8                        31.40
                    1858.6                        31.46
                    1863.5                        31.53
                    1868.4                        31.59
                    1873.3                        31.66
                    1878.1                        31.72
                    1883.0                        31.79
                    1887.9                        31.85
                    1892.8                        31.92
                    1897.6                        31.98
                    1902.5                        32.05
                    1907.4                        32.11
                    1912.3                        32.18
                    1917.1                        32.24
                    1922.0                        32.31
                    1926.9                        32.37
                    1931.8                        32.44
                    1936.6                        32.50
                    1941.5                        32.57
                    1946.4                        32.63
                    1951.3                        32.70
                    1956.1                        32.76
                    1961.0                        32.83
                    1965.9                        32.89
                    1970.8                        32.96
                    1975.6                        33.02
                    1980.5                        33.09
                    1985.4                        33.15
                    1990.3                        33.21
                    1995.1                        33.28
                    2000.0                        33.34
