15	9.311	9.319	9.328	1.073	1.073	1.073
16.7	8.279	8.286	8.293	1.162	1.162	1.161
20	6.625	6.63	6.635	1.278	1.279	1.278
21.2	6.121	6.126	6.131	1.309	1.31	1.309
25	4.795	4.8	4.803	1.383	1.383	1.382
26.8	4.284	4.288	4.291	1.408	1.408	1.408
30	3.52	3.523	3.525	1.443	1.444	1.443
35	2.615	2.617	2.618	1.48	1.481	1.48
40	1.966	1.968	1.968	1.503	1.503	1.503
40.8	1.881	1.882	1.883	1.505	1.506	1.505
45	1.499	1.499	1.5	1.516	1.516	1.516
50	1.159	1.159	1.159	1.522	1.523	1.522
55	0.909	0.9091	0.9091	1.524	1.524	1.524
60	0.7231	0.7232	0.7231	1.522	1.522	1.522
65	0.5831	0.5831	0.5831	1.517	1.517	1.517
70	0.4761	0.4761	0.4761	1.51	1.51	1.509
75	0.3933	0.3933	0.3932	1.5	1.501	1.5
80	0.3284	0.3283	0.3282	1.49	1.49	1.49
85	0.2767	0.2766	0.2765	1.478	1.479	1.478
90	0.2352	0.235	0.235	1.466	1.466	1.466
95	0.2014	0.2012	0.2012	1.452	1.452	1.452
100	0.1737	0.1735	0.1735	1.438	1.438	1.438
105	0.1507	0.1505	0.1505	1.423	1.424	1.423
110	0.1315	0.1313	0.1313	1.408	1.408	1.408
115	0.1153	0.1152	0.1152	1.393	1.393	1.393
120	0.1016	0.1015	0.1015	1.378	1.377	1.377
125	0.0899	0.08979	0.08978	1.362	1.362	1.362
130	0.07986	0.07977	0.07977	1.346	1.346	1.346
132.3	0.07572	0.07564	0.07564	1.339	1.339	1.339
135	0.0712	0.07114	0.07114	1.331	1.33	1.33
140	0.0637	0.06366	0.06366	1.315	1.315	1.315
145	0.05718	0.05716	0.05716	1.3	1.3	1.299
150	0.0515	0.05149	0.05149	1.285	1.284	1.284
151.4	0.05004	0.05003	0.05003	1.28	1.28	1.28
155	0.04653	0.04652	0.04652	1.27	1.269	1.269
160	0.04216	0.04215	0.04215	1.255	1.255	1.255
165	0.03831	0.03829	0.03829	1.24	1.24	1.24
170	0.0349	0.03488	0.03488	1.226	1.226	1.226
175	0.03187	0.03186	0.03186	1.213	1.213	1.212
180	0.02917	0.02916	0.02916	1.199	1.199	1.199
185	0.02675	0.02676	0.02676	1.186	1.186	1.186
190	0.0246	0.02461	0.02461	1.173	1.173	1.173
195	0.02267	0.02268	0.02268	1.16	1.16	1.16
200	0.02094	0.02095	0.02095	1.148	1.148	1.148
205	0.01938	0.01939	0.01939	1.136	1.136	1.136
210	0.01797	0.01798	0.01798	1.125	1.124	1.124
215	0.0167	0.0167	0.0167	1.113	1.113	1.113
220	0.01553	0.01554	0.01553	1.102	1.102	1.102
225	0.01447	0.01448	0.01448	1.091	1.091	1.091
230	0.0135	0.01352	0.01351	1.08	1.08	1.08
235	0.01261	0.01264	0.01263	1.07	1.07	1.07
240	0.0118	0.01183	0.01183	1.059	1.059	1.059
245	0.01106	0.01109	0.01109	1.049	1.049	1.049
250	0.01038	0.01041	0.01041	1.039	1.039	1.039
255	0.009763	0.009782	0.009779	1.03	1.03	1.03
260	0.009191	0.009204	0.0092	1.02	1.02	1.02
265	0.008663	0.00867	0.008666	1.011	1.011	1.011
270	0.008173	0.008175	0.008171	1.002	1.002	1.002
275	0.007715	0.007716	0.007712	0.9927	0.9927	0.9927
280	0.007286	0.007289	0.007285	0.9838	0.9838	0.9838
285	0.006886	0.006893	0.006889	0.975	0.9751	0.9751
290	0.006512	0.006524	0.00652	0.9664	0.9665	0.9665
295	0.006164	0.00618	0.006176	0.9581	0.9581	0.9581
300	0.005843	0.005858	0.005854	0.95	0.9498	0.9498
305	0.005545	0.005558	0.005554	0.9421	0.9416	0.9416
320	0.004773	0.004767	0.004763	0.9188	0.9179	0.9179
340	0.003926	0.003919	0.003916	0.8882	0.8881	0.8881
360	0.003248	0.003254	0.003251	0.8608	0.8602	0.8603
380	0.002732	0.002724	0.002722	0.8357	0.834	0.8341
400	0.002305	0.002297	0.002296	0.8097	0.8094	0.8095
420	0.001952	0.001952	0.001951	0.7866	0.7862	0.7864
440	0.001673	0.001669	0.001668	0.7663	0.7644	0.7646
460	0.001443	0.001435	0.001435	0.7451	0.7437	0.744
480	0.001245	0.001241	0.001241	0.7241	0.7243	0.7246
500	0.001081	0.001079	0.001079	0.706	0.706	0.7064
520	0.000946	0.0009429	0.0009428	0.6892	0.6889	0.6892
540	0.0008305	0.0008275	0.0008276	0.6717	0.6728	0.6731
560	0.0007299	0.0007296	0.0007297	0.6549	0.6578	0.6581
580	0.0006446	0.000646	0.0006462	0.6409	0.6438	0.6441
600	0.0005731	0.0005744	0.0005745	0.629	0.6308	0.631
620	0.000512	0.0005126	0.0005127	0.6172	0.6186	0.6187
640	0.0004586	0.0004592	0.0004592	0.6053	0.6073	0.6073
660	0.0004118	0.0004127	0.0004127	0.5945	0.5967	0.5966
680	0.0003713	0.0003721	0.000372	0.5848	0.5866	0.5865
700	0.000336	0.0003365	0.0003364	0.5752	0.5771	0.577
720	0.0003045	0.0003051	0.000305	0.5651	0.568	0.5678
740	0.0002762	0.0002773	0.0002773	0.5549	0.5593	0.5589
760	0.000251	0.0002527	0.0002526	0.5463	0.5509	0.5504
780	0.000229	0.0002308	0.0002306	0.5399	0.5426	0.542
800	0.0002099	0.0002112	0.000211	0.5346	0.5344	0.5337
850	0.0001706	0.0001704	0.0001702	0.5199	0.5142	0.5136
900	0.0001398	0.0001389	0.0001387	0.4995	0.4942	0.4939
950	0.0001142	0.0001141	0.000114	0.4721	0.4749	0.4746
1000	9.401e-05	9.456e-05	9.445e-05	0.455	0.4565	0.4561
1041	8.152e-05	8.151e-05	8.141e-05	0.4509	0.4418	0.4416
1050	7.918e-05	7.895e-05	7.885e-05	0.4505	0.4386	0.4385
1100	6.772e-05	6.633e-05	6.628e-05	0.4388	0.4212	0.422
1150	5.678e-05	5.609e-05	5.611e-05	0.3955	0.4055	0.4068
1200	4.671e-05	4.78e-05	4.781e-05	0.3591	0.3926	0.3931
1250	3.996e-05	4.102e-05	4.1e-05	0.3771	0.3808	0.3806
1253.6	3.961e-05	4.058e-05	4.055e-05	0.3801	0.38	0.3798
1300	3.636e-05	3.539e-05	3.537e-05	0.4197	0.3685	0.3694
1350	3.219e-05	3.064e-05	3.068e-05	0.3664	0.3562	0.359
1400	2.551e-05	2.67e-05	2.676e-05	0.2604	0.3481	0.3494
1450	2.222e-05	2.344e-05	2.343e-05	0.327	0.3408	0.3401
1486.6	2.149e-05	2.134e-05	2.132e-05	0.3847	0.3335	0.3332
1500	2.114e-05	2.062e-05	2.061e-05	0.3898	0.3305	0.3308
