75	0.9432	0.9406	0.9007	0.9102	0.9071	0.9158
80	0.741	0.7405	0.7082	0.7453	0.7448	0.7443
85	0.6125	0.6131	0.5872	0.1235	0.126	0.1106
90	0.5637	0.5645	0.5437	-0.3795	-0.3774	-0.3968
95	0.5669	0.5679	0.5511	-0.5708	-0.5702	-0.5813
100	0.5975	0.5988	0.5852	-0.5261	-0.5261	-0.5266
105	0.6401	0.6416	0.6305	-0.3718	-0.3715	-0.3643
110	0.6862	0.6877	0.6786	-0.1857	-0.185	-0.1738
115	0.7314	0.7326	0.7252	-0.00265	-0.001623	0.01102
120	0.7735	0.7743	0.7683	0.1649	0.166	0.1786
125	0.8114	0.8117	0.8068	0.314	0.3149	0.3268
130	0.8445	0.8442	0.8403	0.4452	0.4459	0.4567
132.3	0.8578	0.8573	0.8538	0.5	0.5005	0.5107
135	0.8723	0.8715	0.8685	0.5603	0.5607	0.5702
140	0.8948	0.8936	0.8914	0.6612	0.6614	0.6696
145	0.912	0.9108	0.9091	0.7498	0.7498	0.7568
150	0.9244	0.9231	0.922	0.8277	0.8276	0.8335
151.4	0.9269	0.9257	0.9247	0.8478	0.8477	0.8532
155	0.9321	0.9312	0.9305	0.8965	0.8963	0.9011
160	0.9359	0.9353	0.935	0.9573	0.9571	0.961
165	0.9362	0.936	0.936	1.011	1.011	1.014
170	0.9336	0.9338	0.9341	1.059	1.059	1.062
175	0.9286	0.9293	0.9297	1.102	1.102	1.104
180	0.9217	0.9227	0.9233	1.141	1.141	1.142
185	0.9134	0.9145	0.9152	1.176	1.176	1.176
190	0.9038	0.905	0.9059	1.207	1.207	1.207
195	0.8934	0.8945	0.8954	1.235	1.235	1.235
200	0.8822	0.8832	0.8841	1.261	1.261	1.261
205	0.8704	0.8712	0.8722	1.285	1.285	1.284
210	0.8582	0.8586	0.8597	1.307	1.307	1.306
215	0.8456	0.8456	0.8467	1.327	1.327	1.325
220	0.8326	0.8323	0.8334	1.346	1.346	1.344
225	0.8193	0.8187	0.8198	1.363	1.363	1.361
230	0.8058	0.8048	0.806	1.379	1.379	1.376
235	0.792	0.7908	0.792	1.394	1.394	1.391
240	0.778	0.7766	0.7779	1.408	1.407	1.405
245	0.7638	0.7624	0.7637	1.42	1.42	1.417
250	0.7496	0.7482	0.7495	1.433	1.432	1.429
255	0.7352	0.7339	0.7353	1.444	1.444	1.441
260	0.7209	0.7197	0.7211	1.454	1.454	1.451
265	0.7066	0.7056	0.707	1.464	1.464	1.461
270	0.6924	0.6916	0.693	1.474	1.474	1.47
275	0.6783	0.6778	0.6792	1.482	1.483	1.479
280	0.6644	0.6642	0.6656	1.491	1.491	1.487
285	0.6507	0.6508	0.6522	1.498	1.499	1.495
290	0.6373	0.6376	0.639	1.506	1.506	1.502
295	0.6242	0.6247	0.626	1.512	1.513	1.509
300	0.6113	0.612	0.6133	1.519	1.519	1.515
305	0.5988	0.5996	0.6009	1.525	1.525	1.522
310	0.5865	0.5875	0.5887	1.531	1.531	1.527
315	0.5746	0.5756	0.5768	1.536	1.537	1.533
320	0.563	0.564	0.5651	1.542	1.542	1.538
325	0.5517	0.5526	0.5537	1.546	1.547	1.543
330	0.5407	0.5415	0.5426	1.551	1.551	1.547
335	0.53	0.5307	0.5317	1.556	1.556	1.552
340	0.5195	0.5201	0.5211	1.56	1.56	1.556
345	0.5093	0.5097	0.5107	1.564	1.564	1.559
350	0.4994	0.4996	0.5005	1.567	1.567	1.563
355	0.4897	0.4897	0.4906	1.571	1.571	1.567
360	0.4801	0.48	0.4809	1.574	1.574	1.57
365	0.4708	0.4705	0.4714	1.578	1.577	1.573
370	0.4617	0.4612	0.4621	1.581	1.58	1.576
380	0.444	0.4433	0.4441	1.586	1.585	1.581
400	0.4106	0.4097	0.4105	1.595	1.595	1.591
420	0.3796	0.3791	0.3799	1.602	1.602	1.598
440	0.3513	0.3513	0.352	1.608	1.608	1.604
460	0.3256	0.326	0.3267	1.612	1.612	1.608
480	0.3024	0.303	0.3036	1.615	1.616	1.612
500	0.2816	0.2821	0.2827	1.618	1.618	1.614
520	0.2628	0.2631	0.2635	1.62	1.62	1.616
540	0.2457	0.2456	0.246	1.621	1.621	1.617
560	0.2299	0.2295	0.2299	1.622	1.622	1.618
580	0.2153	0.2147	0.2151	1.622	1.622	1.618
600	0.2017	0.2012	0.2015	1.622	1.621	1.617
620	0.189	0.1887	0.1891	1.621	1.62	1.617
640	0.1773	0.1773	0.1776	1.619	1.619	1.615
660	0.1665	0.1667	0.167	1.617	1.617	1.614
680	0.1566	0.157	0.1572	1.615	1.616	1.612
700	0.1476	0.148	0.1482	1.613	1.614	1.61
720	0.1393	0.1396	0.1398	1.61	1.611	1.608
740	0.1317	0.1319	0.1321	1.608	1.609	1.606
760	0.1247	0.1247	0.1248	1.606	1.606	1.603
780	0.1181	0.118	0.1181	1.604	1.604	1.601
800	0.112	0.1117	0.1119	1.602	1.601	1.598
850	0.09805	0.0979	0.09805	1.594	1.593	1.59
900	0.08608	0.08626	0.08639	1.585	1.585	1.582
950	0.07608	0.07639	0.07648	1.575	1.576	1.574
1000	0.06782	0.06794	0.06801	1.566	1.568	1.565
1041	0.06199	0.0619	0.06196	1.56	1.56	1.558
1050	0.0608	0.06067	0.06073	1.559	1.559	1.556
1100	0.05456	0.05437	0.05443	1.551	1.549	1.547
1150	0.04895	0.04892	0.04897	1.541	1.54	1.538
1200	0.04402	0.04416	0.04421	1.53	1.531	1.529
1250	0.03982	0.04	0.04003	1.52	1.521	1.519
1253.6	0.03954	0.03972	0.03975	1.519	1.521	1.519
1300	0.03627	0.03634	0.03636	1.51	1.512	1.51
1350	0.03319	0.0331	0.03312	1.502	1.503	1.501
1400	0.03038	0.03022	0.03024	1.494	1.493	1.492
1450	0.02778	0.02767	0.02769	1.486	1.484	1.482
1486.6	0.026	0.02598	0.026	1.479	1.477	1.476
1500	0.02539	0.02539	0.02541	1.476	1.475	1.473
