110	0.7859	0.7828	0.4467	0.7001	0.6954	0.7401
115	0.7366	0.7352	0.4197	0.7401	0.7384	0.7268
120	0.6749	0.6747	0.3889	0.462	0.4629	0.3892
125	0.6177	0.618	0.3619	0.2449	0.2466	0.1311
130	0.5669	0.5675	0.339	0.08091	0.08221	-0.05695
132.3	0.5461	0.5467	0.33	0.01911	0.02006	-0.1244
135	0.5238	0.5245	0.3207	-0.04394	-0.04345	-0.19
140	0.4884	0.489	0.3068	-0.1356	-0.1359	-0.2752
145	0.46	0.4605	0.2969	-0.1969	-0.1978	-0.3183
150	0.4373	0.4378	0.29	-0.2311	-0.2322	-0.3265
151.4	0.4319	0.4323	0.2885	-0.2363	-0.2374	-0.3237
155	0.4192	0.4195	0.2854	-0.2423	-0.2433	-0.3082
160	0.4045	0.4046	0.2823	-0.2355	-0.2362	-0.2717
165	0.3922	0.3921	0.2801	-0.2154	-0.2158	-0.2239
170	0.3816	0.3813	0.2785	-0.1859	-0.186	-0.1699
175	0.3723	0.3718	0.2772	-0.1501	-0.15	-0.1129
180	0.3639	0.3632	0.2759	-0.1099	-0.1097	-0.05483
185	0.3561	0.3553	0.2747	-0.06668	-0.06651	0.003155
190	0.3488	0.348	0.2734	-0.02136	-0.02131	0.06052
195	0.342	0.3411	0.2721	0.02544	0.02529	0.117
200	0.3356	0.3347	0.2708	0.0732	0.07282	0.1723
205	0.3295	0.3286	0.2694	0.1214	0.1208	0.2264
210	0.3237	0.3229	0.2678	0.1697	0.1689	0.2788
215	0.3181	0.3174	0.2662	0.2175	0.2165	0.3295
220	0.3127	0.3122	0.2645	0.2645	0.2633	0.3782
225	0.3076	0.3072	0.2627	0.3102	0.3091	0.4248
230	0.3026	0.3024	0.2609	0.3545	0.3534	0.4691
235	0.2978	0.2978	0.2589	0.3972	0.3961	0.5112
240	0.2931	0.2933	0.2568	0.438	0.437	0.551
245	0.2886	0.2889	0.2547	0.477	0.4763	0.5886
250	0.2842	0.2847	0.2525	0.5143	0.5137	0.624
255	0.28	0.2805	0.2502	0.5499	0.5495	0.6576
260	0.2758	0.2765	0.2479	0.5839	0.5837	0.6893
265	0.2718	0.2725	0.2456	0.6164	0.6165	0.7195
270	0.2679	0.2687	0.2432	0.6475	0.6478	0.7481
275	0.2641	0.2649	0.2408	0.6775	0.678	0.7755
280	0.2604	0.2611	0.2384	0.7063	0.707	0.8016
285	0.2568	0.2575	0.236	0.7341	0.7349	0.8266
290	0.2533	0.2539	0.2335	0.761	0.7619	0.8507
295	0.2499	0.2503	0.2311	0.787	0.7879	0.8738
300	0.2465	0.2468	0.2286	0.8121	0.8131	0.896
305	0.2432	0.2434	0.2261	0.8364	0.8374	0.9175
310	0.2399	0.24	0.2236	0.8599	0.8608	0.9381
315	0.2367	0.2367	0.2212	0.8826	0.8834	0.9579
320	0.2336	0.2334	0.2187	0.9045	0.9053	0.977
325	0.2305	0.2302	0.2162	0.9256	0.9263	0.9953
330	0.2274	0.227	0.2137	0.946	0.9465	1.013
335	0.2244	0.2239	0.2112	0.9656	0.966	1.03
340	0.2214	0.2208	0.2088	0.9845	0.9848	1.046
345	0.2184	0.2178	0.2063	1.003	1.003	1.062
350	0.2155	0.2148	0.2039	1.02	1.02	1.077
355	0.2126	0.2119	0.2015	1.037	1.037	1.091
360	0.2097	0.2091	0.1992	1.053	1.053	1.105
365	0.2069	0.2063	0.1968	1.069	1.068	1.118
370	0.2041	0.2035	0.1945	1.084	1.083	1.131
375	0.2014	0.2009	0.1922	1.098	1.098	1.144
380	0.1987	0.1982	0.19	1.112	1.112	1.156
385	0.196	0.1956	0.1878	1.126	1.125	1.167
390	0.1934	0.1931	0.1856	1.139	1.138	1.178
395	0.1909	0.1906	0.1834	1.152	1.151	1.189
400	0.1883	0.1881	0.1813	1.164	1.163	1.2
405	0.1858	0.1857	0.1792	1.176	1.175	1.21
420	0.1786	0.1787	0.173	1.21	1.21	1.239
440	0.1696	0.17	0.1651	1.251	1.251	1.275
460	0.1614	0.1617	0.1576	1.288	1.288	1.307
480	0.1538	0.1541	0.1506	1.321	1.321	1.335
500	0.1469	0.1469	0.144	1.35	1.351	1.36
520	0.1404	0.1403	0.1378	1.377	1.377	1.383
540	0.1344	0.134	0.1319	1.402	1.402	1.404
560	0.1286	0.1282	0.1264	1.424	1.424	1.424
580	0.123	0.1227	0.1212	1.445	1.445	1.442
600	0.1177	0.1175	0.1162	1.464	1.464	1.458
620	0.1126	0.1127	0.1116	1.481	1.481	1.473
640	0.1079	0.1082	0.1072	1.497	1.497	1.487
660	0.1035	0.1039	0.1031	1.511	1.512	1.5
680	0.09938	0.09989	0.09921	1.525	1.525	1.512
700	0.0956	0.09612	0.09554	1.538	1.538	1.523
720	0.0921	0.09255	0.09205	1.55	1.55	1.533
740	0.08884	0.08917	0.08875	1.561	1.561	1.543
760	0.0858	0.08596	0.08561	1.571	1.571	1.552
780	0.08292	0.08292	0.08263	1.581	1.581	1.561
800	0.08017	0.08004	0.07981	1.59	1.59	1.569
850	0.07371	0.07346	0.07336	1.61	1.61	1.587
900	0.06777	0.06768	0.06766	1.627	1.627	1.602
950	0.06243	0.06255	0.06259	1.642	1.642	1.616
1000	0.05782	0.05799	0.05806	1.655	1.655	1.628
1041	0.05456	0.05463	0.05472	1.664	1.664	1.636
1050	0.05389	0.05393	0.05402	1.666	1.666	1.638
1100	0.05043	0.05027	0.05039	1.676	1.675	1.647
1150	0.04722	0.04696	0.04711	1.685	1.684	1.655
1200	0.04417	0.04397	0.04413	1.692	1.691	1.662
1250	0.04131	0.04127	0.04144	1.697	1.698	1.668
1253.6	0.04111	0.04108	0.04126	1.698	1.698	1.668
1300	0.0387	0.03881	0.03898	1.703	1.704	1.674
1350	0.03642	0.03657	0.03673	1.708	1.709	1.678
1400	0.03445	0.03452	0.03468	1.714	1.713	1.683
1450	0.0327	0.03263	0.03279	1.718	1.717	1.686
1486.6	0.03149	0.03134	0.0315	1.721	1.72	1.689
1500	0.03106	0.03089	0.03105	1.722	1.721	1.69
