760	0.1715	0.1714	0.1724	2	2	2
765	0.1639	0.1638	0.1648	2	2	2
770	0.1597	0.1596	0.1605	2	2	2
775	0.1574	0.1573	0.1582	2	2	2
780	0.1563	0.1562	0.1571	2	2	2
785	0.1558	0.1556	0.1565	2	2	2
790	0.1554	0.1553	0.1561	2	2	2
795	0.1549	0.1549	0.1557	2	2	2
800	0.1544	0.1543	0.1551	2	2	2
805	0.1536	0.1535	0.1544	2	2	2
810	0.1526	0.1525	0.1533	2	2	2
815	0.1514	0.1513	0.1522	2	2	2
820	0.1501	0.15	0.1509	2	2	2
825	0.1487	0.1487	0.1495	2	2	2
830	0.1473	0.1473	0.1481	2	2	2
835	0.1459	0.1459	0.1467	2	2	2
840	0.1445	0.1445	0.1453	2	2	2
845	0.1432	0.1432	0.144	2	2	2
850	0.142	0.142	0.1428	2	2	2
855	0.1408	0.1408	0.1416	2	2	2
860	0.1396	0.1396	0.1404	2	2	2
865	0.1385	0.1385	0.1393	2	2	2
870	0.1374	0.1374	0.1382	2	2	2
875	0.1363	0.1364	0.1371	2	2	2
880	0.1353	0.1353	0.1361	2	2	2
885	0.1342	0.1343	0.135	2	2	2
890	0.1332	0.1332	0.134	2	2	2
895	0.1321	0.1322	0.1329	2	2	2
900	0.1311	0.1311	0.1319	2	2	2
905	0.13	0.1301	0.1308	2	2	2
910	0.129	0.129	0.1297	2	2	2
915	0.1279	0.128	0.1287	2	2	2
920	0.1269	0.1269	0.1276	2	2	2
925	0.1258	0.1259	0.1266	2	2	2
930	0.1248	0.1248	0.1255	2	2	2
935	0.1237	0.1238	0.1245	2	2	2
940	0.1227	0.1228	0.1235	2	2	2
945	0.1217	0.1218	0.1225	2	2	2
950	0.1208	0.1208	0.1215	2	2	2
955	0.1198	0.1198	0.1205	2	2	2
960	0.1189	0.1189	0.1195	2	2	2
965	0.1179	0.118	0.1186	2	2	2
970	0.117	0.1171	0.1177	2	2	2
975	0.1161	0.1162	0.1168	2	2	2
980	0.1152	0.1153	0.1159	2	2	2
985	0.1144	0.1144	0.115	2	2	2
990	0.1135	0.1135	0.1142	2	2	2
995	0.1127	0.1127	0.1133	2	2	2
1000	0.1118	0.1118	0.1124	2	2	2
1005	0.111	0.111	0.1116	2	2	2
1010	0.1102	0.1102	0.1108	2	2	2
1015	0.1093	0.1093	0.1099	2	2	2
1020	0.1085	0.1085	0.1091	2	2	2
1025	0.1077	0.1077	0.1083	2	2	2
1030	0.1069	0.1069	0.1075	2	2	2
1035	0.1061	0.1061	0.1067	2	2	2
1040	0.1053	0.1053	0.1059	2	2	2
1041	0.1051	0.1051	0.1057	2	2	2
1045	0.1045	0.1045	0.1051	2	2	2
1050	0.1037	0.1037	0.1043	2	2	2
1100	0.09635	0.09631	0.09682	2	2	2
1150	0.08977	0.08971	0.09018	2	2	2
1200	0.08374	0.08368	0.08411	2	2	2
1250	0.07822	0.07816	0.07856	2	2	2
1253.6	0.07784	0.07778	0.07818	2	2	2
1300	0.0732	0.07316	0.07353	2	2	2
1350	0.06862	0.06861	0.06895	2	2	2
1400	0.06441	0.06441	0.06473	2	2	2
1450	0.06053	0.06056	0.06086	2	2	2
1486.6	0.05792	0.05795	0.05823	2	2	2
1500	0.057	0.05704	0.05731	2	2	2
