55	3.477	3.482	3.39	1.478	1.479	1.488
60	16.55	16.55	16.45	0.5681	0.568	0.5736
65	56.37	56.36	56.19	0.3416	0.3411	0.3507
70	57.96	57.98	57.8	0.4459	0.4456	0.4527
75	37.99	38.01	37.86	0.6348	0.6347	0.638
80	24.13	24.14	24.03	0.8449	0.8449	0.8446
85	15.32	15.32	15.23	1.057	1.057	1.054
90	9.758	9.748	9.681	1.265	1.265	1.26
95	6.271	6.262	6.209	1.463	1.463	1.457
100	4.082	4.077	4.034	1.647	1.647	1.641
105	2.693	2.691	2.656	1.809	1.809	1.804
110	1.799	1.8	1.772	1.931	1.931	1.928
115	1.221	1.223	1.2	1.984	1.984	1.985
120	0.8487	0.8511	0.8316	1.921	1.921	1.924
125	0.6137	0.6159	0.5997	1.687	1.688	1.69
130	0.4721	0.4737	0.4603	1.255	1.256	1.252
132.3	0.4297	0.4311	0.4188	1.001	1.002	0.9937
135	0.3941	0.3952	0.3841	0.6794	0.6805	0.6662
140	0.3594	0.3601	0.3511	0.0971	0.09693	0.0753
145	0.3537	0.3542	0.3468	-0.3586	-0.3601	-0.3817
150	0.367	0.3675	0.3616	-0.6368	-0.6387	-0.6545
151.4	0.3732	0.3736	0.3681	-0.6851	-0.6868	-0.7006
155	0.3926	0.393	0.3883	-0.7606	-0.7618	-0.7703
160	0.4255	0.4258	0.4223	-0.7784	-0.7788	-0.7808
165	0.4625	0.4628	0.4602	-0.7337	-0.7333	-0.7305
170	0.5013	0.5014	0.4996	-0.656	-0.6552	-0.6492
175	0.5404	0.5403	0.5392	-0.5634	-0.5625	-0.5547
180	0.5786	0.5783	0.5778	-0.4663	-0.4655	-0.4567
185	0.6151	0.6145	0.6146	-0.3702	-0.3698	-0.3606
190	0.6493	0.6486	0.6491	-0.2781	-0.2782	-0.2689
195	0.6809	0.6801	0.681	-0.1914	-0.1919	-0.1829
200	0.7096	0.7087	0.71	-0.1106	-0.1114	-0.1027
205	0.7353	0.7346	0.7362	-0.03571	-0.03672	-0.02851
210	0.758	0.7575	0.7594	0.03347	0.03235	0.04009
215	0.7778	0.7776	0.7797	0.09732	0.09622	0.1035
220	0.7949	0.795	0.7973	0.1563	0.1553	0.162
225	0.8094	0.8099	0.8123	0.2108	0.21	0.2162
230	0.8216	0.8224	0.825	0.2613	0.2607	0.2665
235	0.8317	0.8328	0.8354	0.3083	0.3079	0.3132
240	0.8398	0.8411	0.8438	0.352	0.3519	0.3568
245	0.8463	0.8477	0.8505	0.3929	0.393	0.3974
250	0.8512	0.8526	0.8554	0.4312	0.4315	0.4355
255	0.8548	0.8561	0.8589	0.4672	0.4676	0.4713
260	0.8571	0.8582	0.861	0.5012	0.5017	0.5051
265	0.8582	0.859	0.8618	0.5333	0.5338	0.5369
270	0.8582	0.8587	0.8615	0.5637	0.5642	0.567
275	0.8572	0.8573	0.8601	0.5925	0.5931	0.5955
280	0.8552	0.8549	0.8578	0.6199	0.6204	0.6225
285	0.8523	0.8517	0.8545	0.646	0.6464	0.6482
290	0.8485	0.8476	0.8504	0.6708	0.6711	0.6727
295	0.844	0.8427	0.8456	0.6944	0.6946	0.696
300	0.8386	0.8372	0.84	0.7169	0.717	0.7182
305	0.8326	0.8311	0.8339	0.7383	0.7383	0.7393
310	0.8259	0.8244	0.8272	0.7587	0.7587	0.7595
315	0.8187	0.8172	0.82	0.7782	0.7781	0.7788
320	0.8109	0.8096	0.8124	0.7968	0.7967	0.7972
325	0.8027	0.8017	0.8044	0.8145	0.8144	0.8148
330	0.7942	0.7934	0.7962	0.8315	0.8314	0.8316
335	0.7854	0.7849	0.7877	0.8477	0.8476	0.8477
340	0.7764	0.7762	0.7789	0.8632	0.8632	0.8631
345	0.7672	0.7674	0.77	0.878	0.8781	0.8779
350	0.7579	0.7584	0.761	0.8923	0.8924	0.8921
360	0.7392	0.7402	0.7427	0.9191	0.9192	0.9187
380	0.7019	0.7033	0.7056	0.9671	0.9672	0.9663
400	0.6656	0.6664	0.6685	1.009	1.009	1.008
420	0.6301	0.63	0.6319	1.045	1.045	1.044
440	0.5953	0.5946	0.5963	1.077	1.077	1.075
460	0.5613	0.5604	0.5621	1.105	1.105	1.103
480	0.5285	0.528	0.5296	1.13	1.13	1.128
500	0.4973	0.4975	0.499	1.151	1.152	1.15
520	0.4681	0.4689	0.4702	1.171	1.172	1.17
540	0.4411	0.442	0.4432	1.189	1.189	1.187
560	0.4162	0.4167	0.4177	1.205	1.205	1.203
580	0.3931	0.3929	0.3939	1.22	1.219	1.217
600	0.3713	0.3706	0.3715	1.233	1.231	1.229
620	0.3507	0.3497	0.3506	1.244	1.243	1.241
640	0.3312	0.3302	0.3311	1.254	1.253	1.251
660	0.3127	0.3121	0.3128	1.262	1.262	1.26
680	0.2952	0.2951	0.2958	1.27	1.27	1.268
700	0.279	0.2793	0.2799	1.276	1.278	1.275
720	0.2639	0.2644	0.265	1.283	1.284	1.282
740	0.25	0.2505	0.2511	1.289	1.29	1.288
760	0.2373	0.2375	0.238	1.295	1.295	1.293
780	0.2254	0.2253	0.2258	1.301	1.3	1.298
800	0.2143	0.2139	0.2143	1.306	1.304	1.302
850	0.1888	0.1883	0.1887	1.314	1.312	1.31
900	0.1664	0.1665	0.1668	1.318	1.318	1.316
950	0.1473	0.1478	0.148	1.32	1.322	1.32
1000	0.1316	0.1316	0.1318	1.324	1.324	1.322
1041	0.1204	0.12	0.1202	1.327	1.325	1.323
1050	0.1181	0.1177	0.1178	1.328	1.325	1.323
1100	0.1058	0.1055	0.1057	1.327	1.325	1.323
1150	0.09481	0.09495	0.09509	1.323	1.323	1.322
1200	0.0853	0.08568	0.08579	1.319	1.321	1.32
1250	0.07736	0.07756	0.07764	1.317	1.319	1.317
1253.6	0.07684	0.07702	0.0771	1.317	1.319	1.317
1300	0.07051	0.07039	0.07046	1.316	1.315	1.314
1350	0.06424	0.06403	0.06409	1.314	1.312	1.31
1400	0.05841	0.0584	0.05845	1.308	1.307	1.306
1450	0.05316	0.05338	0.05343	1.3	1.303	1.301
1486.6	0.04979	0.05006	0.05009	1.295	1.299	1.298
1500	0.04866	0.04891	0.04894	1.294	1.298	1.296
