30	13.87	13.86	11.85	1.775	1.775	1.691
35	7.656	7.674	6.385	1.987	1.987	1.923
40	4.539	4.538	3.65	1.91	1.909	1.908
40.81	4.194	4.191	3.351	1.886	1.885	1.895
45	2.857	2.847	2.208	1.728	1.728	1.786
50	1.904	1.897	1.421	1.486	1.486	1.58
55	1.34	1.338	0.9736	1.211	1.212	1.314
60	0.9916	0.9937	0.7081	0.9293	0.9316	1.012
65	0.769	0.772	0.5441	0.661	0.6625	0.7059
70	0.6222	0.6244	0.4397	0.4233	0.4222	0.4262
75	0.5225	0.5235	0.3716	0.2275	0.2238	0.1974
80	0.4529	0.4527	0.3262	0.07904	0.07453	0.03251
85	0.4028	0.4018	0.2953	-0.02221	-0.02559	-0.06887
90	0.3656	0.364	0.2735	-0.08054	-0.08202	-0.1161
95	0.3369	0.3352	0.2576	-0.103	-0.1031	-0.1222
100	0.3139	0.3125	0.2455	-0.09754	-0.09736	-0.09936
105	0.295	0.2941	0.2358	-0.07198	-0.07231	-0.05761
110	0.279	0.2788	0.2278	-0.03281	-0.03382	-0.004088
115	0.2653	0.2658	0.221	0.01501	0.01375	0.05622
120	0.2534	0.2546	0.215	0.068	0.06716	0.1199
125	0.2432	0.2447	0.2095	0.1238	0.124	0.1847
130	0.2343	0.2358	0.2045	0.181	0.1824	0.2489
132.3	0.2307	0.2321	0.2023	0.2074	0.2094	0.278
135	0.2266	0.2279	0.1998	0.2385	0.2411	0.3115
140	0.2198	0.2206	0.1954	0.2956	0.2988	0.3716
145	0.2137	0.2138	0.1911	0.3518	0.355	0.429
150	0.208	0.2075	0.187	0.4065	0.4091	0.4832
151.4	0.2064	0.2058	0.1859	0.4215	0.4238	0.4979
155	0.2026	0.2016	0.183	0.4593	0.4608	0.5344
160	0.1973	0.196	0.1792	0.5099	0.51	0.5825
165	0.192	0.1908	0.1754	0.5579	0.5568	0.6277
170	0.1869	0.1858	0.1718	0.6032	0.6011	0.6703
175	0.1817	0.181	0.1682	0.6458	0.6433	0.7104
180	0.1767	0.1765	0.1648	0.6859	0.6833	0.7483
185	0.1719	0.1721	0.1614	0.7236	0.7214	0.7842
190	0.1674	0.168	0.1581	0.7591	0.7578	0.8181
195	0.1631	0.1641	0.1549	0.7928	0.7925	0.8504
200	0.1592	0.1603	0.1518	0.8249	0.8255	0.881
205	0.1556	0.1566	0.1488	0.8556	0.8571	0.91
210	0.1522	0.1531	0.1458	0.8851	0.8872	0.9377
215	0.1492	0.1497	0.1429	0.9135	0.9158	0.9639
220	0.1463	0.1464	0.1401	0.9408	0.9432	0.9889
225	0.1435	0.1432	0.1374	0.9672	0.9692	1.013
230	0.1408	0.1401	0.1347	0.9924	0.9939	1.035
235	0.1381	0.1372	0.1321	1.017	1.017	1.056
240	0.1354	0.1343	0.1296	1.04	1.04	1.077
245	0.1327	0.1315	0.1271	1.062	1.061	1.096
250	0.1299	0.1288	0.1247	1.083	1.082	1.115
255	0.1271	0.1262	0.1224	1.103	1.101	1.132
260	0.1243	0.1237	0.1202	1.121	1.12	1.149
265	0.1215	0.1213	0.118	1.139	1.138	1.166
270	0.1188	0.1189	0.1158	1.156	1.155	1.181
275	0.1162	0.1167	0.1138	1.172	1.171	1.196
280	0.1138	0.1145	0.1117	1.188	1.187	1.21
285	0.1115	0.1123	0.1098	1.203	1.203	1.224
290	0.1094	0.1103	0.1078	1.217	1.217	1.237
295	0.1074	0.1083	0.106	1.231	1.232	1.25
300	0.1056	0.1063	0.1041	1.244	1.245	1.263
305	0.1039	0.1044	0.1023	1.257	1.258	1.275
310	0.1023	0.1026	0.1006	1.27	1.271	1.286
315	0.1008	0.1007	0.09891	1.282	1.283	1.297
320	0.09933	0.09899	0.09725	1.294	1.295	1.308
325	0.09786	0.09727	0.09564	1.306	1.307	1.318
340	0.09335	0.09237	0.09102	1.338	1.338	1.347
360	0.0869	0.08642	0.08539	1.376	1.376	1.381
380	0.08063	0.08109	0.08027	1.409	1.409	1.41
400	0.07549	0.07629	0.07561	1.438	1.438	1.437
420	0.07161	0.0719	0.07133	1.464	1.464	1.461
440	0.06829	0.06786	0.06741	1.487	1.487	1.482
460	0.06478	0.06414	0.06381	1.508	1.508	1.501
480	0.06095	0.06074	0.0605	1.526	1.526	1.518
500	0.05724	0.05763	0.05744	1.542	1.543	1.533
520	0.05415	0.05478	0.05462	1.558	1.558	1.547
540	0.0518	0.05213	0.05199	1.573	1.572	1.56
560	0.04986	0.04966	0.04955	1.586	1.585	1.572
580	0.04788	0.04734	0.04728	1.597	1.596	1.583
600	0.04562	0.04519	0.04517	1.606	1.607	1.593
620	0.04319	0.04319	0.04319	1.615	1.617	1.602
640	0.04093	0.04133	0.04135	1.624	1.625	1.61
660	0.03908	0.0396	0.03962	1.633	1.634	1.618
680	0.03769	0.03798	0.03799	1.642	1.641	1.625
700	0.03656	0.03645	0.03647	1.65	1.648	1.631
720	0.03543	0.03499	0.03503	1.656	1.655	1.637
740	0.0341	0.03362	0.03368	1.661	1.66	1.643
760	0.03258	0.03233	0.0324	1.665	1.666	1.648
780	0.03102	0.03112	0.0312	1.669	1.671	1.653
800	0.02963	0.02999	0.03006	1.674	1.676	1.657
850	0.02732	0.02741	0.02747	1.688	1.686	1.667
900	0.02547	0.02511	0.02519	1.696	1.695	1.676
950	0.023	0.0231	0.02319	1.7	1.702	1.683
1000	0.02111	0.02133	0.0214	1.708	1.708	1.688
1041	0.0202	0.02002	0.02009	1.715	1.712	1.693
1050	0.02	0.01974	0.01982	1.716	1.713	1.693
1100	0.01852	0.01831	0.01839	1.717	1.717	1.697
1150	0.01681	0.01704	0.01712	1.716	1.72	1.701
1200	0.01577	0.0159	0.01596	1.723	1.723	1.703
1250	0.01514	0.01485	0.01492	1.729	1.724	1.705
1253.6	0.01509	0.01478	0.01485	1.729	1.725	1.705
1300	0.01411	0.0139	0.01397	1.727	1.726	1.707
1350	0.01284	0.01304	0.01311	1.722	1.727	1.708
1400	0.01203	0.01226	0.01232	1.725	1.728	1.709
1450	0.01164	0.01155	0.0116	1.732	1.728	1.71
1486.6	0.01127	0.01105	0.01111	1.733	1.728	1.71
1500	0.01108	0.01088	0.01093	1.732	1.728	1.71
