15	12.93	12.92	11.72	0.07492	0.07321	0.1539
16.71	16.64	16.64	15.67	-0.09633	-0.09662	0.005795
20	24.63	24.68	23.95	-0.06146	-0.05878	0.03839
21.22	27.49	27.53	26.83	-0.008624	-0.006284	0.08289
25	33.55	33.52	32.91	0.1774	0.1768	0.2398
26.86	34.21	34.18	33.61	0.266	0.2647	0.3165
30	32.11	32.12	31.62	0.4038	0.4027	0.4385
35	24.99	25.03	24.64	0.5958	0.5961	0.6131
40	18.24	18.23	17.94	0.7634	0.7635	0.7676
40.81	17.31	17.29	17.01	0.7887	0.7888	0.7912
45	13.2	13.17	12.95	0.9124	0.9124	0.9074
50	9.595	9.591	9.419	1.047	1.048	1.036
55	7.029	7.043	6.908	1.172	1.173	1.157
60	5.203	5.213	5.104	1.289	1.29	1.27
65	3.891	3.887	3.799	1.399	1.398	1.377
70	2.933	2.921	2.851	1.501	1.5	1.478
75	2.223	2.214	2.158	1.594	1.593	1.572
80	1.695	1.695	1.648	1.679	1.68	1.659
85	1.304	1.309	1.27	1.757	1.758	1.739
90	1.015	1.021	0.9876	1.827	1.828	1.811
95	0.7997	0.8025	0.7742	1.887	1.888	1.873
100	0.6371	0.6357	0.6115	1.936	1.936	1.925
105	0.5109	0.5071	0.4864	1.971	1.971	1.964
110	0.411	0.4073	0.3896	1.99	1.99	1.987
115	0.3312	0.3295	0.3143	1.991	1.991	1.991
120	0.2681	0.2687	0.2555	1.97	1.97	1.973
125	0.2188	0.221	0.2094	1.924	1.924	1.93
130	0.181	0.1835	0.1733	1.85	1.851	1.857
132.3	0.1668	0.169	0.1594	1.806	1.807	1.813
135	0.1522	0.1539	0.1449	1.748	1.748	1.753
140	0.1301	0.1306	0.1227	1.617	1.614	1.616
145	0.1129	0.1123	0.1053	1.459	1.451	1.448
150	0.09917	0.09784	0.09171	1.275	1.262	1.253
151.4	0.09581	0.09439	0.08848	1.219	1.205	1.194
155	0.088	0.08653	0.08116	1.067	1.054	1.037
160	0.07889	0.07774	0.07303	0.8427	0.8337	0.8087
165	0.07157	0.07095	0.06681	0.6114	0.6116	0.5794
170	0.06584	0.06578	0.06212	0.3863	0.397	0.3589
175	0.06153	0.06189	0.05865	0.1807	0.1981	0.1562
180	0.05844	0.05903	0.05615	0.0039	0.02144	-0.02194
185	0.05634	0.05697	0.05442	-0.1407	-0.1292	-0.1716
190	0.05504	0.05556	0.0533	-0.2545	-0.2521	-0.2913
195	0.05433	0.05466	0.05266	-0.3418	-0.3476	-0.3821
200	0.05406	0.05415	0.05239	-0.4071	-0.4175	-0.4463
205	0.05411	0.05396	0.05241	-0.4537	-0.4645	-0.4872
210	0.05436	0.054	0.05265	-0.4835	-0.4915	-0.5085
215	0.05474	0.05422	0.05305	-0.4979	-0.5019	-0.5135
220	0.05517	0.05457	0.05356	-0.498	-0.4989	-0.5058
225	0.05561	0.05502	0.05416	-0.4856	-0.4853	-0.488
230	0.05602	0.05553	0.05481	-0.4634	-0.4634	-0.4626
235	0.05638	0.05609	0.05548	-0.434	-0.4355	-0.4316
240	0.05672	0.05667	0.05617	-0.4003	-0.403	-0.3966
245	0.05705	0.05727	0.05686	-0.3643	-0.3673	-0.3588
250	0.05742	0.05786	0.05753	-0.3273	-0.3294	-0.3192
255	0.05787	0.05844	0.05817	-0.29	-0.2902	-0.2786
260	0.05841	0.059	0.05879	-0.2524	-0.2501	-0.2376
265	0.05906	0.05953	0.05938	-0.2142	-0.2097	-0.1965
270	0.05978	0.06003	0.05993	-0.1752	-0.1693	-0.1557
275	0.06053	0.0605	0.06045	-0.1354	-0.1294	-0.1156
280	0.06125	0.06092	0.06092	-0.0949	-0.09002	-0.0762
285	0.06189	0.06131	0.06135	-0.0541	-0.0515	-0.03771
290	0.06238	0.06165	0.06174	-0.0136	-0.01388	-0.0001831
295	0.06271	0.06195	0.06209	0.02587	0.02271	0.03628
300	0.06287	0.06222	0.0624	0.06373	0.05827	0.07169
305	0.06288	0.06245	0.06267	0.09948	0.09273	0.106
310	0.06277	0.06265	0.0629	0.1329	0.1261	0.1392
320	0.06247	0.06296	0.06325	0.1934	0.1898	0.2022
340	0.06269	0.0632	0.06352	0.3001	0.3051	0.3159
360	0.06359	0.06295	0.06332	0.4037	0.4058	0.4146
380	0.06283	0.06232	0.06275	0.4976	0.4933	0.5007
400	0.06081	0.06145	0.06189	0.5724	0.5703	0.5764
420	0.05981	0.06039	0.0608	0.636	0.6385	0.6433
440	0.05963	0.05913	0.05953	0.6976	0.6993	0.7028
460	0.05833	0.0577	0.05814	0.7544	0.7533	0.7558
480	0.05585	0.05622	0.05665	0.8027	0.8015	0.8032
500	0.05395	0.05471	0.05511	0.8447	0.8449	0.8459
520	0.05321	0.05317	0.05354	0.8839	0.8841	0.8843
540	0.05233	0.05158	0.05196	0.9197	0.9196	0.9192
560	0.05032	0.05	0.05038	0.9513	0.952	0.9511
580	0.04792	0.04846	0.04882	0.9806	0.9816	0.9801
600	0.04635	0.04695	0.04729	1.009	1.009	1.007
620	0.04562	0.04547	0.04578	1.036	1.034	1.031
640	0.04466	0.044	0.04431	1.057	1.056	1.054
660	0.04284	0.04256	0.04288	1.075	1.077	1.075
680	0.04073	0.04119	0.04149	1.094	1.097	1.094
700	0.03923	0.03988	0.04015	1.115	1.115	1.112
720	0.03852	0.0386	0.03885	1.135	1.132	1.128
740	0.03788	0.03735	0.0376	1.151	1.147	1.143
760	0.03664	0.03613	0.03638	1.161	1.161	1.158
780	0.0349	0.03496	0.03521	1.17	1.175	1.171
800	0.03332	0.03385	0.03408	1.184	1.188	1.184
850	0.03165	0.03124	0.03143	1.221	1.215	1.211
900	0.0287	0.02883	0.02902	1.232	1.239	1.235
950	0.02647	0.02667	0.02683	1.263	1.259	1.255
1000	0.0251	0.02468	0.02484	1.278	1.276	1.272
1041	0.02285	0.0232	0.02334	1.28	1.288	1.284
1050	0.02247	0.02289	0.02303	1.284	1.291	1.286
1100	0.02155	0.02127	0.02139	1.313	1.303	1.299
1150	0.0199	0.01976	0.01989	1.31	1.314	1.31
1200	0.01804	0.01841	0.01852	1.318	1.324	1.319
1250	0.0175	0.01717	0.01726	1.343	1.331	1.327
1253.6	0.01744	0.01709	0.01718	1.343	1.332	1.328
1300	0.01602	0.01603	0.01612	1.332	1.338	1.334
1350	0.01474	0.01499	0.01507	1.34	1.344	1.34
1400	0.01438	0.01403	0.01411	1.363	1.349	1.345
1450	0.01314	0.01315	0.01322	1.345	1.353	1.349
1486.6	0.0122	0.01255	0.01261	1.339	1.356	1.351
1500	0.01201	0.01234	0.0124	1.344	1.356	1.352
