10.2	11.45	11.45	10.82	0.09599	0.09587	0.261
15	8.59	8.592	8.216	0.4335	0.4336	0.4978
16.7	7.064	7.065	6.762	0.5385	0.5385	0.5814
20	4.759	4.759	4.556	0.7167	0.7168	0.7308
21.2	4.143	4.142	3.965	0.7746	0.7746	0.7812
25	2.75	2.749	2.631	0.9391	0.9391	0.9286
26.8	2.3	2.298	2.199	1.009	1.009	0.9928
30	1.705	1.705	1.63	1.123	1.123	1.1
35	1.11	1.11	1.059	1.282	1.282	1.251
40	0.748	0.7477	0.7125	1.419	1.419	1.386
40.8	0.7042	0.7039	0.6705	1.44	1.44	1.406
45	0.5191	0.5189	0.4934	1.539	1.539	1.506
50	0.3704	0.3702	0.3513	1.643	1.643	1.611
55	0.271	0.271	0.2564	1.732	1.732	1.703
60	0.2027	0.2027	0.1914	1.808	1.808	1.783
65	0.1544	0.1545	0.1454	1.871	1.871	1.85
70	0.1195	0.1195	0.1122	1.922	1.922	1.905
75	0.09367	0.09369	0.08767	1.959	1.959	1.947
80	0.07426	0.07425	0.06927	1.984	1.984	1.976
85	0.05948	0.05944	0.05529	1.994	1.994	1.991
90	0.0481	0.04806	0.04456	1.99	1.99	1.99
95	0.03925	0.03923	0.03627	1.97	1.97	1.973
100	0.03233	0.03232	0.0298	1.934	1.934	1.939
105	0.02689	0.02689	0.02473	1.881	1.881	1.886
110	0.02258	0.02258	0.02072	1.812	1.811	1.816
115	0.01914	0.01914	0.01753	1.725	1.725	1.727
120	0.01638	0.01638	0.01498	1.623	1.623	1.62
125	0.01415	0.01416	0.01294	1.505	1.505	1.496
130	0.01236	0.01236	0.01129	1.375	1.375	1.358
132.3	0.01165	0.01165	0.01065	1.311	1.311	1.291
135	0.0109	0.0109	0.009963	1.234	1.233	1.209
140	0.009704	0.009707	0.008882	1.085	1.085	1.052
145	0.008723	0.008729	0.008002	0.932	0.932	0.8907
150	0.007917	0.007925	0.007283	0.7785	0.7784	0.7295
151.4	0.007719	0.007726	0.007106	0.7358	0.7357	0.6849
155	0.007256	0.007262	0.006695	0.6276	0.6275	0.5721
160	0.006708	0.006714	0.006212	0.4822	0.4822	0.4218
165	0.006252	0.00626	0.005815	0.3447	0.3452	0.2816
170	0.005872	0.005883	0.005488	0.2179	0.2186	0.1535
175	0.005558	0.00557	0.005219	0.1035	0.104	0.03916
180	0.005297	0.005308	0.004997	0.002369	0.002235	-0.06073
185	0.00508	0.00509	0.004813	-0.08546	-0.08618	-0.146
190	0.004898	0.004907	0.004661	-0.1601	-0.1613	-0.2169
195	0.004745	0.004753	0.004536	-0.2221	-0.2235	-0.2741
200	0.004617	0.004624	0.004431	-0.272	-0.2736	-0.3188
205	0.004509	0.004515	0.004345	-0.3107	-0.3124	-0.3519
210	0.004418	0.004422	0.004272	-0.3394	-0.341	-0.3748
215	0.004341	0.004343	0.004211	-0.359	-0.3605	-0.3887
220	0.004275	0.004276	0.00416	-0.3707	-0.3719	-0.3948
225	0.004218	0.004218	0.004117	-0.3754	-0.3763	-0.3942
230	0.004168	0.004167	0.004079	-0.374	-0.3745	-0.3878
235	0.004124	0.004123	0.004048	-0.3673	-0.3675	-0.3766
240	0.004085	0.004085	0.00402	-0.356	-0.3561	-0.3613
245	0.00405	0.004051	0.003996	-0.3409	-0.341	-0.3427
250	0.004019	0.00402	0.003975	-0.3226	-0.3226	-0.3214
255	0.003991	0.003993	0.003955	-0.3019	-0.3018	-0.2979
260	0.003966	0.003968	0.003938	-0.2791	-0.279	-0.2727
265	0.003942	0.003945	0.003921	-0.2547	-0.2545	-0.2462
270	0.003921	0.003923	0.003906	-0.229	-0.2287	-0.2187
275	0.003901	0.003903	0.003891	-0.2025	-0.202	-0.1906
280	0.003883	0.003883	0.003876	-0.1753	-0.1747	-0.1621
285	0.003866	0.003864	0.003862	-0.1476	-0.1469	-0.1333
290	0.003849	0.003846	0.003847	-0.1197	-0.1189	-0.1045
295	0.003833	0.003828	0.003833	-0.09161	-0.0909	-0.07587
300	0.003817	0.003809	0.003818	-0.06345	-0.06288	-0.04735
305	0.0038	0.003791	0.003803	-0.03535	-0.035	-0.01912
320	0.003746	0.003737	0.003757	0.04721	0.04674	0.06311
340	0.003663	0.003662	0.00369	0.1506	0.15	0.1661
360	0.003582	0.003585	0.003618	0.2453	0.2457	0.2608
380	0.003511	0.003505	0.003541	0.3323	0.3331	0.3467
400	0.003436	0.003422	0.00346	0.4129	0.4124	0.4245
420	0.003341	0.003337	0.003376	0.4858	0.4843	0.495
440	0.003239	0.003251	0.003291	0.5502	0.5497	0.559
460	0.003158	0.003164	0.003203	0.6085	0.6094	0.6173
480	0.003091	0.003077	0.003116	0.6634	0.6637	0.6703
500	0.003002	0.002989	0.003028	0.7144	0.7132	0.7186
520	0.002888	0.002903	0.002941	0.7596	0.7585	0.7628
540	0.002794	0.002818	0.002854	0.7997	0.8	0.8033
560	0.002735	0.002735	0.00277	0.8377	0.8382	0.8406
580	0.002666	0.002654	0.002687	0.8735	0.8734	0.875
600	0.002571	0.002574	0.002607	0.9062	0.906	0.9068
620	0.002478	0.002497	0.002529	0.9361	0.936	0.9362
640	0.002406	0.002423	0.002453	0.964	0.9639	0.9634
660	0.002347	0.002351	0.002379	0.99	0.9898	0.9888
680	0.002285	0.002281	0.002308	1.014	1.014	1.012
700	0.002215	0.002213	0.002239	1.036	1.036	1.034
720	0.002143	0.002147	0.002172	1.057	1.058	1.055
740	0.002077	0.002083	0.002107	1.077	1.077	1.074
760	0.002019	0.002022	0.002045	1.096	1.096	1.092
780	0.001965	0.001963	0.001984	1.113	1.113	1.109
800	0.00191	0.001905	0.001926	1.129	1.129	1.125
850	0.00177	0.00177	0.001789	1.165	1.165	1.161
900	0.001647	0.001647	0.001664	1.197	1.196	1.191
950	0.001539	0.001534	0.00155	1.224	1.223	1.218
1000	0.001434	0.001431	0.001446	1.247	1.247	1.241
1041	0.001356	0.001354	0.001367	1.264	1.264	1.258
1050	0.00134	0.001337	0.00135	1.268	1.268	1.262
1100	0.001253	0.001251	0.001263	1.285	1.286	1.28
1150	0.00117	0.001172	0.001183	1.3	1.301	1.295
1200	0.001097	0.001099	0.001109	1.315	1.315	1.309
1250	0.001033	0.001033	0.001042	1.328	1.328	1.321
1253.6	0.001028	0.001028	0.001037	1.329	1.328	1.322
1300	0.0009732	0.0009713	0.0009797	1.339	1.338	1.332
1350	0.0009173	0.0009146	0.0009223	1.349	1.348	1.341
1400	0.0008647	0.0008622	0.0008694	1.357	1.356	1.35
1450	0.0008144	0.000814	0.0008207	1.363	1.364	1.357
1486.6	0.0007798	0.0007809	0.0007872	1.367	1.369	1.362
1500	0.0007679	0.0007693	0.0007755	1.369	1.37	1.364
