
ELEMENT:
                                      K 

SOURCE:
                           Tanuma, Powell and Penn
                               Unpublished data
       IMFP values determined from optical data and a theoretical model
                                       

ATOMIC WEIGHT:                39.09830

DENSITY:                       0.8900 g/cm**3

TABULATION:

______________________________________________________________________________

                    Energy                         IMFP
                      eV                        Angstroms
______________________________________________________________________________
                      50.0                         7.25
                      54.9                         7.46
                      59.8                         7.69
                      64.6                         7.94
                      69.5                         8.20
                      74.4                         8.47
                      79.3                         8.74
                      84.1                         9.02
                      89.0                         9.30
                      93.9                         9.58
                      98.8                         9.87
                     103.6                        10.15
                     108.5                        10.43
                     113.4                        10.72
                     118.3                        11.00
                     123.1                        11.29
                     128.0                        11.57
                     132.9                        11.85
                     137.8                        12.13
                     142.6                        12.41
                     147.5                        12.69
                     152.4                        12.97
                     157.3                        13.25
                     162.1                        13.53
                     167.0                        13.81
                     171.9                        14.09
                     176.8                        14.36
                     181.6                        14.64
                     186.5                        14.91
                     191.4                        15.18
                     196.3                        15.46
                     201.1                        15.73
                     206.0                        16.00
                     210.9                        16.27
                     215.8                        16.54
                     220.6                        16.81
                     225.5                        17.07
                     230.4                        17.34
                     235.3                        17.61
                     240.1                        17.87
                     245.0                        18.14
                     249.9                        18.40
                     254.8                        18.67
                     259.6                        18.93
                     264.5                        19.19
                     269.4                        19.45
                     274.3                        19.71
                     279.1                        19.98
                     284.0                        20.24
                     288.9                        20.49
                     293.8                        20.75
                     298.6                        21.01
                     303.5                        21.27
                     308.4                        21.53
                     313.3                        21.78
                     318.1                        22.04
                     323.0                        22.29
                     327.9                        22.55
                     332.8                        22.80
                     337.6                        23.06
                     342.5                        23.31
                     347.4                        23.56
                     352.3                        23.81
                     357.1                        24.07
                     362.0                        24.32
                     366.9                        24.57
                     371.8                        24.82
                     376.6                        25.07
                     381.5                        25.32
                     386.4                        25.57
                     391.3                        25.82
                     396.1                        26.06
                     401.0                        26.31
                     405.9                        26.56
                     410.8                        26.81
                     415.6                        27.05
                     420.5                        27.30
                     425.4                        27.54
                     430.3                        27.79
                     435.1                        28.03
                     440.0                        28.28
                     444.9                        28.52
                     449.8                        28.77
                     454.6                        29.01
                     459.5                        29.25
                     464.4                        29.50
                     469.3                        29.74
                     474.1                        29.98
                     479.0                        30.22
                     483.9                        30.46
                     488.8                        30.71
                     493.6                        30.95
                     498.5                        31.19
                     503.4                        31.43
                     508.3                        31.67
                     513.1                        31.90
                     518.0                        32.14
                     522.9                        32.38
                     527.8                        32.62
                     532.6                        32.86
                     537.5                        33.10
                     542.4                        33.33
                     547.3                        33.57
                     552.1                        33.81
                     557.0                        34.05
                     561.9                        34.28
                     566.8                        34.52
                     571.6                        34.75
                     576.5                        34.99
                     581.4                        35.22
                     586.3                        35.46
                     591.1                        35.69
                     596.0                        35.93
                     600.9                        36.16
                     605.8                        36.40
                     610.6                        36.63
                     615.5                        36.86
                     620.4                        37.10
                     625.3                        37.33
                     630.1                        37.56
                     635.0                        37.79
                     639.9                        38.03
                     644.8                        38.26
                     649.6                        38.49
                     654.5                        38.72
                     659.4                        38.95
                     664.3                        39.18
                     669.1                        39.41
                     674.0                        39.64
                     678.9                        39.87
                     683.8                        40.10
                     688.6                        40.33
                     693.5                        40.56
                     698.4                        40.79
                     703.3                        41.02
                     708.1                        41.25
                     713.0                        41.48
                     717.9                        41.71
                     722.8                        41.94
                     727.6                        42.16
                     732.5                        42.39
                     737.4                        42.62
                     742.3                        42.85
                     747.1                        43.07
                     752.0                        43.30
                     756.9                        43.53
                     761.8                        43.75
                     766.6                        43.98
                     771.5                        44.21
                     776.4                        44.43
                     781.3                        44.66
                     786.1                        44.88
                     791.0                        45.11
                     795.9                        45.33
                     800.8                        45.56
                     805.6                        45.78
                     810.5                        46.01
                     815.4                        46.23
                     820.3                        46.46
                     825.1                        46.68
                     830.0                        46.91
                     834.9                        47.13
                     839.8                        47.35
                     844.6                        47.58
                     849.5                        47.80
                     854.4                        48.02
                     859.3                        48.25
                     864.1                        48.47
                     869.0                        48.69
                     873.9                        48.91
                     878.8                        49.14
                     883.6                        49.36
                     888.5                        49.58
                     893.4                        49.80
                     898.3                        50.02
                     903.1                        50.24
                     908.0                        50.46
                     912.9                        50.69
                     917.8                        50.91
                     922.6                        51.13
                     927.5                        51.35
                     932.4                        51.57
                     937.3                        51.79
                     942.1                        52.01
                     947.0                        52.23
                     951.9                        52.45
                     956.8                        52.67
                     961.6                        52.89
                     966.5                        53.11
                     971.4                        53.33
                     976.3                        53.55
                     981.1                        53.76
                     986.0                        53.98
                     990.9                        54.20
                     995.8                        54.42
                    1000.6                        54.64
                    1005.5                        54.86
                    1010.4                        55.07
                    1015.3                        55.29
                    1020.1                        55.51
                    1025.0                        55.73
                    1029.9                        55.95
                    1034.8                        56.16
                    1039.6                        56.38
                    1044.5                        56.60
                    1049.4                        56.81
                    1054.3                        57.03
                    1059.1                        57.25
                    1064.0                        57.46
                    1068.9                        57.68
                    1073.8                        57.90
                    1078.6                        58.11
                    1083.5                        58.33
                    1088.4                        58.55
                    1093.3                        58.76
                    1098.1                        58.98
                    1103.0                        59.19
                    1107.9                        59.41
                    1112.8                        59.62
                    1117.6                        59.84
                    1122.5                        60.05
                    1127.4                        60.27
                    1132.3                        60.48
                    1137.1                        60.70
                    1142.0                        60.91
                    1146.9                        61.13
                    1151.8                        61.34
                    1156.6                        61.55
                    1161.5                        61.77
                    1166.4                        61.98
                    1171.3                        62.20
                    1176.1                        62.41
                    1181.0                        62.62
                    1185.9                        62.84
                    1190.8                        63.05
                    1195.6                        63.26
                    1200.5                        63.48
                    1205.4                        63.69
                    1210.3                        63.90
                    1215.1                        64.11
                    1220.0                        64.33
                    1224.9                        64.54
                    1229.8                        64.75
                    1234.6                        64.96
                    1239.5                        65.18
                    1244.4                        65.39
                    1249.3                        65.60
                    1254.1                        65.81
                    1259.0                        66.02
                    1263.9                        66.24
                    1268.8                        66.45
                    1273.6                        66.66
                    1278.5                        66.87
                    1283.4                        67.08
                    1288.3                        67.29
                    1293.1                        67.50
                    1298.0                        67.72
                    1302.9                        67.93
                    1307.8                        68.14
                    1312.6                        68.35
                    1317.5                        68.56
                    1322.4                        68.77
                    1327.3                        68.98
                    1332.1                        69.19
                    1337.0                        69.40
                    1341.9                        69.61
                    1346.8                        69.82
                    1351.6                        70.03
                    1356.5                        70.24
                    1361.4                        70.45
                    1366.3                        70.66
                    1371.1                        70.87
                    1376.0                        71.08
                    1380.9                        71.29
                    1385.8                        71.49
                    1390.6                        71.70
                    1395.5                        71.91
                    1400.4                        72.12
                    1405.3                        72.33
                    1410.1                        72.54
                    1415.0                        72.75
                    1419.9                        72.96
                    1424.8                        73.16
                    1429.6                        73.37
                    1434.5                        73.58
                    1439.4                        73.79
                    1444.3                        74.00
                    1449.1                        74.20
                    1454.0                        74.41
                    1458.9                        74.62
                    1463.8                        74.83
                    1468.6                        75.04
                    1473.5                        75.24
                    1478.4                        75.45
                    1483.3                        75.66
                    1488.1                        75.86
                    1493.0                        76.07
                    1497.9                        76.28
                    1502.8                        76.49
                    1507.6                        76.69
                    1512.5                        76.90
                    1517.4                        77.11
                    1522.3                        77.31
                    1527.1                        77.52
                    1532.0                        77.73
                    1536.9                        77.93
                    1541.8                        78.14
                    1546.6                        78.34
                    1551.5                        78.55
                    1556.4                        78.76
                    1561.3                        78.96
                    1566.1                        79.17
                    1571.0                        79.37
                    1575.9                        79.58
                    1580.8                        79.79
                    1585.6                        79.99
                    1590.5                        80.20
                    1595.4                        80.40
                    1600.3                        80.61
                    1605.1                        80.81
                    1610.0                        81.02
                    1614.9                        81.22
                    1619.8                        81.43
                    1624.6                        81.63
                    1629.5                        81.84
                    1634.4                        82.04
                    1639.3                        82.25
                    1644.1                        82.45
                    1649.0                        82.66
                    1653.9                        82.86
                    1658.8                        83.06
                    1663.6                        83.27
                    1668.5                        83.47
                    1673.4                        83.68
                    1678.3                        83.88
                    1683.1                        84.08
                    1688.0                        84.29
                    1692.9                        84.49
                    1697.8                        84.70
                    1702.6                        84.90
                    1707.5                        85.10
                    1712.4                        85.31
                    1717.3                        85.51
                    1722.1                        85.71
                    1727.0                        85.92
                    1731.9                        86.12
                    1736.8                        86.32
                    1741.6                        86.53
                    1746.5                        86.73
                    1751.4                        86.93
                    1756.3                        87.13
                    1761.1                        87.34
                    1766.0                        87.54
                    1770.9                        87.74
                    1775.8                        87.95
                    1780.6                        88.15
                    1785.5                        88.35
                    1790.4                        88.55
                    1795.3                        88.75
                    1800.1                        88.96
                    1805.0                        89.16
                    1809.9                        89.36
                    1814.8                        89.56
                    1819.6                        89.77
                    1824.5                        89.97
                    1829.4                        90.17
                    1834.3                        90.37
                    1839.1                        90.57
                    1844.0                        90.77
                    1848.9                        90.98
                    1853.8                        91.18
                    1858.6                        91.38
                    1863.5                        91.58
                    1868.4                        91.78
                    1873.3                        91.98
                    1878.1                        92.18
                    1883.0                        92.38
                    1887.9                        92.59
                    1892.8                        92.79
                    1897.6                        92.99
                    1902.5                        93.19
                    1907.4                        93.39
                    1912.3                        93.59
                    1917.1                        93.79
                    1922.0                        93.99
                    1926.9                        94.19
                    1931.8                        94.39
                    1936.6                        94.59
                    1941.5                        94.79
                    1946.4                        94.99
                    1951.3                        95.19
                    1956.1                        95.39
                    1961.0                        95.59
                    1965.9                        95.79
                    1970.8                        95.99
                    1975.6                        96.19
                    1980.5                        96.39
                    1985.4                        96.59
                    1990.3                        96.79
                    1995.1                        96.99
                    2000.0                        97.19
