
ELEMENT:
                                      Cu

SOURCE:
                           Tanuma, Powell and Penn
                    Surface Interface Anal. 17 (1991) 911.
       IMFP values determined from optical data and a theoretical model
                                       

ATOMIC WEIGHT:                63.54600

DENSITY:                       8.9600 g/cm**3

TABULATION:

______________________________________________________________________________

                    Energy                         IMFP
                      eV                        Angstroms
______________________________________________________________________________
                      50.0                         4.88
                      54.9                         4.93
                      59.8                         4.92
                      64.6                         4.91
                      69.5                         4.89
                      74.4                         4.88
                      79.3                         4.87
                      84.1                         4.88
                      89.0                         4.89
                      93.9                         4.91
                      98.8                         4.94
                     103.6                         4.97
                     108.5                         5.01
                     113.4                         5.05
                     118.3                         5.09
                     123.1                         5.14
                     128.0                         5.19
                     132.9                         5.24
                     137.8                         5.30
                     142.6                         5.35
                     147.5                         5.41
                     152.4                         5.47
                     157.3                         5.53
                     162.1                         5.59
                     167.0                         5.65
                     171.9                         5.71
                     176.8                         5.78
                     181.6                         5.84
                     186.5                         5.91
                     191.4                         5.97
                     196.3                         6.04
                     201.1                         6.10
                     206.0                         6.17
                     210.9                         6.23
                     215.8                         6.30
                     220.6                         6.37
                     225.5                         6.43
                     230.4                         6.50
                     235.3                         6.57
                     240.1                         6.63
                     245.0                         6.70
                     249.9                         6.77
                     254.8                         6.84
                     259.6                         6.90
                     264.5                         6.97
                     269.4                         7.04
                     274.3                         7.10
                     279.1                         7.17
                     284.0                         7.24
                     288.9                         7.31
                     293.8                         7.37
                     298.6                         7.44
                     303.5                         7.51
                     308.4                         7.57
                     313.3                         7.64
                     318.1                         7.71
                     323.0                         7.78
                     327.9                         7.84
                     332.8                         7.91
                     337.6                         7.98
                     342.5                         8.04
                     347.4                         8.11
                     352.3                         8.18
                     357.1                         8.24
                     362.0                         8.31
                     366.9                         8.37
                     371.8                         8.44
                     376.6                         8.51
                     381.5                         8.57
                     386.4                         8.64
                     391.3                         8.70
                     396.1                         8.77
                     401.0                         8.84
                     405.9                         8.90
                     410.8                         8.97
                     415.6                         9.03
                     420.5                         9.10
                     425.4                         9.16
                     430.3                         9.23
                     435.1                         9.29
                     440.0                         9.36
                     444.9                         9.42
                     449.8                         9.49
                     454.6                         9.55
                     459.5                         9.62
                     464.4                         9.68
                     469.3                         9.75
                     474.1                         9.81
                     479.0                         9.87
                     483.9                         9.94
                     488.8                        10.00
                     493.6                        10.07
                     498.5                        10.13
                     503.4                        10.19
                     508.3                        10.26
                     513.1                        10.32
                     518.0                        10.39
                     522.9                        10.45
                     527.8                        10.51
                     532.6                        10.58
                     537.5                        10.64
                     542.4                        10.70
                     547.3                        10.77
                     552.1                        10.83
                     557.0                        10.89
                     561.9                        10.96
                     566.8                        11.02
                     571.6                        11.08
                     576.5                        11.14
                     581.4                        11.21
                     586.3                        11.27
                     591.1                        11.33
                     596.0                        11.39
                     600.9                        11.46
                     605.8                        11.52
                     610.6                        11.58
                     615.5                        11.64
                     620.4                        11.70
                     625.3                        11.77
                     630.1                        11.83
                     635.0                        11.89
                     639.9                        11.95
                     644.8                        12.01
                     649.6                        12.08
                     654.5                        12.14
                     659.4                        12.20
                     664.3                        12.26
                     669.1                        12.32
                     674.0                        12.38
                     678.9                        12.44
                     683.8                        12.51
                     688.6                        12.57
                     693.5                        12.63
                     698.4                        12.69
                     703.3                        12.75
                     708.1                        12.81
                     713.0                        12.87
                     717.9                        12.93
                     722.8                        12.99
                     727.6                        13.05
                     732.5                        13.11
                     737.4                        13.17
                     742.3                        13.23
                     747.1                        13.29
                     752.0                        13.35
                     756.9                        13.41
                     761.8                        13.47
                     766.6                        13.54
                     771.5                        13.60
                     776.4                        13.66
                     781.3                        13.71
                     786.1                        13.77
                     791.0                        13.83
                     795.9                        13.89
                     800.8                        13.95
                     805.6                        14.01
                     810.5                        14.07
                     815.4                        14.13
                     820.3                        14.19
                     825.1                        14.25
                     830.0                        14.31
                     834.9                        14.37
                     839.8                        14.43
                     844.6                        14.49
                     849.5                        14.55
                     854.4                        14.61
                     859.3                        14.67
                     864.1                        14.73
                     869.0                        14.78
                     873.9                        14.84
                     878.8                        14.90
                     883.6                        14.96
                     888.5                        15.02
                     893.4                        15.08
                     898.3                        15.14
                     903.1                        15.20
                     908.0                        15.25
                     912.9                        15.31
                     917.8                        15.37
                     922.6                        15.43
                     927.5                        15.49
                     932.4                        15.55
                     937.3                        15.60
                     942.1                        15.66
                     947.0                        15.72
                     951.9                        15.78
                     956.8                        15.84
                     961.6                        15.89
                     966.5                        15.95
                     971.4                        16.01
                     976.3                        16.07
                     981.1                        16.13
                     986.0                        16.18
                     990.9                        16.24
                     995.8                        16.30
                    1000.6                        16.36
                    1005.5                        16.41
                    1010.4                        16.47
                    1015.3                        16.53
                    1020.1                        16.59
                    1025.0                        16.64
                    1029.9                        16.70
                    1034.8                        16.76
                    1039.6                        16.82
                    1044.5                        16.87
                    1049.4                        16.93
                    1054.3                        16.99
                    1059.1                        17.04
                    1064.0                        17.10
                    1068.9                        17.16
                    1073.8                        17.22
                    1078.6                        17.27
                    1083.5                        17.33
                    1088.4                        17.39
                    1093.3                        17.44
                    1098.1                        17.50
                    1103.0                        17.56
                    1107.9                        17.61
                    1112.8                        17.67
                    1117.6                        17.73
                    1122.5                        17.78
                    1127.4                        17.84
                    1132.3                        17.90
                    1137.1                        17.95
                    1142.0                        18.01
                    1146.9                        18.07
                    1151.8                        18.12
                    1156.6                        18.18
                    1161.5                        18.23
                    1166.4                        18.29
                    1171.3                        18.35
                    1176.1                        18.40
                    1181.0                        18.46
                    1185.9                        18.52
                    1190.8                        18.57
                    1195.6                        18.63
                    1200.5                        18.68
                    1205.4                        18.74
                    1210.3                        18.80
                    1215.1                        18.85
                    1220.0                        18.91
                    1224.9                        18.96
                    1229.8                        19.02
                    1234.6                        19.07
                    1239.5                        19.13
                    1244.4                        19.19
                    1249.3                        19.24
                    1254.1                        19.30
                    1259.0                        19.35
                    1263.9                        19.41
                    1268.8                        19.46
                    1273.6                        19.52
                    1278.5                        19.57
                    1283.4                        19.63
                    1288.3                        19.69
                    1293.1                        19.74
                    1298.0                        19.80
                    1302.9                        19.85
                    1307.8                        19.91
                    1312.6                        19.96
                    1317.5                        20.02
                    1322.4                        20.07
                    1327.3                        20.13
                    1332.1                        20.18
                    1337.0                        20.24
                    1341.9                        20.29
                    1346.8                        20.35
                    1351.6                        20.40
                    1356.5                        20.46
                    1361.4                        20.51
                    1366.3                        20.57
                    1371.1                        20.62
                    1376.0                        20.68
                    1380.9                        20.73
                    1385.8                        20.79
                    1390.6                        20.84
                    1395.5                        20.90
                    1400.4                        20.95
                    1405.3                        21.00
                    1410.1                        21.06
                    1415.0                        21.11
                    1419.9                        21.17
                    1424.8                        21.22
                    1429.6                        21.28
                    1434.5                        21.33
                    1439.4                        21.39
                    1444.3                        21.44
                    1449.1                        21.49
                    1454.0                        21.55
                    1458.9                        21.60
                    1463.8                        21.66
                    1468.6                        21.71
                    1473.5                        21.77
                    1478.4                        21.82
                    1483.3                        21.87
                    1488.1                        21.93
                    1493.0                        21.98
                    1497.9                        22.04
                    1502.8                        22.09
                    1507.6                        22.14
                    1512.5                        22.20
                    1517.4                        22.25
                    1522.3                        22.31
                    1527.1                        22.36
                    1532.0                        22.41
                    1536.9                        22.47
                    1541.8                        22.52
                    1546.6                        22.58
                    1551.5                        22.63
                    1556.4                        22.68
                    1561.3                        22.74
                    1566.1                        22.79
                    1571.0                        22.84
                    1575.9                        22.90
                    1580.8                        22.95
                    1585.6                        23.00
                    1590.5                        23.06
                    1595.4                        23.11
                    1600.3                        23.17
                    1605.1                        23.22
                    1610.0                        23.27
                    1614.9                        23.33
                    1619.8                        23.38
                    1624.6                        23.43
                    1629.5                        23.49
                    1634.4                        23.54
                    1639.3                        23.59
                    1644.1                        23.65
                    1649.0                        23.70
                    1653.9                        23.75
                    1658.8                        23.81
                    1663.6                        23.86
                    1668.5                        23.91
                    1673.4                        23.96
                    1678.3                        24.02
                    1683.1                        24.07
                    1688.0                        24.12
                    1692.9                        24.18
                    1697.8                        24.23
                    1702.6                        24.28
                    1707.5                        24.34
                    1712.4                        24.39
                    1717.3                        24.44
                    1722.1                        24.49
                    1727.0                        24.55
                    1731.9                        24.60
                    1736.8                        24.65
                    1741.6                        24.71
                    1746.5                        24.76
                    1751.4                        24.81
                    1756.3                        24.86
                    1761.1                        24.92
                    1766.0                        24.97
                    1770.9                        25.02
                    1775.8                        25.07
                    1780.6                        25.13
                    1785.5                        25.18
                    1790.4                        25.23
                    1795.3                        25.28
                    1800.1                        25.34
                    1805.0                        25.39
                    1809.9                        25.44
                    1814.8                        25.49
                    1819.6                        25.55
                    1824.5                        25.60
                    1829.4                        25.65
                    1834.3                        25.70
                    1839.1                        25.76
                    1844.0                        25.81
                    1848.9                        25.86
                    1853.8                        25.91
                    1858.6                        25.97
                    1863.5                        26.02
                    1868.4                        26.07
                    1873.3                        26.12
                    1878.1                        26.17
                    1883.0                        26.23
                    1887.9                        26.28
                    1892.8                        26.33
                    1897.6                        26.38
                    1902.5                        26.44
                    1907.4                        26.49
                    1912.3                        26.54
                    1917.1                        26.59
                    1922.0                        26.64
                    1926.9                        26.70
                    1931.8                        26.75
                    1936.6                        26.80
                    1941.5                        26.85
                    1946.4                        26.90
                    1951.3                        26.95
                    1956.1                        27.01
                    1961.0                        27.06
                    1965.9                        27.11
                    1970.8                        27.16
                    1975.6                        27.21
                    1980.5                        27.27
                    1985.4                        27.32
                    1990.3                        27.37
                    1995.1                        27.42
                    2000.0                        27.47
