
ELEMENT:
                                      Zn

SOURCE:
                           Tanuma, Powell and Penn
                    Surface Interface Anal. 21 (1994) 165.
                 IMFP values determined from TPP-2M equation
                                       

ATOMIC WEIGHT:                65.39000

DENSITY:                       7.1400 g/cm**3

TABULATION:

______________________________________________________________________________

                    Energy                         IMFP
                      eV                        Angstroms
______________________________________________________________________________
                      50.0                         4.19
                      54.9                         4.29
                      59.8                         4.35
                      64.6                         4.39
                      69.5                         4.42
                      74.4                         4.46
                      79.3                         4.49
                      84.1                         4.53
                      89.0                         4.57
                      93.9                         4.62
                      98.8                         4.67
                     103.6                         4.72
                     108.5                         4.77
                     113.4                         4.83
                     118.3                         4.89
                     123.1                         4.96
                     128.0                         5.02
                     132.9                         5.09
                     137.8                         5.15
                     142.6                         5.22
                     147.5                         5.29
                     152.4                         5.36
                     157.3                         5.43
                     162.1                         5.50
                     167.0                         5.57
                     171.9                         5.64
                     176.8                         5.72
                     181.6                         5.79
                     186.5                         5.86
                     191.4                         5.94
                     196.3                         6.01
                     201.1                         6.08
                     206.0                         6.16
                     210.9                         6.23
                     215.8                         6.30
                     220.6                         6.38
                     225.5                         6.45
                     230.4                         6.53
                     235.3                         6.60
                     240.1                         6.68
                     245.0                         6.75
                     249.9                         6.82
                     254.8                         6.90
                     259.6                         6.97
                     264.5                         7.05
                     269.4                         7.12
                     274.3                         7.19
                     279.1                         7.27
                     284.0                         7.34
                     288.9                         7.42
                     293.8                         7.49
                     298.6                         7.56
                     303.5                         7.64
                     308.4                         7.71
                     313.3                         7.79
                     318.1                         7.86
                     323.0                         7.93
                     327.9                         8.01
                     332.8                         8.08
                     337.6                         8.15
                     342.5                         8.22
                     347.4                         8.30
                     352.3                         8.37
                     357.1                         8.44
                     362.0                         8.52
                     366.9                         8.59
                     371.8                         8.66
                     376.6                         8.73
                     381.5                         8.80
                     386.4                         8.88
                     391.3                         8.95
                     396.1                         9.02
                     401.0                         9.09
                     405.9                         9.16
                     410.8                         9.24
                     415.6                         9.31
                     420.5                         9.38
                     425.4                         9.45
                     430.3                         9.52
                     435.1                         9.59
                     440.0                         9.66
                     444.9                         9.73
                     449.8                         9.81
                     454.6                         9.88
                     459.5                         9.95
                     464.4                        10.02
                     469.3                        10.09
                     474.1                        10.16
                     479.0                        10.23
                     483.9                        10.30
                     488.8                        10.37
                     493.6                        10.44
                     498.5                        10.51
                     503.4                        10.58
                     508.3                        10.65
                     513.1                        10.72
                     518.0                        10.79
                     522.9                        10.86
                     527.8                        10.93
                     532.6                        11.00
                     537.5                        11.06
                     542.4                        11.13
                     547.3                        11.20
                     552.1                        11.27
                     557.0                        11.34
                     561.9                        11.41
                     566.8                        11.48
                     571.6                        11.55
                     576.5                        11.62
                     581.4                        11.68
                     586.3                        11.75
                     591.1                        11.82
                     596.0                        11.89
                     600.9                        11.96
                     605.8                        12.03
                     610.6                        12.09
                     615.5                        12.16
                     620.4                        12.23
                     625.3                        12.30
                     630.1                        12.36
                     635.0                        12.43
                     639.9                        12.50
                     644.8                        12.57
                     649.6                        12.63
                     654.5                        12.70
                     659.4                        12.77
                     664.3                        12.84
                     669.1                        12.90
                     674.0                        12.97
                     678.9                        13.04
                     683.8                        13.10
                     688.6                        13.17
                     693.5                        13.24
                     698.4                        13.30
                     703.3                        13.37
                     708.1                        13.44
                     713.0                        13.50
                     717.9                        13.57
                     722.8                        13.64
                     727.6                        13.70
                     732.5                        13.77
                     737.4                        13.84
                     742.3                        13.90
                     747.1                        13.97
                     752.0                        14.03
                     756.9                        14.10
                     761.8                        14.17
                     766.6                        14.23
                     771.5                        14.30
                     776.4                        14.36
                     781.3                        14.43
                     786.1                        14.49
                     791.0                        14.56
                     795.9                        14.62
                     800.8                        14.69
                     805.6                        14.76
                     810.5                        14.82
                     815.4                        14.89
                     820.3                        14.95
                     825.1                        15.02
                     830.0                        15.08
                     834.9                        15.15
                     839.8                        15.21
                     844.6                        15.28
                     849.5                        15.34
                     854.4                        15.41
                     859.3                        15.47
                     864.1                        15.53
                     869.0                        15.60
                     873.9                        15.66
                     878.8                        15.73
                     883.6                        15.79
                     888.5                        15.86
                     893.4                        15.92
                     898.3                        15.99
                     903.1                        16.05
                     908.0                        16.11
                     912.9                        16.18
                     917.8                        16.24
                     922.6                        16.31
                     927.5                        16.37
                     932.4                        16.43
                     937.3                        16.50
                     942.1                        16.56
                     947.0                        16.63
                     951.9                        16.69
                     956.8                        16.75
                     961.6                        16.82
                     966.5                        16.88
                     971.4                        16.94
                     976.3                        17.01
                     981.1                        17.07
                     986.0                        17.13
                     990.9                        17.20
                     995.8                        17.26
                    1000.6                        17.32
                    1005.5                        17.39
                    1010.4                        17.45
                    1015.3                        17.51
                    1020.1                        17.58
                    1025.0                        17.64
                    1029.9                        17.70
                    1034.8                        17.76
                    1039.6                        17.83
                    1044.5                        17.89
                    1049.4                        17.95
                    1054.3                        18.02
                    1059.1                        18.08
                    1064.0                        18.14
                    1068.9                        18.20
                    1073.8                        18.27
                    1078.6                        18.33
                    1083.5                        18.39
                    1088.4                        18.45
                    1093.3                        18.52
                    1098.1                        18.58
                    1103.0                        18.64
                    1107.9                        18.70
                    1112.8                        18.77
                    1117.6                        18.83
                    1122.5                        18.89
                    1127.4                        18.95
                    1132.3                        19.01
                    1137.1                        19.08
                    1142.0                        19.14
                    1146.9                        19.20
                    1151.8                        19.26
                    1156.6                        19.32
                    1161.5                        19.39
                    1166.4                        19.45
                    1171.3                        19.51
                    1176.1                        19.57
                    1181.0                        19.63
                    1185.9                        19.69
                    1190.8                        19.76
                    1195.6                        19.82
                    1200.5                        19.88
                    1205.4                        19.94
                    1210.3                        20.00
                    1215.1                        20.06
                    1220.0                        20.12
                    1224.9                        20.19
                    1229.8                        20.25
                    1234.6                        20.31
                    1239.5                        20.37
                    1244.4                        20.43
                    1249.3                        20.49
                    1254.1                        20.55
                    1259.0                        20.61
                    1263.9                        20.68
                    1268.8                        20.74
                    1273.6                        20.80
                    1278.5                        20.86
                    1283.4                        20.92
                    1288.3                        20.98
                    1293.1                        21.04
                    1298.0                        21.10
                    1302.9                        21.16
                    1307.8                        21.22
                    1312.6                        21.28
                    1317.5                        21.34
                    1322.4                        21.40
                    1327.3                        21.47
                    1332.1                        21.53
                    1337.0                        21.59
                    1341.9                        21.65
                    1346.8                        21.71
                    1351.6                        21.77
                    1356.5                        21.83
                    1361.4                        21.89
                    1366.3                        21.95
                    1371.1                        22.01
                    1376.0                        22.07
                    1380.9                        22.13
                    1385.8                        22.19
                    1390.6                        22.25
                    1395.5                        22.31
                    1400.4                        22.37
                    1405.3                        22.43
                    1410.1                        22.49
                    1415.0                        22.55
                    1419.9                        22.61
                    1424.8                        22.67
                    1429.6                        22.73
                    1434.5                        22.79
                    1439.4                        22.85
                    1444.3                        22.91
                    1449.1                        22.97
                    1454.0                        23.03
                    1458.9                        23.09
                    1463.8                        23.15
                    1468.6                        23.21
                    1473.5                        23.27
                    1478.4                        23.33
                    1483.3                        23.39
                    1488.1                        23.45
                    1493.0                        23.51
                    1497.9                        23.57
                    1502.8                        23.63
                    1507.6                        23.69
                    1512.5                        23.74
                    1517.4                        23.80
                    1522.3                        23.86
                    1527.1                        23.92
                    1532.0                        23.98
                    1536.9                        24.04
                    1541.8                        24.10
                    1546.6                        24.16
                    1551.5                        24.22
                    1556.4                        24.28
                    1561.3                        24.34
                    1566.1                        24.40
                    1571.0                        24.46
                    1575.9                        24.51
                    1580.8                        24.57
                    1585.6                        24.63
                    1590.5                        24.69
                    1595.4                        24.75
                    1600.3                        24.81
                    1605.1                        24.87
                    1610.0                        24.93
                    1614.9                        24.99
                    1619.8                        25.04
                    1624.6                        25.10
                    1629.5                        25.16
                    1634.4                        25.22
                    1639.3                        25.28
                    1644.1                        25.34
                    1649.0                        25.40
                    1653.9                        25.46
                    1658.8                        25.51
                    1663.6                        25.57
                    1668.5                        25.63
                    1673.4                        25.69
                    1678.3                        25.75
                    1683.1                        25.81
                    1688.0                        25.87
                    1692.9                        25.92
                    1697.8                        25.98
                    1702.6                        26.04
                    1707.5                        26.10
                    1712.4                        26.16
                    1717.3                        26.22
                    1722.1                        26.27
                    1727.0                        26.33
                    1731.9                        26.39
                    1736.8                        26.45
                    1741.6                        26.51
                    1746.5                        26.57
                    1751.4                        26.62
                    1756.3                        26.68
                    1761.1                        26.74
                    1766.0                        26.80
                    1770.9                        26.86
                    1775.8                        26.91
                    1780.6                        26.97
                    1785.5                        27.03
                    1790.4                        27.09
                    1795.3                        27.15
                    1800.1                        27.20
                    1805.0                        27.26
                    1809.9                        27.32
                    1814.8                        27.38
                    1819.6                        27.44
                    1824.5                        27.49
                    1829.4                        27.55
                    1834.3                        27.61
                    1839.1                        27.67
                    1844.0                        27.72
                    1848.9                        27.78
                    1853.8                        27.84
                    1858.6                        27.90
                    1863.5                        27.95
                    1868.4                        28.01
                    1873.3                        28.07
                    1878.1                        28.13
                    1883.0                        28.18
                    1887.9                        28.24
                    1892.8                        28.30
                    1897.6                        28.36
                    1902.5                        28.41
                    1907.4                        28.47
                    1912.3                        28.53
                    1917.1                        28.59
                    1922.0                        28.64
                    1926.9                        28.70
                    1931.8                        28.76
                    1936.6                        28.82
                    1941.5                        28.87
                    1946.4                        28.93
                    1951.3                        28.99
                    1956.1                        29.04
                    1961.0                        29.10
                    1965.9                        29.16
                    1970.8                        29.22
                    1975.6                        29.27
                    1980.5                        29.33
                    1985.4                        29.39
                    1990.3                        29.44
                    1995.1                        29.50
                    2000.0                        29.56
