
ELEMENT:
                                      Ge

SOURCE:
                      Elastic peak electron spectroscopy
                                       
           IMFPs determined from the intensity of the elastic peak
       Multiple elastic scattering simulated by the Monte Carlo method

COMMENT:
      Koch, Thesis, Eberhard-Karls-Universitat, Tubingen, Germany (1996)

ATOMIC WEIGHT:                72.61000

DENSITY:                       5.3234 g/cm**3

TABULATION:

______________________________________________________________________________

                    Energy                         IMFP
                      eV                        Angstroms
______________________________________________________________________________
                     500.0                        12.57
                     504.0                        12.66
                     508.0                        12.74
                     512.0                        12.82
                     516.0                        12.90
                     520.0                        12.98
                     524.0                        13.06
                     528.0                        13.14
                     532.0                        13.22
                     536.0                        13.30
                     540.0                        13.38
                     544.0                        13.46
                     548.0                        13.54
                     552.0                        13.63
                     556.0                        13.71
                     560.0                        13.78
                     564.0                        13.86
                     568.0                        13.94
                     572.0                        14.02
                     576.0                        14.10
                     580.0                        14.18
                     584.0                        14.26
                     588.0                        14.34
                     592.0                        14.42
                     596.0                        14.50
                     600.0                        14.58
                     604.0                        14.66
                     608.0                        14.74
                     612.0                        14.81
                     616.0                        14.89
                     620.0                        14.97
                     624.0                        15.05
                     628.0                        15.13
                     632.0                        15.21
                     636.0                        15.28
                     640.0                        15.36
                     644.0                        15.44
                     648.0                        15.52
                     652.0                        15.59
                     656.0                        15.67
                     660.0                        15.75
                     664.0                        15.83
                     668.0                        15.90
                     672.0                        15.98
                     676.0                        16.06
                     680.0                        16.14
                     684.0                        16.21
                     688.0                        16.29
                     692.0                        16.37
                     696.0                        16.44
                     700.0                        16.52
                     704.0                        16.60
                     708.0                        16.67
                     712.0                        16.75
                     716.0                        16.83
                     720.0                        16.90
                     724.0                        16.98
                     728.0                        17.05
                     732.0                        17.13
                     736.0                        17.21
                     740.0                        17.28
                     744.0                        17.36
                     748.0                        17.43
                     752.0                        17.51
                     756.0                        17.58
                     760.0                        17.66
                     764.0                        17.73
                     768.0                        17.81
                     772.0                        17.88
                     776.0                        17.96
                     780.0                        18.03
                     784.0                        18.11
                     788.0                        18.18
                     792.0                        18.26
                     796.0                        18.33
                     800.0                        18.41
                     804.0                        18.48
                     808.0                        18.56
                     812.0                        18.63
                     816.0                        18.71
                     820.0                        18.78
                     824.0                        18.86
                     828.0                        18.93
                     832.0                        19.00
                     836.0                        19.08
                     840.0                        19.15
                     844.0                        19.23
                     848.0                        19.30
                     852.0                        19.37
                     856.0                        19.45
                     860.0                        19.52
                     864.0                        19.59
                     868.0                        19.67
                     872.0                        19.74
                     876.0                        19.82
                     880.0                        19.89
                     884.0                        19.96
                     888.0                        20.03
                     892.0                        20.11
                     896.0                        20.18
                     900.0                        20.25
                     904.0                        20.33
                     908.0                        20.40
                     912.0                        20.47
                     916.0                        20.55
                     920.0                        20.62
                     924.0                        20.69
                     928.0                        20.76
                     932.0                        20.84
                     936.0                        20.91
                     940.0                        20.98
                     944.0                        21.05
                     948.0                        21.13
                     952.0                        21.20
                     956.0                        21.27
                     960.0                        21.34
                     964.0                        21.41
                     968.0                        21.49
                     972.0                        21.56
                     976.0                        21.63
                     980.0                        21.70
                     984.0                        21.77
                     988.0                        21.85
                     992.0                        21.92
                     996.0                        21.99
                    1000.0                        22.06
                    1004.0                        22.13
                    1008.0                        22.20
                    1012.0                        22.28
                    1016.0                        22.35
                    1020.0                        22.42
                    1024.0                        22.49
                    1028.0                        22.56
                    1032.0                        22.63
                    1036.0                        22.70
                    1040.0                        22.77
                    1044.0                        22.84
                    1048.0                        22.92
                    1052.0                        22.99
                    1056.0                        23.06
                    1060.0                        23.13
                    1064.0                        23.20
                    1068.0                        23.27
                    1072.0                        23.34
                    1076.0                        23.41
                    1080.0                        23.48
                    1084.0                        23.55
                    1088.0                        23.62
                    1092.0                        23.69
                    1096.0                        23.76
                    1100.0                        23.83
                    1104.0                        23.90
                    1108.0                        23.97
                    1112.0                        24.04
                    1116.0                        24.11
                    1120.0                        24.18
                    1124.0                        24.25
                    1128.0                        24.32
                    1132.0                        24.39
                    1136.0                        24.46
                    1140.0                        24.53
                    1144.0                        24.60
                    1148.0                        24.67
                    1152.0                        24.74
                    1156.0                        24.81
                    1160.0                        24.88
                    1164.0                        24.95
                    1168.0                        25.02
                    1172.0                        25.09
                    1176.0                        25.16
                    1180.0                        25.23
                    1184.0                        25.30
                    1188.0                        25.37
                    1192.0                        25.44
                    1196.0                        25.51
                    1200.0                        25.58
                    1204.0                        25.65
                    1208.0                        25.71
                    1212.0                        25.78
                    1216.0                        25.85
                    1220.0                        25.92
                    1224.0                        25.99
                    1228.0                        26.06
                    1232.0                        26.13
                    1236.0                        26.20
                    1240.0                        26.27
                    1244.0                        26.33
                    1248.0                        26.40
                    1252.0                        26.47
                    1256.0                        26.54
                    1260.0                        26.61
                    1264.0                        26.68
                    1268.0                        26.75
                    1272.0                        26.81
                    1276.0                        26.88
                    1280.0                        26.95
                    1284.0                        27.02
                    1288.0                        27.09
                    1292.0                        27.16
                    1296.0                        27.22
                    1300.0                        27.29
                    1304.0                        27.36
                    1308.0                        27.43
                    1312.0                        27.50
                    1316.0                        27.56
                    1320.0                        27.63
                    1324.0                        27.70
                    1328.0                        27.77
                    1332.0                        27.84
                    1336.0                        27.90
                    1340.0                        27.97
                    1344.0                        28.04
                    1348.0                        28.11
                    1352.0                        28.17
                    1356.0                        28.24
                    1360.0                        28.31
                    1364.0                        28.38
                    1368.0                        28.44
                    1372.0                        28.51
                    1376.0                        28.58
                    1380.0                        28.65
                    1384.0                        28.71
                    1388.0                        28.78
                    1392.0                        28.85
                    1396.0                        28.92
                    1400.0                        28.98
                    1404.0                        29.05
                    1408.0                        29.12
                    1412.0                        29.18
                    1416.0                        29.25
                    1420.0                        29.32
                    1424.0                        29.38
                    1428.0                        29.45
                    1432.0                        29.52
                    1436.0                        29.59
                    1440.0                        29.65
                    1444.0                        29.72
                    1448.0                        29.79
                    1452.0                        29.85
                    1456.0                        29.92
                    1460.0                        29.99
                    1464.0                        30.05
                    1468.0                        30.12
                    1472.0                        30.19
                    1476.0                        30.25
                    1480.0                        30.32
                    1484.0                        30.38
                    1488.0                        30.45
                    1492.0                        30.52
                    1496.0                        30.58
                    1500.0                        30.65
                    1504.0                        30.72
                    1508.0                        30.78
                    1512.0                        30.85
                    1516.0                        30.92
                    1520.0                        30.98
                    1524.0                        31.05
                    1528.0                        31.11
                    1532.0                        31.18
                    1536.0                        31.25
                    1540.0                        31.31
                    1544.0                        31.38
                    1548.0                        31.44
                    1552.0                        31.51
                    1556.0                        31.58
                    1560.0                        31.64
                    1564.0                        31.71
                    1568.0                        31.77
                    1572.0                        31.84
                    1576.0                        31.90
                    1580.0                        31.97
                    1584.0                        32.04
                    1588.0                        32.10
                    1592.0                        32.17
                    1596.0                        32.23
                    1600.0                        32.30
                    1604.0                        32.36
                    1608.0                        32.43
                    1612.0                        32.49
                    1616.0                        32.56
                    1620.0                        32.62
                    1624.0                        32.69
                    1628.0                        32.75
                    1632.0                        32.82
                    1636.0                        32.89
                    1640.0                        32.95
                    1644.0                        33.02
                    1648.0                        33.08
                    1652.0                        33.15
                    1656.0                        33.21
                    1660.0                        33.28
                    1664.0                        33.34
                    1668.0                        33.41
                    1672.0                        33.47
                    1676.0                        33.54
                    1680.0                        33.60
                    1684.0                        33.67
                    1688.0                        33.73
                    1692.0                        33.80
                    1696.0                        33.86
                    1700.0                        33.92
                    1704.0                        33.99
                    1708.0                        34.05
                    1712.0                        34.12
                    1716.0                        34.18
                    1720.0                        34.25
                    1724.0                        34.31
                    1728.0                        34.38
                    1732.0                        34.44
                    1736.0                        34.51
                    1740.0                        34.57
                    1744.0                        34.64
                    1748.0                        34.70
                    1752.0                        34.76
                    1756.0                        34.83
                    1760.0                        34.89
                    1764.0                        34.96
                    1768.0                        35.02
                    1772.0                        35.09
                    1776.0                        35.15
                    1780.0                        35.21
                    1784.0                        35.28
                    1788.0                        35.34
                    1792.0                        35.41
                    1796.0                        35.47
                    1800.0                        35.53
                    1804.0                        35.60
                    1808.0                        35.66
                    1812.0                        35.73
                    1816.0                        35.79
                    1820.0                        35.85
                    1824.0                        35.92
                    1828.0                        35.98
                    1832.0                        36.05
                    1836.0                        36.11
                    1840.0                        36.17
                    1844.0                        36.24
                    1848.0                        36.30
                    1852.0                        36.36
                    1856.0                        36.43
                    1860.0                        36.49
                    1864.0                        36.56
                    1868.0                        36.62
                    1872.0                        36.68
                    1876.0                        36.75
                    1880.0                        36.81
                    1884.0                        36.87
                    1888.0                        36.94
                    1892.0                        37.00
                    1896.0                        37.06
                    1900.0                        37.13
                    1904.0                        37.19
                    1908.0                        37.25
                    1912.0                        37.32
                    1916.0                        37.38
                    1920.0                        37.44
                    1924.0                        37.51
                    1928.0                        37.57
                    1932.0                        37.63
                    1936.0                        37.70
                    1940.0                        37.76
                    1944.0                        37.82
                    1948.0                        37.89
                    1952.0                        37.95
                    1956.0                        38.01
                    1960.0                        38.08
                    1964.0                        38.14
                    1968.0                        38.20
                    1972.0                        38.26
                    1976.0                        38.33
                    1980.0                        38.39
                    1984.0                        38.45
                    1988.0                        38.52
                    1992.0                        38.58
                    1996.0                        38.64
                    2000.0                        38.70
                    2004.0                        38.77
                    2008.0                        38.83
                    2012.0                        38.89
                    2016.0                        38.96
                    2020.0                        39.02
                    2024.0                        39.08
                    2028.0                        39.14
                    2032.0                        39.21
                    2036.0                        39.27
                    2040.0                        39.33
                    2044.0                        39.39
                    2048.0                        39.46
                    2052.0                        39.52
                    2056.0                        39.58
                    2060.0                        39.64
                    2064.0                        39.71
                    2068.0                        39.77
                    2072.0                        39.83
                    2076.0                        39.89
                    2080.0                        39.96
                    2084.0                        40.02
                    2088.0                        40.08
                    2092.0                        40.14
                    2096.0                        40.20
                    2100.0                        40.27
