
ELEMENT:
                                      Zr

SOURCE:
                           Tanuma, Powell and Penn
                    Surface Interface Anal. 17 (1991) 911.
       IMFP values determined from optical data and a theoretical model
                                       

ATOMIC WEIGHT:                91.22400

DENSITY:                       6.5200 g/cm**3

TABULATION:

______________________________________________________________________________

                    Energy                         IMFP
                      eV                        Angstroms
______________________________________________________________________________
                      50.0                         4.35
                      54.9                         4.33
                      59.8                         4.34
                      64.6                         4.36
                      69.5                         4.40
                      74.4                         4.45
                      79.3                         4.51
                      84.1                         4.58
                      89.0                         4.65
                      93.9                         4.73
                      98.8                         4.81
                     103.6                         4.89
                     108.5                         4.98
                     113.4                         5.07
                     118.3                         5.16
                     123.1                         5.25
                     128.0                         5.34
                     132.9                         5.43
                     137.8                         5.52
                     142.6                         5.62
                     147.5                         5.71
                     152.4                         5.81
                     157.3                         5.90
                     162.1                         6.00
                     167.0                         6.09
                     171.9                         6.19
                     176.8                         6.28
                     181.6                         6.38
                     186.5                         6.47
                     191.4                         6.57
                     196.3                         6.66
                     201.1                         6.76
                     206.0                         6.85
                     210.9                         6.95
                     215.8                         7.04
                     220.6                         7.14
                     225.5                         7.23
                     230.4                         7.33
                     235.3                         7.42
                     240.1                         7.52
                     245.0                         7.61
                     249.9                         7.70
                     254.8                         7.80
                     259.6                         7.89
                     264.5                         7.98
                     269.4                         8.08
                     274.3                         8.17
                     279.1                         8.26
                     284.0                         8.36
                     288.9                         8.45
                     293.8                         8.54
                     298.6                         8.63
                     303.5                         8.72
                     308.4                         8.82
                     313.3                         8.91
                     318.1                         9.00
                     323.0                         9.09
                     327.9                         9.18
                     332.8                         9.27
                     337.6                         9.36
                     342.5                         9.45
                     347.4                         9.54
                     352.3                         9.64
                     357.1                         9.73
                     362.0                         9.82
                     366.9                         9.91
                     371.8                         9.99
                     376.6                        10.08
                     381.5                        10.17
                     386.4                        10.26
                     391.3                        10.35
                     396.1                        10.44
                     401.0                        10.53
                     405.9                        10.62
                     410.8                        10.71
                     415.6                        10.80
                     420.5                        10.88
                     425.4                        10.97
                     430.3                        11.06
                     435.1                        11.15
                     440.0                        11.23
                     444.9                        11.32
                     449.8                        11.41
                     454.6                        11.50
                     459.5                        11.58
                     464.4                        11.67
                     469.3                        11.76
                     474.1                        11.84
                     479.0                        11.93
                     483.9                        12.02
                     488.8                        12.10
                     493.6                        12.19
                     498.5                        12.28
                     503.4                        12.36
                     508.3                        12.45
                     513.1                        12.53
                     518.0                        12.62
                     522.9                        12.71
                     527.8                        12.79
                     532.6                        12.88
                     537.5                        12.96
                     542.4                        13.05
                     547.3                        13.13
                     552.1                        13.22
                     557.0                        13.30
                     561.9                        13.38
                     566.8                        13.47
                     571.6                        13.55
                     576.5                        13.64
                     581.4                        13.72
                     586.3                        13.81
                     591.1                        13.89
                     596.0                        13.97
                     600.9                        14.06
                     605.8                        14.14
                     610.6                        14.22
                     615.5                        14.31
                     620.4                        14.39
                     625.3                        14.47
                     630.1                        14.56
                     635.0                        14.64
                     639.9                        14.72
                     644.8                        14.81
                     649.6                        14.89
                     654.5                        14.97
                     659.4                        15.05
                     664.3                        15.14
                     669.1                        15.22
                     674.0                        15.30
                     678.9                        15.38
                     683.8                        15.47
                     688.6                        15.55
                     693.5                        15.63
                     698.4                        15.71
                     703.3                        15.79
                     708.1                        15.88
                     713.0                        15.96
                     717.9                        16.04
                     722.8                        16.12
                     727.6                        16.20
                     732.5                        16.28
                     737.4                        16.36
                     742.3                        16.45
                     747.1                        16.53
                     752.0                        16.61
                     756.9                        16.69
                     761.8                        16.77
                     766.6                        16.85
                     771.5                        16.93
                     776.4                        17.01
                     781.3                        17.09
                     786.1                        17.17
                     791.0                        17.25
                     795.9                        17.33
                     800.8                        17.41
                     805.6                        17.49
                     810.5                        17.57
                     815.4                        17.65
                     820.3                        17.73
                     825.1                        17.81
                     830.0                        17.89
                     834.9                        17.97
                     839.8                        18.05
                     844.6                        18.13
                     849.5                        18.21
                     854.4                        18.29
                     859.3                        18.37
                     864.1                        18.45
                     869.0                        18.53
                     873.9                        18.61
                     878.8                        18.69
                     883.6                        18.77
                     888.5                        18.84
                     893.4                        18.92
                     898.3                        19.00
                     903.1                        19.08
                     908.0                        19.16
                     912.9                        19.24
                     917.8                        19.32
                     922.6                        19.40
                     927.5                        19.47
                     932.4                        19.55
                     937.3                        19.63
                     942.1                        19.71
                     947.0                        19.79
                     951.9                        19.86
                     956.8                        19.94
                     961.6                        20.02
                     966.5                        20.10
                     971.4                        20.18
                     976.3                        20.25
                     981.1                        20.33
                     986.0                        20.41
                     990.9                        20.49
                     995.8                        20.57
                    1000.6                        20.64
                    1005.5                        20.72
                    1010.4                        20.80
                    1015.3                        20.88
                    1020.1                        20.95
                    1025.0                        21.03
                    1029.9                        21.11
                    1034.8                        21.18
                    1039.6                        21.26
                    1044.5                        21.34
                    1049.4                        21.42
                    1054.3                        21.49
                    1059.1                        21.57
                    1064.0                        21.65
                    1068.9                        21.72
                    1073.8                        21.80
                    1078.6                        21.88
                    1083.5                        21.95
                    1088.4                        22.03
                    1093.3                        22.11
                    1098.1                        22.18
                    1103.0                        22.26
                    1107.9                        22.34
                    1112.8                        22.41
                    1117.6                        22.49
                    1122.5                        22.56
                    1127.4                        22.64
                    1132.3                        22.72
                    1137.1                        22.79
                    1142.0                        22.87
                    1146.9                        22.94
                    1151.8                        23.02
                    1156.6                        23.10
                    1161.5                        23.17
                    1166.4                        23.25
                    1171.3                        23.32
                    1176.1                        23.40
                    1181.0                        23.48
                    1185.9                        23.55
                    1190.8                        23.63
                    1195.6                        23.70
                    1200.5                        23.78
                    1205.4                        23.85
                    1210.3                        23.93
                    1215.1                        24.00
                    1220.0                        24.08
                    1224.9                        24.15
                    1229.8                        24.23
                    1234.6                        24.30
                    1239.5                        24.38
                    1244.4                        24.45
                    1249.3                        24.53
                    1254.1                        24.60
                    1259.0                        24.68
                    1263.9                        24.75
                    1268.8                        24.83
                    1273.6                        24.90
                    1278.5                        24.98
                    1283.4                        25.05
                    1288.3                        25.13
                    1293.1                        25.20
                    1298.0                        25.28
                    1302.9                        25.35
                    1307.8                        25.43
                    1312.6                        25.50
                    1317.5                        25.58
                    1322.4                        25.65
                    1327.3                        25.72
                    1332.1                        25.80
                    1337.0                        25.87
                    1341.9                        25.95
                    1346.8                        26.02
                    1351.6                        26.10
                    1356.5                        26.17
                    1361.4                        26.24
                    1366.3                        26.32
                    1371.1                        26.39
                    1376.0                        26.47
                    1380.9                        26.54
                    1385.8                        26.61
                    1390.6                        26.69
                    1395.5                        26.76
                    1400.4                        26.83
                    1405.3                        26.91
                    1410.1                        26.98
                    1415.0                        27.06
                    1419.9                        27.13
                    1424.8                        27.20
                    1429.6                        27.28
                    1434.5                        27.35
                    1439.4                        27.42
                    1444.3                        27.50
                    1449.1                        27.57
                    1454.0                        27.64
                    1458.9                        27.72
                    1463.8                        27.79
                    1468.6                        27.86
                    1473.5                        27.94
                    1478.4                        28.01
                    1483.3                        28.08
                    1488.1                        28.16
                    1493.0                        28.23
                    1497.9                        28.30
                    1502.8                        28.38
                    1507.6                        28.45
                    1512.5                        28.52
                    1517.4                        28.59
                    1522.3                        28.67
                    1527.1                        28.74
                    1532.0                        28.81
                    1536.9                        28.89
                    1541.8                        28.96
                    1546.6                        29.03
                    1551.5                        29.10
                    1556.4                        29.18
                    1561.3                        29.25
                    1566.1                        29.32
                    1571.0                        29.39
                    1575.9                        29.47
                    1580.8                        29.54
                    1585.6                        29.61
                    1590.5                        29.68
                    1595.4                        29.76
                    1600.3                        29.83
                    1605.1                        29.90
                    1610.0                        29.97
                    1614.9                        30.04
                    1619.8                        30.12
                    1624.6                        30.19
                    1629.5                        30.26
                    1634.4                        30.33
                    1639.3                        30.41
                    1644.1                        30.48
                    1649.0                        30.55
                    1653.9                        30.62
                    1658.8                        30.69
                    1663.6                        30.77
                    1668.5                        30.84
                    1673.4                        30.91
                    1678.3                        30.98
                    1683.1                        31.05
                    1688.0                        31.12
                    1692.9                        31.20
                    1697.8                        31.27
                    1702.6                        31.34
                    1707.5                        31.41
                    1712.4                        31.48
                    1717.3                        31.55
                    1722.1                        31.63
                    1727.0                        31.70
                    1731.9                        31.77
                    1736.8                        31.84
                    1741.6                        31.91
                    1746.5                        31.98
                    1751.4                        32.06
                    1756.3                        32.13
                    1761.1                        32.20
                    1766.0                        32.27
                    1770.9                        32.34
                    1775.8                        32.41
                    1780.6                        32.48
                    1785.5                        32.55
                    1790.4                        32.63
                    1795.3                        32.70
                    1800.1                        32.77
                    1805.0                        32.84
                    1809.9                        32.91
                    1814.8                        32.98
                    1819.6                        33.05
                    1824.5                        33.12
                    1829.4                        33.19
                    1834.3                        33.26
                    1839.1                        33.34
                    1844.0                        33.41
                    1848.9                        33.48
                    1853.8                        33.55
                    1858.6                        33.62
                    1863.5                        33.69
                    1868.4                        33.76
                    1873.3                        33.83
                    1878.1                        33.90
                    1883.0                        33.97
                    1887.9                        34.04
                    1892.8                        34.11
                    1897.6                        34.18
                    1902.5                        34.25
                    1907.4                        34.33
                    1912.3                        34.40
                    1917.1                        34.47
                    1922.0                        34.54
                    1926.9                        34.61
                    1931.8                        34.68
                    1936.6                        34.75
                    1941.5                        34.82
                    1946.4                        34.89
                    1951.3                        34.96
                    1956.1                        35.03
                    1961.0                        35.10
                    1965.9                        35.17
                    1970.8                        35.24
                    1975.6                        35.31
                    1980.5                        35.38
                    1985.4                        35.45
                    1990.3                        35.52
                    1995.1                        35.59
                    2000.0                        35.66
