
ELEMENT:
                                      Cd

SOURCE:
                           Tanuma, Powell and Penn
                    Surface Interface Anal. 21 (1994) 165.
                 IMFP values determined from TPP-2M equation
                                       

ATOMIC WEIGHT:               112.41100

DENSITY:                       8.6900 g/cm**3

TABULATION:

______________________________________________________________________________

                    Energy                         IMFP
                      eV                        Angstroms
______________________________________________________________________________
                      50.0                         4.56
                      54.9                         4.52
                      59.8                         4.47
                      64.6                         4.43
                      69.5                         4.41
                      74.4                         4.40
                      79.3                         4.39
                      84.1                         4.40
                      89.0                         4.42
                      93.9                         4.45
                      98.8                         4.48
                     103.6                         4.52
                     108.5                         4.56
                     113.4                         4.61
                     118.3                         4.66
                     123.1                         4.71
                     128.0                         4.76
                     132.9                         4.82
                     137.8                         4.87
                     142.6                         4.93
                     147.5                         4.99
                     152.4                         5.06
                     157.3                         5.12
                     162.1                         5.18
                     167.0                         5.25
                     171.9                         5.31
                     176.8                         5.38
                     181.6                         5.44
                     186.5                         5.51
                     191.4                         5.57
                     196.3                         5.64
                     201.1                         5.71
                     206.0                         5.77
                     210.9                         5.84
                     215.8                         5.91
                     220.6                         5.98
                     225.5                         6.04
                     230.4                         6.11
                     235.3                         6.18
                     240.1                         6.25
                     245.0                         6.32
                     249.9                         6.38
                     254.8                         6.45
                     259.6                         6.52
                     264.5                         6.59
                     269.4                         6.66
                     274.3                         6.72
                     279.1                         6.79
                     284.0                         6.86
                     288.9                         6.93
                     293.8                         7.00
                     298.6                         7.06
                     303.5                         7.13
                     308.4                         7.20
                     313.3                         7.27
                     318.1                         7.33
                     323.0                         7.40
                     327.9                         7.47
                     332.8                         7.54
                     337.6                         7.60
                     342.5                         7.67
                     347.4                         7.74
                     352.3                         7.80
                     357.1                         7.87
                     362.0                         7.94
                     366.9                         8.00
                     371.8                         8.07
                     376.6                         8.14
                     381.5                         8.20
                     386.4                         8.27
                     391.3                         8.34
                     396.1                         8.40
                     401.0                         8.47
                     405.9                         8.53
                     410.8                         8.60
                     415.6                         8.67
                     420.5                         8.73
                     425.4                         8.80
                     430.3                         8.86
                     435.1                         8.93
                     440.0                         8.99
                     444.9                         9.06
                     449.8                         9.12
                     454.6                         9.19
                     459.5                         9.25
                     464.4                         9.32
                     469.3                         9.38
                     474.1                         9.45
                     479.0                         9.51
                     483.9                         9.58
                     488.8                         9.64
                     493.6                         9.71
                     498.5                         9.77
                     503.4                         9.84
                     508.3                         9.90
                     513.1                         9.96
                     518.0                        10.03
                     522.9                        10.09
                     527.8                        10.16
                     532.6                        10.22
                     537.5                        10.28
                     542.4                        10.35
                     547.3                        10.41
                     552.1                        10.47
                     557.0                        10.54
                     561.9                        10.60
                     566.8                        10.66
                     571.6                        10.73
                     576.5                        10.79
                     581.4                        10.85
                     586.3                        10.92
                     591.1                        10.98
                     596.0                        11.04
                     600.9                        11.10
                     605.8                        11.17
                     610.6                        11.23
                     615.5                        11.29
                     620.4                        11.35
                     625.3                        11.42
                     630.1                        11.48
                     635.0                        11.54
                     639.9                        11.60
                     644.8                        11.67
                     649.6                        11.73
                     654.5                        11.79
                     659.4                        11.85
                     664.3                        11.91
                     669.1                        11.98
                     674.0                        12.04
                     678.9                        12.10
                     683.8                        12.16
                     688.6                        12.22
                     693.5                        12.28
                     698.4                        12.34
                     703.3                        12.41
                     708.1                        12.47
                     713.0                        12.53
                     717.9                        12.59
                     722.8                        12.65
                     727.6                        12.71
                     732.5                        12.77
                     737.4                        12.83
                     742.3                        12.89
                     747.1                        12.96
                     752.0                        13.02
                     756.9                        13.08
                     761.8                        13.14
                     766.6                        13.20
                     771.5                        13.26
                     776.4                        13.32
                     781.3                        13.38
                     786.1                        13.44
                     791.0                        13.50
                     795.9                        13.56
                     800.8                        13.62
                     805.6                        13.68
                     810.5                        13.74
                     815.4                        13.80
                     820.3                        13.86
                     825.1                        13.92
                     830.0                        13.98
                     834.9                        14.04
                     839.8                        14.10
                     844.6                        14.16
                     849.5                        14.22
                     854.4                        14.28
                     859.3                        14.34
                     864.1                        14.40
                     869.0                        14.46
                     873.9                        14.52
                     878.8                        14.58
                     883.6                        14.63
                     888.5                        14.69
                     893.4                        14.75
                     898.3                        14.81
                     903.1                        14.87
                     908.0                        14.93
                     912.9                        14.99
                     917.8                        15.05
                     922.6                        15.11
                     927.5                        15.17
                     932.4                        15.23
                     937.3                        15.28
                     942.1                        15.34
                     947.0                        15.40
                     951.9                        15.46
                     956.8                        15.52
                     961.6                        15.58
                     966.5                        15.64
                     971.4                        15.69
                     976.3                        15.75
                     981.1                        15.81
                     986.0                        15.87
                     990.9                        15.93
                     995.8                        15.99
                    1000.6                        16.04
                    1005.5                        16.10
                    1010.4                        16.16
                    1015.3                        16.22
                    1020.1                        16.28
                    1025.0                        16.33
                    1029.9                        16.39
                    1034.8                        16.45
                    1039.6                        16.51
                    1044.5                        16.57
                    1049.4                        16.62
                    1054.3                        16.68
                    1059.1                        16.74
                    1064.0                        16.80
                    1068.9                        16.85
                    1073.8                        16.91
                    1078.6                        16.97
                    1083.5                        17.03
                    1088.4                        17.08
                    1093.3                        17.14
                    1098.1                        17.20
                    1103.0                        17.26
                    1107.9                        17.31
                    1112.8                        17.37
                    1117.6                        17.43
                    1122.5                        17.48
                    1127.4                        17.54
                    1132.3                        17.60
                    1137.1                        17.66
                    1142.0                        17.71
                    1146.9                        17.77
                    1151.8                        17.83
                    1156.6                        17.88
                    1161.5                        17.94
                    1166.4                        18.00
                    1171.3                        18.05
                    1176.1                        18.11
                    1181.0                        18.17
                    1185.9                        18.22
                    1190.8                        18.28
                    1195.6                        18.34
                    1200.5                        18.39
                    1205.4                        18.45
                    1210.3                        18.51
                    1215.1                        18.56
                    1220.0                        18.62
                    1224.9                        18.68
                    1229.8                        18.73
                    1234.6                        18.79
                    1239.5                        18.85
                    1244.4                        18.90
                    1249.3                        18.96
                    1254.1                        19.01
                    1259.0                        19.07
                    1263.9                        19.13
                    1268.8                        19.18
                    1273.6                        19.24
                    1278.5                        19.30
                    1283.4                        19.35
                    1288.3                        19.41
                    1293.1                        19.46
                    1298.0                        19.52
                    1302.9                        19.57
                    1307.8                        19.63
                    1312.6                        19.69
                    1317.5                        19.74
                    1322.4                        19.80
                    1327.3                        19.85
                    1332.1                        19.91
                    1337.0                        19.97
                    1341.9                        20.02
                    1346.8                        20.08
                    1351.6                        20.13
                    1356.5                        20.19
                    1361.4                        20.24
                    1366.3                        20.30
                    1371.1                        20.35
                    1376.0                        20.41
                    1380.9                        20.46
                    1385.8                        20.52
                    1390.6                        20.58
                    1395.5                        20.63
                    1400.4                        20.69
                    1405.3                        20.74
                    1410.1                        20.80
                    1415.0                        20.85
                    1419.9                        20.91
                    1424.8                        20.96
                    1429.6                        21.02
                    1434.5                        21.07
                    1439.4                        21.13
                    1444.3                        21.18
                    1449.1                        21.24
                    1454.0                        21.29
                    1458.9                        21.35
                    1463.8                        21.40
                    1468.6                        21.46
                    1473.5                        21.51
                    1478.4                        21.57
                    1483.3                        21.62
                    1488.1                        21.68
                    1493.0                        21.73
                    1497.9                        21.79
                    1502.8                        21.84
                    1507.6                        21.90
                    1512.5                        21.95
                    1517.4                        22.00
                    1522.3                        22.06
                    1527.1                        22.11
                    1532.0                        22.17
                    1536.9                        22.22
                    1541.8                        22.28
                    1546.6                        22.33
                    1551.5                        22.39
                    1556.4                        22.44
                    1561.3                        22.49
                    1566.1                        22.55
                    1571.0                        22.60
                    1575.9                        22.66
                    1580.8                        22.71
                    1585.6                        22.77
                    1590.5                        22.82
                    1595.4                        22.87
                    1600.3                        22.93
                    1605.1                        22.98
                    1610.0                        23.04
                    1614.9                        23.09
                    1619.8                        23.15
                    1624.6                        23.20
                    1629.5                        23.25
                    1634.4                        23.31
                    1639.3                        23.36
                    1644.1                        23.42
                    1649.0                        23.47
                    1653.9                        23.52
                    1658.8                        23.58
                    1663.6                        23.63
                    1668.5                        23.68
                    1673.4                        23.74
                    1678.3                        23.79
                    1683.1                        23.85
                    1688.0                        23.90
                    1692.9                        23.95
                    1697.8                        24.01
                    1702.6                        24.06
                    1707.5                        24.11
                    1712.4                        24.17
                    1717.3                        24.22
                    1722.1                        24.28
                    1727.0                        24.33
                    1731.9                        24.38
                    1736.8                        24.44
                    1741.6                        24.49
                    1746.5                        24.54
                    1751.4                        24.60
                    1756.3                        24.65
                    1761.1                        24.70
                    1766.0                        24.76
                    1770.9                        24.81
                    1775.8                        24.86
                    1780.6                        24.92
                    1785.5                        24.97
                    1790.4                        25.02
                    1795.3                        25.08
                    1800.1                        25.13
                    1805.0                        25.18
                    1809.9                        25.24
                    1814.8                        25.29
                    1819.6                        25.34
                    1824.5                        25.40
                    1829.4                        25.45
                    1834.3                        25.50
                    1839.1                        25.55
                    1844.0                        25.61
                    1848.9                        25.66
                    1853.8                        25.71
                    1858.6                        25.77
                    1863.5                        25.82
                    1868.4                        25.87
                    1873.3                        25.93
                    1878.1                        25.98
                    1883.0                        26.03
                    1887.9                        26.08
                    1892.8                        26.14
                    1897.6                        26.19
                    1902.5                        26.24
                    1907.4                        26.30
                    1912.3                        26.35
                    1917.1                        26.40
                    1922.0                        26.45
                    1926.9                        26.51
                    1931.8                        26.56
                    1936.6                        26.61
                    1941.5                        26.66
                    1946.4                        26.72
                    1951.3                        26.77
                    1956.1                        26.82
                    1961.0                        26.87
                    1965.9                        26.93
                    1970.8                        26.98
                    1975.6                        27.03
                    1980.5                        27.08
                    1985.4                        27.14
                    1990.3                        27.19
                    1995.1                        27.24
                    2000.0                        27.29
