
ELEMENT:
                                      Yb

SOURCE:
                           Tanuma, Powell and Penn
                    Surface Interface Anal. 21 (1994) 165.
                 IMFP values determined from TPP-2M equation
                                       

ATOMIC WEIGHT:               173.04000

DENSITY:                       6.9000 g/cm**3

TABULATION:

______________________________________________________________________________

                    Energy                         IMFP
                      eV                        Angstroms
______________________________________________________________________________
                      50.0                         4.85
                      54.9                         4.86
                      59.8                         4.88
                      64.6                         4.90
                      69.5                         4.94
                      74.4                         4.99
                      79.3                         5.04
                      84.1                         5.11
                      89.0                         5.17
                      93.9                         5.25
                      98.8                         5.32
                     103.6                         5.40
                     108.5                         5.49
                     113.4                         5.57
                     118.3                         5.66
                     123.1                         5.75
                     128.0                         5.84
                     132.9                         5.93
                     137.8                         6.02
                     142.6                         6.11
                     147.5                         6.21
                     152.4                         6.30
                     157.3                         6.39
                     162.1                         6.49
                     167.0                         6.58
                     171.9                         6.68
                     176.8                         6.77
                     181.6                         6.87
                     186.5                         6.96
                     191.4                         7.06
                     196.3                         7.16
                     201.1                         7.25
                     206.0                         7.35
                     210.9                         7.44
                     215.8                         7.54
                     220.6                         7.63
                     225.5                         7.73
                     230.4                         7.82
                     235.3                         7.92
                     240.1                         8.01
                     245.0                         8.11
                     249.9                         8.20
                     254.8                         8.30
                     259.6                         8.39
                     264.5                         8.49
                     269.4                         8.58
                     274.3                         8.68
                     279.1                         8.77
                     284.0                         8.86
                     288.9                         8.96
                     293.8                         9.05
                     298.6                         9.14
                     303.5                         9.24
                     308.4                         9.33
                     313.3                         9.42
                     318.1                         9.52
                     323.0                         9.61
                     327.9                         9.70
                     332.8                         9.79
                     337.6                         9.88
                     342.5                         9.98
                     347.4                        10.07
                     352.3                        10.16
                     357.1                        10.25
                     362.0                        10.34
                     366.9                        10.43
                     371.8                        10.52
                     376.6                        10.62
                     381.5                        10.71
                     386.4                        10.80
                     391.3                        10.89
                     396.1                        10.98
                     401.0                        11.07
                     405.9                        11.16
                     410.8                        11.25
                     415.6                        11.34
                     420.5                        11.43
                     425.4                        11.52
                     430.3                        11.60
                     435.1                        11.69
                     440.0                        11.78
                     444.9                        11.87
                     449.8                        11.96
                     454.6                        12.05
                     459.5                        12.14
                     464.4                        12.22
                     469.3                        12.31
                     474.1                        12.40
                     479.0                        12.49
                     483.9                        12.58
                     488.8                        12.66
                     493.6                        12.75
                     498.5                        12.84
                     503.4                        12.93
                     508.3                        13.01
                     513.1                        13.10
                     518.0                        13.19
                     522.9                        13.27
                     527.8                        13.36
                     532.6                        13.45
                     537.5                        13.53
                     542.4                        13.62
                     547.3                        13.71
                     552.1                        13.79
                     557.0                        13.88
                     561.9                        13.96
                     566.8                        14.05
                     571.6                        14.13
                     576.5                        14.22
                     581.4                        14.31
                     586.3                        14.39
                     591.1                        14.48
                     596.0                        14.56
                     600.9                        14.65
                     605.8                        14.73
                     610.6                        14.82
                     615.5                        14.90
                     620.4                        14.98
                     625.3                        15.07
                     630.1                        15.15
                     635.0                        15.24
                     639.9                        15.32
                     644.8                        15.41
                     649.6                        15.49
                     654.5                        15.57
                     659.4                        15.66
                     664.3                        15.74
                     669.1                        15.82
                     674.0                        15.91
                     678.9                        15.99
                     683.8                        16.07
                     688.6                        16.16
                     693.5                        16.24
                     698.4                        16.32
                     703.3                        16.41
                     708.1                        16.49
                     713.0                        16.57
                     717.9                        16.65
                     722.8                        16.74
                     727.6                        16.82
                     732.5                        16.90
                     737.4                        16.98
                     742.3                        17.07
                     747.1                        17.15
                     752.0                        17.23
                     756.9                        17.31
                     761.8                        17.39
                     766.6                        17.48
                     771.5                        17.56
                     776.4                        17.64
                     781.3                        17.72
                     786.1                        17.80
                     791.0                        17.88
                     795.9                        17.97
                     800.8                        18.05
                     805.6                        18.13
                     810.5                        18.21
                     815.4                        18.29
                     820.3                        18.37
                     825.1                        18.45
                     830.0                        18.53
                     834.9                        18.61
                     839.8                        18.69
                     844.6                        18.77
                     849.5                        18.86
                     854.4                        18.94
                     859.3                        19.02
                     864.1                        19.10
                     869.0                        19.18
                     873.9                        19.26
                     878.8                        19.34
                     883.6                        19.42
                     888.5                        19.50
                     893.4                        19.58
                     898.3                        19.66
                     903.1                        19.74
                     908.0                        19.82
                     912.9                        19.90
                     917.8                        19.98
                     922.6                        20.06
                     927.5                        20.13
                     932.4                        20.21
                     937.3                        20.29
                     942.1                        20.37
                     947.0                        20.45
                     951.9                        20.53
                     956.8                        20.61
                     961.6                        20.69
                     966.5                        20.77
                     971.4                        20.85
                     976.3                        20.93
                     981.1                        21.00
                     986.0                        21.08
                     990.9                        21.16
                     995.8                        21.24
                    1000.6                        21.32
                    1005.5                        21.40
                    1010.4                        21.48
                    1015.3                        21.55
                    1020.1                        21.63
                    1025.0                        21.71
                    1029.9                        21.79
                    1034.8                        21.87
                    1039.6                        21.94
                    1044.5                        22.02
                    1049.4                        22.10
                    1054.3                        22.18
                    1059.1                        22.26
                    1064.0                        22.33
                    1068.9                        22.41
                    1073.8                        22.49
                    1078.6                        22.57
                    1083.5                        22.64
                    1088.4                        22.72
                    1093.3                        22.80
                    1098.1                        22.88
                    1103.0                        22.95
                    1107.9                        23.03
                    1112.8                        23.11
                    1117.6                        23.19
                    1122.5                        23.26
                    1127.4                        23.34
                    1132.3                        23.42
                    1137.1                        23.49
                    1142.0                        23.57
                    1146.9                        23.65
                    1151.8                        23.72
                    1156.6                        23.80
                    1161.5                        23.88
                    1166.4                        23.96
                    1171.3                        24.03
                    1176.1                        24.11
                    1181.0                        24.18
                    1185.9                        24.26
                    1190.8                        24.34
                    1195.6                        24.41
                    1200.5                        24.49
                    1205.4                        24.57
                    1210.3                        24.64
                    1215.1                        24.72
                    1220.0                        24.80
                    1224.9                        24.87
                    1229.8                        24.95
                    1234.6                        25.02
                    1239.5                        25.10
                    1244.4                        25.18
                    1249.3                        25.25
                    1254.1                        25.33
                    1259.0                        25.40
                    1263.9                        25.48
                    1268.8                        25.55
                    1273.6                        25.63
                    1278.5                        25.71
                    1283.4                        25.78
                    1288.3                        25.86
                    1293.1                        25.93
                    1298.0                        26.01
                    1302.9                        26.08
                    1307.8                        26.16
                    1312.6                        26.23
                    1317.5                        26.31
                    1322.4                        26.38
                    1327.3                        26.46
                    1332.1                        26.53
                    1337.0                        26.61
                    1341.9                        26.68
                    1346.8                        26.76
                    1351.6                        26.83
                    1356.5                        26.91
                    1361.4                        26.98
                    1366.3                        27.06
                    1371.1                        27.13
                    1376.0                        27.21
                    1380.9                        27.28
                    1385.8                        27.36
                    1390.6                        27.43
                    1395.5                        27.51
                    1400.4                        27.58
                    1405.3                        27.66
                    1410.1                        27.73
                    1415.0                        27.81
                    1419.9                        27.88
                    1424.8                        27.95
                    1429.6                        28.03
                    1434.5                        28.10
                    1439.4                        28.18
                    1444.3                        28.25
                    1449.1                        28.33
                    1454.0                        28.40
                    1458.9                        28.47
                    1463.8                        28.55
                    1468.6                        28.62
                    1473.5                        28.70
                    1478.4                        28.77
                    1483.3                        28.84
                    1488.1                        28.92
                    1493.0                        28.99
                    1497.9                        29.07
                    1502.8                        29.14
                    1507.6                        29.21
                    1512.5                        29.29
                    1517.4                        29.36
                    1522.3                        29.43
                    1527.1                        29.51
                    1532.0                        29.58
                    1536.9                        29.65
                    1541.8                        29.73
                    1546.6                        29.80
                    1551.5                        29.87
                    1556.4                        29.95
                    1561.3                        30.02
                    1566.1                        30.09
                    1571.0                        30.17
                    1575.9                        30.24
                    1580.8                        30.31
                    1585.6                        30.39
                    1590.5                        30.46
                    1595.4                        30.53
                    1600.3                        30.61
                    1605.1                        30.68
                    1610.0                        30.75
                    1614.9                        30.83
                    1619.8                        30.90
                    1624.6                        30.97
                    1629.5                        31.04
                    1634.4                        31.12
                    1639.3                        31.19
                    1644.1                        31.26
                    1649.0                        31.34
                    1653.9                        31.41
                    1658.8                        31.48
                    1663.6                        31.55
                    1668.5                        31.63
                    1673.4                        31.70
                    1678.3                        31.77
                    1683.1                        31.84
                    1688.0                        31.92
                    1692.9                        31.99
                    1697.8                        32.06
                    1702.6                        32.13
                    1707.5                        32.21
                    1712.4                        32.28
                    1717.3                        32.35
                    1722.1                        32.42
                    1727.0                        32.50
                    1731.9                        32.57
                    1736.8                        32.64
                    1741.6                        32.71
                    1746.5                        32.78
                    1751.4                        32.86
                    1756.3                        32.93
                    1761.1                        33.00
                    1766.0                        33.07
                    1770.9                        33.14
                    1775.8                        33.22
                    1780.6                        33.29
                    1785.5                        33.36
                    1790.4                        33.43
                    1795.3                        33.50
                    1800.1                        33.58
                    1805.0                        33.65
                    1809.9                        33.72
                    1814.8                        33.79
                    1819.6                        33.86
                    1824.5                        33.93
                    1829.4                        34.01
                    1834.3                        34.08
                    1839.1                        34.15
                    1844.0                        34.22
                    1848.9                        34.29
                    1853.8                        34.36
                    1858.6                        34.44
                    1863.5                        34.51
                    1868.4                        34.58
                    1873.3                        34.65
                    1878.1                        34.72
                    1883.0                        34.79
                    1887.9                        34.86
                    1892.8                        34.93
                    1897.6                        35.01
                    1902.5                        35.08
                    1907.4                        35.15
                    1912.3                        35.22
                    1917.1                        35.29
                    1922.0                        35.36
                    1926.9                        35.43
                    1931.8                        35.50
                    1936.6                        35.57
                    1941.5                        35.65
                    1946.4                        35.72
                    1951.3                        35.79
                    1956.1                        35.86
                    1961.0                        35.93
                    1965.9                        36.00
                    1970.8                        36.07
                    1975.6                        36.14
                    1980.5                        36.21
                    1985.4                        36.28
                    1990.3                        36.35
                    1995.1                        36.42
                    2000.0                        36.50
