
ELEMENT:
                                      Pt

SOURCE:
                           Tanuma, Powell and Penn
                    Surface Interface Anal. 17 (1991) 911.
       IMFP values determined from optical data and a theoretical model
                                       

ATOMIC WEIGHT:               195.07800

DENSITY:                      21.5000 g/cm**3

TABULATION:

______________________________________________________________________________

                    Energy                         IMFP
                      eV                        Angstroms
______________________________________________________________________________
                      50.0                         5.01
                      54.9                         4.78
                      59.8                         4.59
                      64.6                         4.45
                      69.5                         4.34
                      74.4                         4.26
                      79.3                         4.21
                      84.1                         4.18
                      89.0                         4.16
                      93.9                         4.15
                      98.8                         4.15
                     103.6                         4.16
                     108.5                         4.18
                     113.4                         4.20
                     118.3                         4.23
                     123.1                         4.26
                     128.0                         4.29
                     132.9                         4.33
                     137.8                         4.36
                     142.6                         4.40
                     147.5                         4.45
                     152.4                         4.49
                     157.3                         4.53
                     162.1                         4.58
                     167.0                         4.63
                     171.9                         4.67
                     176.8                         4.72
                     181.6                         4.77
                     186.5                         4.82
                     191.4                         4.87
                     196.3                         4.92
                     201.1                         4.97
                     206.0                         5.02
                     210.9                         5.08
                     215.8                         5.13
                     220.6                         5.18
                     225.5                         5.23
                     230.4                         5.28
                     235.3                         5.34
                     240.1                         5.39
                     245.0                         5.44
                     249.9                         5.49
                     254.8                         5.55
                     259.6                         5.60
                     264.5                         5.65
                     269.4                         5.70
                     274.3                         5.76
                     279.1                         5.81
                     284.0                         5.86
                     288.9                         5.92
                     293.8                         5.97
                     298.6                         6.02
                     303.5                         6.07
                     308.4                         6.13
                     313.3                         6.18
                     318.1                         6.23
                     323.0                         6.29
                     327.9                         6.34
                     332.8                         6.39
                     337.6                         6.44
                     342.5                         6.50
                     347.4                         6.55
                     352.3                         6.60
                     357.1                         6.65
                     362.0                         6.71
                     366.9                         6.76
                     371.8                         6.81
                     376.6                         6.86
                     381.5                         6.92
                     386.4                         6.97
                     391.3                         7.02
                     396.1                         7.07
                     401.0                         7.12
                     405.9                         7.18
                     410.8                         7.23
                     415.6                         7.28
                     420.5                         7.33
                     425.4                         7.38
                     430.3                         7.43
                     435.1                         7.49
                     440.0                         7.54
                     444.9                         7.59
                     449.8                         7.64
                     454.6                         7.69
                     459.5                         7.74
                     464.4                         7.79
                     469.3                         7.84
                     474.1                         7.90
                     479.0                         7.95
                     483.9                         8.00
                     488.8                         8.05
                     493.6                         8.10
                     498.5                         8.15
                     503.4                         8.20
                     508.3                         8.25
                     513.1                         8.30
                     518.0                         8.35
                     522.9                         8.40
                     527.8                         8.45
                     532.6                         8.50
                     537.5                         8.55
                     542.4                         8.60
                     547.3                         8.65
                     552.1                         8.70
                     557.0                         8.75
                     561.9                         8.80
                     566.8                         8.85
                     571.6                         8.90
                     576.5                         8.95
                     581.4                         9.00
                     586.3                         9.05
                     591.1                         9.10
                     596.0                         9.15
                     600.9                         9.20
                     605.8                         9.25
                     610.6                         9.30
                     615.5                         9.35
                     620.4                         9.39
                     625.3                         9.44
                     630.1                         9.49
                     635.0                         9.54
                     639.9                         9.59
                     644.8                         9.64
                     649.6                         9.69
                     654.5                         9.74
                     659.4                         9.79
                     664.3                         9.83
                     669.1                         9.88
                     674.0                         9.93
                     678.9                         9.98
                     683.8                        10.03
                     688.6                        10.08
                     693.5                        10.12
                     698.4                        10.17
                     703.3                        10.22
                     708.1                        10.27
                     713.0                        10.32
                     717.9                        10.37
                     722.8                        10.41
                     727.6                        10.46
                     732.5                        10.51
                     737.4                        10.56
                     742.3                        10.60
                     747.1                        10.65
                     752.0                        10.70
                     756.9                        10.75
                     761.8                        10.80
                     766.6                        10.84
                     771.5                        10.89
                     776.4                        10.94
                     781.3                        10.99
                     786.1                        11.03
                     791.0                        11.08
                     795.9                        11.13
                     800.8                        11.17
                     805.6                        11.22
                     810.5                        11.27
                     815.4                        11.32
                     820.3                        11.36
                     825.1                        11.41
                     830.0                        11.46
                     834.9                        11.50
                     839.8                        11.55
                     844.6                        11.60
                     849.5                        11.64
                     854.4                        11.69
                     859.3                        11.74
                     864.1                        11.78
                     869.0                        11.83
                     873.9                        11.88
                     878.8                        11.92
                     883.6                        11.97
                     888.5                        12.02
                     893.4                        12.06
                     898.3                        12.11
                     903.1                        12.16
                     908.0                        12.20
                     912.9                        12.25
                     917.8                        12.30
                     922.6                        12.34
                     927.5                        12.39
                     932.4                        12.43
                     937.3                        12.48
                     942.1                        12.53
                     947.0                        12.57
                     951.9                        12.62
                     956.8                        12.66
                     961.6                        12.71
                     966.5                        12.76
                     971.4                        12.80
                     976.3                        12.85
                     981.1                        12.89
                     986.0                        12.94
                     990.9                        12.98
                     995.8                        13.03
                    1000.6                        13.08
                    1005.5                        13.12
                    1010.4                        13.17
                    1015.3                        13.21
                    1020.1                        13.26
                    1025.0                        13.30
                    1029.9                        13.35
                    1034.8                        13.39
                    1039.6                        13.44
                    1044.5                        13.48
                    1049.4                        13.53
                    1054.3                        13.57
                    1059.1                        13.62
                    1064.0                        13.66
                    1068.9                        13.71
                    1073.8                        13.75
                    1078.6                        13.80
                    1083.5                        13.84
                    1088.4                        13.89
                    1093.3                        13.93
                    1098.1                        13.98
                    1103.0                        14.02
                    1107.9                        14.07
                    1112.8                        14.11
                    1117.6                        14.16
                    1122.5                        14.20
                    1127.4                        14.25
                    1132.3                        14.29
                    1137.1                        14.34
                    1142.0                        14.38
                    1146.9                        14.43
                    1151.8                        14.47
                    1156.6                        14.52
                    1161.5                        14.56
                    1166.4                        14.60
                    1171.3                        14.65
                    1176.1                        14.69
                    1181.0                        14.74
                    1185.9                        14.78
                    1190.8                        14.83
                    1195.6                        14.87
                    1200.5                        14.92
                    1205.4                        14.96
                    1210.3                        15.00
                    1215.1                        15.05
                    1220.0                        15.09
                    1224.9                        15.14
                    1229.8                        15.18
                    1234.6                        15.22
                    1239.5                        15.27
                    1244.4                        15.31
                    1249.3                        15.36
                    1254.1                        15.40
                    1259.0                        15.44
                    1263.9                        15.49
                    1268.8                        15.53
                    1273.6                        15.58
                    1278.5                        15.62
                    1283.4                        15.66
                    1288.3                        15.71
                    1293.1                        15.75
                    1298.0                        15.79
                    1302.9                        15.84
                    1307.8                        15.88
                    1312.6                        15.93
                    1317.5                        15.97
                    1322.4                        16.01
                    1327.3                        16.06
                    1332.1                        16.10
                    1337.0                        16.14
                    1341.9                        16.19
                    1346.8                        16.23
                    1351.6                        16.27
                    1356.5                        16.32
                    1361.4                        16.36
                    1366.3                        16.40
                    1371.1                        16.45
                    1376.0                        16.49
                    1380.9                        16.53
                    1385.8                        16.58
                    1390.6                        16.62
                    1395.5                        16.66
                    1400.4                        16.71
                    1405.3                        16.75
                    1410.1                        16.79
                    1415.0                        16.84
                    1419.9                        16.88
                    1424.8                        16.92
                    1429.6                        16.96
                    1434.5                        17.01
                    1439.4                        17.05
                    1444.3                        17.09
                    1449.1                        17.14
                    1454.0                        17.18
                    1458.9                        17.22
                    1463.8                        17.27
                    1468.6                        17.31
                    1473.5                        17.35
                    1478.4                        17.39
                    1483.3                        17.44
                    1488.1                        17.48
                    1493.0                        17.52
                    1497.9                        17.56
                    1502.8                        17.61
                    1507.6                        17.65
                    1512.5                        17.69
                    1517.4                        17.74
                    1522.3                        17.78
                    1527.1                        17.82
                    1532.0                        17.86
                    1536.9                        17.91
                    1541.8                        17.95
                    1546.6                        17.99
                    1551.5                        18.03
                    1556.4                        18.08
                    1561.3                        18.12
                    1566.1                        18.16
                    1571.0                        18.20
                    1575.9                        18.24
                    1580.8                        18.29
                    1585.6                        18.33
                    1590.5                        18.37
                    1595.4                        18.41
                    1600.3                        18.46
                    1605.1                        18.50
                    1610.0                        18.54
                    1614.9                        18.58
                    1619.8                        18.63
                    1624.6                        18.67
                    1629.5                        18.71
                    1634.4                        18.75
                    1639.3                        18.79
                    1644.1                        18.84
                    1649.0                        18.88
                    1653.9                        18.92
                    1658.8                        18.96
                    1663.6                        19.00
                    1668.5                        19.05
                    1673.4                        19.09
                    1678.3                        19.13
                    1683.1                        19.17
                    1688.0                        19.21
                    1692.9                        19.26
                    1697.8                        19.30
                    1702.6                        19.34
                    1707.5                        19.38
                    1712.4                        19.42
                    1717.3                        19.46
                    1722.1                        19.51
                    1727.0                        19.55
                    1731.9                        19.59
                    1736.8                        19.63
                    1741.6                        19.67
                    1746.5                        19.71
                    1751.4                        19.76
                    1756.3                        19.80
                    1761.1                        19.84
                    1766.0                        19.88
                    1770.9                        19.92
                    1775.8                        19.96
                    1780.6                        20.01
                    1785.5                        20.05
                    1790.4                        20.09
                    1795.3                        20.13
                    1800.1                        20.17
                    1805.0                        20.21
                    1809.9                        20.25
                    1814.8                        20.30
                    1819.6                        20.34
                    1824.5                        20.38
                    1829.4                        20.42
                    1834.3                        20.46
                    1839.1                        20.50
                    1844.0                        20.54
                    1848.9                        20.59
                    1853.8                        20.63
                    1858.6                        20.67
                    1863.5                        20.71
                    1868.4                        20.75
                    1873.3                        20.79
                    1878.1                        20.83
                    1883.0                        20.87
                    1887.9                        20.92
                    1892.8                        20.96
                    1897.6                        21.00
                    1902.5                        21.04
                    1907.4                        21.08
                    1912.3                        21.12
                    1917.1                        21.16
                    1922.0                        21.20
                    1926.9                        21.24
                    1931.8                        21.28
                    1936.6                        21.33
                    1941.5                        21.37
                    1946.4                        21.41
                    1951.3                        21.45
                    1956.1                        21.49
                    1961.0                        21.53
                    1965.9                        21.57
                    1970.8                        21.61
                    1975.6                        21.65
                    1980.5                        21.69
                    1985.4                        21.73
                    1990.3                        21.78
                    1995.1                        21.82
                    2000.0                        21.86
